114
145
363
277
335
253
558
586
362
278
250
281
530
708
559
199
769
477
142
255
305
767
143
621
505
640
86
766
712
739
744
588
709
670
307
707
747
361
138
745
743
222
749
216
334
765
71
256
531
770
42
594
69
252
115
585
404
197
228
613
249
622
146
171
279
587
81
775
616
724
746
390
764
557
117
246
685
333
349
280
276
194
678
376
676
532
502
687
719
227
617
693
695
96
748
421
609
516
310
777
661
125
633
641
449
649
364
254
144
663
217
178
696
179
760
187
215
80
659
251
225
762
259
155
381
122
389
306
668
737
660
692
624
662
736
487
237
127
706
408
109
70
43
182
118
579
628
720
683
120
243
308
332
771
620
169
311
126
684
515
584
260
612
582
623
274
634
219
741
123
162
366
507
779
772
234
367
231
236
188
738
463
608
242
630
189
82
339
177
283
636
235
26
603
763
651
682
667
631
152
432
27
16
340
384
55
480
286
244
153
576
768
506
181
4
157
627
206
479
210
600
607
713
666
124
377
735
24
504
319
717
686
304
180
313
602
208
331
656
742
632
261
639
450
574
715
258
568
758
599
248
753
601
681
710
700
320
761
297
488
275
635
650
691
525
689
393
164
21
672
665
721
326
652
12
518
448
245
590
2
200
230
30
131
133
597
657
29
750
722
598
645
170
83
293
714
671
205
718
130
141
341
730
174
154
723
147
778
673
10
782
303
535
353
595
28
112
8
270
57
701
680
312
202
273
569
577
606
679
129
161
560
754
589
705
759
290
128
460
372
84
781
658
664
698
513
638
302
3
229
752
653
711
247
757
729
53
604
282
476
474
0
542
271
727
690
158
593
596
20
379
514
541
625
644
156
207
190
288
31
52
436
751
272
618
491
159
336
539
301
226
99
72
113
324
262
433
755
183
780
566
7
218
458
642
352
540
176
783
626
132
544
298
9
98
725
299
136
519
716
263
121
343
325
25
285
348
232
85
111
23
431
575
17
56
524
75
551
100
149
702
380
74
605
517
413
196
19
94
168
373
264
490
704
571
22
315
675
731
580
163
522
1
284
543
287
573
552
756
93
629
233
440
578
475
345
464
160
54
5
447
435
76
328
101
385
151
354
134
97
426
547
32
209
214
773
489
289
567
462
728
95
405
337
13
733
572
203
452
703
119
342
321
583
523
592
694
116
291
615
459
400
394
36
173
6
317
550
646
204
268
140
104
44
422
327
241
655
546
548
503
495
648
11
581
486
654
674
699
14
238
529
442
610
407
740
346
295
637
391
563
457
382
534
556
526
33
221
371
78
239
409
314
467
15
18
330
309
512
468
461
554
619
406
191
175
555
669
412
688
292
344
240
430
410
570
411
545
453
77
192
347
484
549
257
58
497
726
211
538
269
265
108
338
395
499
316
166
318
137
677
392
370
776
437
536
396
193
420
37
533
401
774
438
492
103
110
510
223
90
102
88
107
369
105
383
493
62
