210
188
134
238
183
185
577
491
242
575
352
673
209
756
290
196
314
316
14
683
9
693
713
458
501
156
258
211
759
265
325
248
561
547
494
261
460
288
546
452
690
710
714
517
116
177
418
514
516
459
300
604
609
21
433
356
457
31
187
57
630
328
155
53
84
549
55
438
189
448
343
500
319
323
235
521
341
612
439
715
513
688
672
292
371
318
632
772
344
658
262
26
148
411
151
644
7
329
360
330
8
515
548
602
158
704
28
677
720
291
285
661
755
359
289
264
512
0
776
727
373
269
339
20
730
522
706
353
2
751
486
56
287
480
380
554
186
711
154
317
560
10
232
378
298
342
354
215
206
157
686
487
381
626
525
440
579
576
372
257
700
461
176
466
4
82
777
574
519
780
754
85
551
320
488
207
283
6
782
651
208
326
27
689
336
434
308
350
152
616
168
489
315
703
542
584
410
401
627
346
282
652
181
263
234
407
492
383
657
623
286
217
427
493
179
475
778
213
640
586
679
737
212
685
310
198
436
736
399
684
701
280
149
303
390
593
721
367
178
633
81
171
241
735
738
268
216
624
408
296
462
409
455
227
355
327
745
366
485
340
740
532
139
400
678
625
80
541
597
520
666
304
667
463
707
588
464
653
526
654
676
252
214
465
502
276
656
295
717
749
146
716
435
598
718
742
437
153
199
180
708
120
763
712
456
428
322
655
321
587
558
299
279
768
504
622
121
639
748
594
240
331
484
746
767
741
239
86
544
744
394
312
255
361
709
722
145
573
771
114
533
42
775
750
530
332
582
762
277
649
739
250
39
123
650
773
669
225
743
641
613
363
752
256
583
668
309
621
307
115
765
503
253
267
278
719
40
293
266
770
585
294
281
747
138
362
764
766
43
94
93
44
197
335
79
92
306
96
769
696
724
334
