590
474
197
670
446
362
618
96
646
171
283
647
477
676
449
696
473
418
390
675
505
311
472
306
114
705
115
143
531
169
44
450
557
589
563
89
708
648
447
334
335
92
421
221
529
95
591
305
678
137
535
363
706
702
256
118
566
726
391
80
117
43
564
170
282
707
81
471
130
72
109
91
165
144
444
94
556
74
712
251
744
333
451
614
724
710
222
779
668
388
507
475
698
651
289
693
177
138
669
123
193
425
361
709
583
704
443
506
279
199
558
145
689
460
610
619
525
98
569
741
125
470
97
228
502
559
127
86
174
528
567
119
90
255
113
99
713
679
568
745
748
124
650
249
747
156
254
201
307
697
441
243
565
682
108
653
478
743
162
733
592
467
176
611
424
142
495
93
100
393
172
536
711
767
389
439
681
126
400
753
469
677
173
76
399
499
346
717
186
318
274
396
718
746
749
497
202
223
498
654
728
448
120
440
642
194
192
452
56
719
348
259
104
571
128
122
415
14
537
674
649
198
714
16
553
354
581
738
509
416
310
442
290
216
272
570
673
652
617
766
554
466
538
350
158
71
204
671
42
582
379
73
634
414
150
503
1
438
231
237
300
551
639
211
636
246
131
25
782
526
716
230
147
463
465
226
121
680
501
630
594
765
758
401
270
742
149
302
596
730
200
595
163
299
410
22
351
552
238
577
573
468
436
266
604
757
715
236
82
242
701
55
160
244
298
148
102
661
720
151
284
663
777
257
206
600
754
65
349
324
30
31
262
783
240
700
464
624
84
491
660
479
510
768
508
141
188
203
4
435
492
190
323
134
159
667
353
605
683
625
597
656
367
548
26
588
623
599
225
327
180
79
413
382
601
461
426
429
326
740
527
312
576
645
662
458
608
524
688
778
381
431
15
760
412
301
402
233
154
687
629
75
29
235
85
409
407
380
155
322
739
628
575
606
18
562
375
7
631
295
11
457
574
374
325
213
547
205
603
598
140
494
759
337
519
0
24
6
635
555
52
549
632
620
633
101
267
685
627
258
352
686
339
260
419
561
781
405
54
729
560
731
672
579
602
638
658
5
168
546
735
321
207
737
250
476
264
761
277
385
17
20
347
28
129
9
373
57
217
278
320
220
23
32
459
146
422
384
616
227
164
294
411
338
437
273
772
112
3
522
27
136
408
280
319
771
423
398
496
345
191
383
293
775
45
532
372
344
370
219
343
397
769
116
723
253
37
12
585
371
247
287
133
248
366
