590
474
670
362
171
96
618
143
390
449
418
696
531
115
557
558
311
169
335
450
363
361
589
89
305
744
334
421
559
44
117
81
447
256
675
707
145
221
473
222
712
118
80
144
529
142
745
702
199
648
333
170
95
72
507
391
535
228
566
109
456
92
74
693
43
289
282
485
249
389
130
317
502
86
255
475
668
556
726
724
455
91
94
307
451
125
506
123
583
127
743
698
71
315
250
254
779
767
427
279
713
651
746
738
564
124
278
471
685
749
287
766
126
156
162
174
177
194
181
610
388
607
371
268
525
120
486
113
178
98
733
682
90
568
662
653
193
569
210
76
184
288
580
669
316
567
97
93
119
655
165
448
619
588
484
274
686
528
617
594
679
663
122
179
267
711
717
151
128
739
714
681
344
654
753
277
683
611
650
737
343
719
718
639
403
496
667
246
636
202
428
479
393
201
697
430
310
209
42
372
765
16
108
649
582
200
684
212
345
147
503
296
223
374
70
452
459
478
642
237
183
728
402
429
652
742
155
375
657
104
704
680
318
695
208
152
355
65
581
673
492
226
586
621
198
425
444
647
715
56
464
437
322
236
671
570
153
623
302
225
595
777
14
100
758
614
353
470
616
720
241
494
182
768
290
239
396
342
521
192
82
554
230
383
131
462
760
295
716
536
443
730
499
571
440
232
624
782
25
757
493
373
635
55
172
163
700
656
253
121
620
146
238
441
141
424
379
73
605
370
30
235
26
173
398
622
245
401
4
1
158
538
457
301
627
573
552
442
367
314
553
584
783
579
701
677
75
771
509
411
467
674
596
498
205
180
266
480
752
257
31
740
339
382
258
22
551
321
555
213
24
229
84
438
497
658
262
641
214
530
575
384
548
754
409
469
347
29
463
426
207
609
227
233
645
271
539
439
638
524
565
8
672
148
602
324
187
603
215
251
234
303
154
349
601
356
69
149
547
606
294
526
759
203
206
284
190
376
286
189
52
275
312
537
510
634
195
348
775
625
772
150
630
465
597
458
574
431
608
323
134
778
327
211
300
260
519
661
413
101
280
731
560
328
408
273
7
476
0
351
85
664
626
508
54
781
692
491
217
240
600
550
57
17
5
736
10
160
412
164
466
599
28
532
399
761
352
102
129
631
15
20
79
520
23
522
18
218
632
688
729
689
576
185
346
53
541
2
269
385
27
598
613
364
159
326
112
380
501
687
264
540
407
415
19
6
338
527
545
21
577
419
330
168
83
432
468
140
132
297
3
629
381
320
414
261
9
660
633
727
436
410
244
637
157
11
204
175
644
454
495
628
319
340
325
546
272
337
188
433
32
136
298
33
270
769
604
487
489
734
562
219
549
735
67
405
331
435
161
400
64
186
404
231
111
780
422
354
572
176
293
764
417
220
191
306
592
299
523
252
490
665
755
542
578
640
329
265
756
585
453
196
694
699
242
488
58
434
691
770
659
615
12
723
61
776
612
416
690
366
666
263
37
51
587
377
504
543
216
378
593
285
259
518
500
511
482
99
247
248
116
461
332
460
561
243
133
643
423
68
732
483
481
445
406
534
747
721
45
224
750
292
395
36
763
365
341
60
87
291
308
304
748
741
762
397
77
13
336
544
166
369
78
350
722
751
103
358
59
368
517
357
139
710
313
360
137
281
709
773
110
34
49
392
387
678
512
105
88
283
50
591
708
533
386
309
138
725
106
472
276
563
38
706
66
774
39
167
40
41
420
35
359
514
62
47
513
48
516
63
46
705
515
676
394
107
646
505
135
477
446
114
703
197
