15
21
30
35
39
40
51
59
68
76
82
90
103
112
124
130
131
132
135
149
150
154
156
182
193
196
204
210
212
237
244
246
248
254
257
264
272
273
284
285
296
302
333
334
340
345
368
369
370
380
383
400
405
406
410
436
437
440
444
445
448
477
478
479
490
499
500
502
508
514
522
524
527
547
553
559
579
595
597
598
605
606
620
631
632
633
634
642
643
655
656
660
664
676
700
726
729
735
752
755
768
790
833
851
855
867
868
878
890
891
899
924
929
930
934
946
955
956
977
981
984
985
986
987
992
995
1028
1030
1041
1054
1075
1083
1096
1099
1110
1112
1117
1132
1133
1136
1139
1148
1166
1190
1191
1192
1203
1205
1206
1207
1208
1210
1213
1217
1219
1220
1221
1232
1244
1249
1251
1252
1253
1267
1268
1272
1277
1285
1293
1294
1299
1304
1330
1333
1341
1350
1352
1356
1358
1361
1362
1364
1369
1370
1387
1393
1401
1402
1411
1425
1429
1432
1438
1441
1442
1447
1450
1465
1477
1480
1492
1497
1499
1508
1509
1514
1527
1533
1541
1554
1577
1581
1582
1584
1599
1601
1635
1641
1642
1650
1664
1665
1675
1695
1701
1710
1716
1729
1737
1747
1757
1763
1776
1788
1796
1801
1812
1819
1851
1853
1859
1860
1885
1897
1933
1939
1946
1954
1962
1963
1964
1965
1979
1983
1984
1994
1999
2012
2030
2084
2105
2109
2129
2132
2146
2148
2163
2175
2192
2196
2201
2217
2223
2231
2237
2239
2259
2262
2264
2279
2283
2286
2292
2296
2303
2328
2337
2339
2343
2345
2359
2360
2361
2363
2378
2385
2399
2404
2408
2412
2415
2420
2424
2425
2439
2456
2464
2468
2477
2482
2487
2493
2494
2504
2517
2521
2536
2539
2546
2550
2552
2553
2579
2590
2594
2617
2623
2631
2638
2642
2646
2653
2659
2663
2679
2682
2692
2706
2721
2730
2735
2742
2743
2747
2748
2778
2779
2782
2786
2790
2793
2797
2800
2816
2822
2829
2838
2846
2847
2862
2866
2870
2874
2885
2907
2919
2924
2953
2959
2983
2984
2995
2999
3005
3015
3017
3023
3024
3030
3050
3051
3052
3056
3064
3074
3077
3088
3095
3106
3107
3110
3115
3123
3154
3159
3175
3181
3182
3218
3222
3223
3243
3248
3253
3257
3262
3280
3281
3296
3317
3324
3327
3328
3332
3336
3337
3339
3341
3393
3411
3414
3416
3429
3434
3442
3448
3472
3488
3490
3501
3503
3520
3526
3532
3537
3542
3547
3554
3558
3568
3569
3575
3579
3588
3589
3592
3595
3599
3604
3609
3629
3631
3637
3652
3661
3674
3707
3720
3736
3742
3750
3757
3758
3763
3764
3766
3771
3774
3775
3782
3793
3806
3813
3820
3828
3831
3844
3871
3874
3891
3892
3903
3906
3951
3977
3993
4012
4015
4028
4034
4042
4043
4047
4051
4056
4057
4060
4066
4084
4090
4099
4106
4118
4122
4126
4133
4161
4168
4184
4185
4190
4214
4224
4237
4240
4241
4258
4261
4277
4284
4290
4316
4317
4323
4329
4340
4341
4342
4351
4357
4394
4398
4400
4409
4415
4438
4443
4447
4458
4461
4488
4493
4495
4498
4506
4515
4517
4523
4531
4535
4549
4550
4572
4589
4605
4616
4641
4645
4650
4651
4658
4661
4663
4667
4673
4683
4684
4685
4687
4702
4714
4719
4720
4733
4736
4739
4753
4757
4760
4779
4783
4786
4806
4812
4820
4822
4828
4830
4840
4842
4844
4853
4857
4858
4866
4889
4894
4899
4909
4917
4920
4957
4971
4980
4985
4987
5010
5020
5024
5025
5029
5036
5065
5091
5098
5126
5139
5140
5144
5146
5150
5156
5160
5164
5167
5179
5187
5195
5201
5202
5206
5232
5247
5250
5252
5263
5265
5276
5282
5292
5309
5314
5320
5324
5325
5328
5331
5336
5348
5367
5372
5393
5396
5415
5432
5434
5437
5444
5447
5455
5483
5490
5496
5502
5505
5507
5520
5522
5527
5528
5543
5544
5550
5558
5597
5607
5610
5625
5634
5641
5659
5676
5690
5692
5696
5702
5734
5741
5746
5751
5765
5769
5771
5778
5793
5797
5813
5824
5838
5841
5846
5850
5881
5889
5904
5911
5916
5933
5939
5947
5949
5952
5953
5968
5969
5978
5993
5996
6008
6034
6035
6037
6049
6052
6065
6069
6074
6076
6078
6086
6088
6100
6121
6124
6138
6165
6174
6180
6182
6185
6205
6211
6217
6224
6235
6237
6249
6252
6253
6257
6264
6271
6277
6285
6290
6298
6305
6309
6310
6317
6323
6325
6329
6338
6342
6343
6367
6371
6375
6400
6404
6429
6435
6438
6444
6446
6462
6475
