-0.023720741
-0.124007225
0.040748596
0.08393955
0.014595032
0.031467438
0.113474846
0.039470673
-0.03294182
0.06984234
0.13179493
0.13473892
0.12790489
0.35654163
-0.19103622
0.06879139
-0.20844364
0.09588623
0.027032852
0.05743122
0.09420204
0.105451584
-0.1088047
-0.023222923
-0.0257864
-0.046535492
0.027950287
0.08712959
0.012257576
-0.030978203
-0.032725334
-0.03071785
0.15165234
0.06645298
0.34437752
0.67177486
0.27373123
0.15568542
0.35220814
0.7328243
0.69524574
0.46690464
-0.44077873
-0.8109312
-0.74848366
0.17927551
0.49465942
0.5800934
0.87745285
0.62468433
0.4580164
0.027511597
-0.04492855
0.11864853
-0.029610634
-0.050764084
-0.12895298
-0.021902084
0.13739777
0.5392895
0.2635765
0.05049038
0.6114998
0.7820568
0.16318703
0.3734312
1.2266445
0.71241283
0.8711386
0.3546276
-0.07799053
-0.3217001
-0.63667965
-0.15310574
-0.42459488
-0.17710876
-0.27648258
0.56444836
0.46191692
-0.026071548
-0.39755344
-0.26560974
-0.1475172
0.0760622
-0.02427578
0.03970623
-0.34707546
0.2527151
0.40531254
-0.61732197
-0.2126751
-0.48415184
-0.46912193
0.02660942
-0.41640663
-0.55379105
-1.1593733
-0.30785847
-0.32366943
-0.22866821
-0.16418266
0.13637066
-0.103405
0.5244837
-0.081905365
0.57853794
0.5358677
0.93036747
-0.36756802
-0.5193968
0.33794975
0.18942547
0.008187294
-0.34140778
-0.96485996
-0.7136164
0.16229153
-0.47179604
-0.5440407
-0.39433098
-0.2626629
-0.1090374
-0.40171814
-0.48764992
-0.38850307
-0.5109968
-0.28025436
-0.46569443
-0.20370865
-0.025304794
-0.62292004
-0.08042812
0.12599754
0.34198952
0.08214283
1.3254404
0.06415844
-0.45523834
-0.50232697
0.3960123
0.11972904
-0.07265568
-0.46863747
-1.0064411
-0.52072906
-0.30570316
0.21655178
-0.08558655
0.028819084
-0.024380684
-0.18567085
-0.4570942
-0.3309641
-0.17062187
-0.11137867
-0.23547935
-0.44458008
-0.15115356
-0.3490677
-0.31057167
-0.2936077
0.06320858
-0.44641876
-0.3545189
-0.27411938
-0.7204666
0.25602627
0.5217962
0.11746216
-0.76463413
-0.21856022
-0.9643183
-0.2628441
-0.051356316
-0.08485794
0.24027157
-0.10483551
-0.41709614
-0.27399063
-0.20271301
-0.039502144
-0.51617146
-0.17254353
-0.23366356
-0.32800198
0.018316269
-0.44958115
-0.1496296
-0.2921543
-0.091537476
-0.08178997
-0.14393044
-0.43024445
-0.82276917
-0.4401741
-0.10820007
0.22039509
-1.2730808
0.5894003
-0.08083248
0.1553812
-0.11761856
0.00058078766
-0.07236385
0.0027484894
0.20027351
0.040157318
-0.06636143
-0.11743832
-0.16696167
-0.40791988
-0.018798828
-0.23009682
-0.028802872
0.026929855
-0.08941364
-0.24653149
-0.17808533
-0.050793648
-0.027891159
-0.3098793
-1.1436825
-0.7828913
-0.39468288
0.16540337
0.34686565
0.17015362
-0.05711651
0.111701965
-0.16197395
0.026634216
-0.02282238
-0.21680641
0.033366203
0.07320976
0.05253601
0.058120728
0.08646488
0.011431694
-0.005212784
0.093896866
-0.16477966
-0.20060635
-0.3593893
-0.17040825
0.028570175
-0.18201923
0.09328842
-0.4270382
-1.2465353
-0.49445915
-0.89398956
0.6485996
0.750123
0.104696274
0.32183838
0.22280407
-0.07876015
0.010792732
-0.09978199
-0.008443832
-0.02465725
0.08076191
0.0744915
-0.036280632
-0.049873352
-0.24127102
-0.07018185
0.11029625
-0.006211281
-0.08483791
0.06142807
-0.12879181
0.07963848
-0.3313713
-0.23727322
0.07862854
-0.5850401
-0.23286724
-0.12708282
0.33303547
1.4219551
-0.18817043
1.0500517
-0.0061330795
0.60775185
0.19400501
0.511796
0.36143398
0.58523273
0.4039936
0.40222263
0.3078127
0.38454914
0.33352757
0.12856388
-0.0018672943
-0.011129379
0.013319969
-0.029582024
0.014559746
0.11971569
-0.031947136
-0.02701664
0.22193813
-1.1291838
-0.81737614
-0.016048431
0.79628086
1.1378689
-0.025016785
-0.7815256
0.26576233
0.94078064
0.22162056
0.50321007
0.31666183
0.63201046
0.48267746
0.15555382
-0.072613716
-0.044204712
0.004196167
-0.07010269
0.06065178
-0.010076523
-0.023228645
-0.009082794
0.041963577
0.47721958
0.4797716
0.34609604
0.27375317
-0.6967497
-0.83535767
-0.5189152
0.7143154
0.21431732
0.43314934
0.080737114
0.48381233
0.69253254
0.41484356
0.098109245
0.14427471
0.008729935
-0.44710255
-0.18041897
-0.35151672
-0.30325508
-0.14271927
-0.048799515
-0.061309814
-0.1729641
0.14157963
-0.19874954
-0.06560612
0.25696945
0.81376266
0.9224386
0.6318407
-0.29939175
-1.204998
-0.49932098
0.013929367
0.238101
0.7218847
0.101662636
0.59579945
0.39165974
0.04048729
0.017508507
-0.022974968
-0.10638142
-0.067009926
-0.06305504
-0.32213306
-0.40417767
-0.0034074783
0.005988121
0.009321213
0.014268875
-0.07550144
0.043623924
-0.055075645
-0.00040340424
0.6185875
0.62301826
-0.23480034
0.03894806
-0.41426373
-0.21140766
0.37486553
-0.33859348
1.5581532
0.53714466
-0.5104208
0.16565037
-0.10294533
-0.44194221
-0.44481087
-0.21655846
-0.02546215
0.09317398
-0.29052544
-0.2312336
-0.4450426
0.04763794
0.059448242
0.008823395
-0.00033569336
0.3382349
0.086001396
0.07527542
0.067754745
0.13075256
0.030828476
0.434309
-0.40536594
0.5014744
0.69036007
-0.596591
-0.17918587
0.17516804
-0.20949268
-0.35810852
-0.17874432
0.25026226
-0.057541847
-0.15229893
0.14727592
-0.057704926
-0.28621197
-0.21446991
-0.31760693
-0.17903423
0.06865978
-0.13787651
-0.012521744
-0.0717659
0.0017910004
-0.07190609
0.09644985
-0.2078085
-0.23987484
-0.007331848
-0.87815666
-0.40547276
-0.0031614304
-1.1187563
-0.93642235
-0.36770248
0.04783821
0.30900955
0.43013954
0.6461134
0.67176247
0.04281044
-0.09617996
0.016026497
-0.513937
-0.37070084
-0.35241032
0.023245811
0.18681431
-0.06281662
0.10498047
0.060832977
0.12259102
-0.006752014
-0.15697289
-0.51246166
-0.7680168
-1.0936098
-1.2455778
-0.017032623
-0.015208244
-1.068346
-0.37881184
0.11738682
0.22830677
0.54649067
0.43028355
0.4726448
0.90530586
1.0362358
1.1165581
0.5183029
0.34736252
0.2889223
0.2816534
-0.051700592
0.11342907
0.0061006546
-0.045905113
0.11956692
-0.10439682
-0.035565376
0.080732346
-0.24313259
0.42271137
0.210989
0.13166142
0.50874233
0.7856226
-0.9502554
-0.29927254
-0.5145397
0.03435421
-0.07646847
-0.08132458
0.37122726
1.0155134
1.3920889
1.3566942
1.6250801
1.5266495
0.9898205
0.5032158
0.089571
-0.25152683
0.09060383
-0.02055931
0.26789474
-0.04536152
0.25307083
0.095664024
0.10435867
-0.33035183
-0.5063572
0.86868
-0.6378689
0.13188076
1.25488
0.41959095
-0.6992388
-0.2880249
-0.08664799
-0.23405361
0.030898094
0.18320656
0.39952374
0.33943748
0.54059887
0.95974255
0.33901596
0.11447716
0.01177597
0.007792473
0.22459507
0.17844582
-0.14964867
0.22489929
0.09902763
-0.2203598
-0.043325424
-0.63743687
-0.75094223
-0.18744087
-0.41024017
0.10459328
0.13723469
-0.0010852814
-0.8071699
-0.6058407
-0.21145725
-0.62425804
-0.34755516
-0.27235413
-0.4285288
-0.118242264
-0.08245468
0.19579697
-0.019320488
-0.0033216476
0.12059307
0.25648594
0.27884293
0.54408455
0.17059898
-0.01653862
-0.29173946
-0.41386795
-0.5671892
-0.10654259
0.27191353
0.36427116
0.31136894
-0.1157341
-0.86385155
-1.9042196
-0.8853111
-0.4989357
0.15665627
-0.27124786
-0.22313118
-0.18246841
-0.12788677
0.07782364
-0.0028972626
0.0032653809
0.08122444
0.025335312
0.085427284
0.11824608
0.017725945
0.015119553
-0.3286476
-0.16828156
-0.25910854
-0.57775116
-0.61960983
0.26965714
0.1471138
0.032455444
0.11410904
-0.076109886
-0.29051018
-1.2586031
-0.74492073
-0.28472805
0.16210175
0.0051221848
-0.08899784
-0.14461136
-0.03257084
0.0018997192
-0.19720078
-0.01132679
0.01980877
0.015725136
-0.078300476
-0.20025158
-0.1576643
-0.12802601
-0.33917618
-0.46503544
-0.25609016
-0.36738682
-0.8197746
0.3064375
0.2496767
-0.4848919
0.23284817
0.060869217
-0.07003975
-1.2557068
-1.2863474
-0.85287
-0.19958878
-0.24585629
-0.42027283
-0.38088322
-0.3737793
-0.3618698
-0.2821598
-0.12591457
-0.12267971
-0.09264183
-0.29277992
-0.24780941
-0.16468239
-0.39454937
-0.49325752
-0.20574951
-0.10855484
0.071027756
-0.63409424
-0.6774931
-0.45612717
-1.3145494
-0.105856895
-0.0009860992
-0.11698246
-0.03178978
-0.9514084
-1.0721722
0.014288902
-0.46233273
-0.3366499
-0.21950817
-0.43809128
-0.46960926
-0.2891178
-0.30787277
-0.38985634
-0.3001175
-0.10229397
-0.22782898
-0.47672844
-0.012938499
0.05356884
-0.14038277
-0.49918365
0.012921333
-0.5500212
-0.95164204
-0.14462662
-0.21049309
0.13385773
-0.0076942444
-0.020281792
-0.7156143
1.3307323
-0.5092926
-0.83612156
-0.7166805
-0.67655945
-0.86278343
-0.5582447
-0.66080284
-0.3907547
-0.56420326
-0.5239191
-0.35232735
-0.2606926
-0.11007023
-0.33127117
-0.22886372
-0.21756268
-0.287364
0.42726612
0.60333157
-0.24069118
-0.16742802
0.6436205
-0.345479
0.062164307
-0.15673447
0.016254425
-0.08039665
-0.3699627
-0.20065594
-0.19916248
0.15223312
0.025185585
0.18714714
-0.14421177
-0.4797573
-0.23488235
-0.36095428
-0.7037525
-0.4481125
-0.48118782
-0.84415627
-0.5841627
-0.42187214
-0.21276665
-0.49710178
-0.3483143
0.75260067
0.7042179
0.39087868
-0.19115162
0.012102127
0.24078083
0.1619358
-0.13043976
-0.041644096
-0.0137043
0.18583012
0.372653
0.7128582
0.5351286
0.40123844
-0.09847641
-0.07764244
-0.56487083
-0.38434315
0.7138262
0.105731964
0.17921638
0.035232544
0.90731907
0.9415817
0.63094425
0.5348263
0.19598389
0.328063
-0.20126629
0.15230179
0.024180412
-0.07206726
-0.17103767
