617
678
371
349
555
539
636
671
52
415
274
427
25
728
327
783
453
653
137
142
44
628
471
634
150
277
464
184
130
33
573
696
681
256
124
638
315
383
606
203
527
242
316
348
526
629
3
343
126
131
702
540
247
123
275
437
583
520
686
208
598
553
273
162
89
507
414
467
212
426
311
213
528
552
545
487
468
510
143
333
160
779
650
541
596
173
589
183
478
499
565
619
581
305
127
284
607
118
523
58
410
157
119
136
564
649
159
225
101
364
600
109
548
470
760
138
497
543
574
190
495
211
182
441
635
547
599
443
479
117
40
337
722
312
595
393
404
753
469
563
482
601
299
161
570
355
191
376
201
128
723
362
158
568
209
122
575
509
546
61
613
43
631
365
611
498
195
69
529
571
669
12
637
603
566
592
580
538
537
445
602
113
156
567
614
698
569
100
62
63
251
60
508
169
556
724
726
36
618
557
35
34
420
674
421
572
102
451
95
51
87
41
99
77
648
166
103
473
108
591
610
70
105
416
98
536
505
192
392
444
45
477
761
64
50
223
590
646
91
193
472
68
449
88
647
93
90
49
65
79
96
76
48
66
197
78
642
75
224
94
97
422
37
675
450
47
104
334
92
71
306
74
670
38
73
72
46
67
