562
532
564
563
462
594
596
561
531
530
529
495
595
463
494
558
533
534
395
526
496
565
557
396
527
597
593
430
394
847
497
628
528
880
848
566
500
850
364
849
502
590
362
879
501
727
626
608
363
629
846
662
556
913
694
589
242
759
330
580
393
627
746
559
1005
429
342
726
177
503
426
883
329
535
851
912
881
427
409
295
1004
208
911
1000
361
745
695
48
581
1013
776
241
445
575
860
1012
464
236
889
1015
209
996
144
661
952
836
576
16
758
747
612
1021
250
282
341
298
683
275
882
377
775
1014
516
17
868
650
448
778
1022
176
807
998
1011
956
574
308
13
837
712
112
498
422
262
679
548
779
477
944
808
820
314
309
865
80
206
905
1020
374
819
713
714
549
283
693
228
251
897
207
408
237
577
260
914
945
331
734
229
725
741
579
319
814
261
582
31
671
428
392
161
66
682
310
178
98
681
145
475
979
219
107
989
351
195
397
267
791
160
859
425
800
716
57
993
247
811
243
540
444
999
703
1023
172
602
373
191
863
315
18
499
744
197
827
203
129
874
441
767
748
605
360
573
866
857
878
279
997
806
289
58
614
728
157
578
892
545
280
633
32
603
34
832
299
187
307
84
24
821
33
888
65
216
640
221
420
189
974
572
818
23
173
328
293
507
9
79
1001
934
867
119
817
217
709
805
910
990
231
205
884
332
890
461
607
719
760
38
175
63
49
1016
278
615
764
188
376
953
1010
977
875
81
296
248
37
555
894
64
170
919
476
140
539
844
135
696
417
735
509
165
120
346
139
792
777
858
937
123
67
71
6
274
643
969
517
125
22
194
198
186
706
720
343
193
89
833
388
762
700
796
39
56
544
190
861
321
210
134
258
824
995
567
634
380
211
923
609
991
246
447
174
220
973
353
12
95
70
925
853
647
286
227
789
649
790
804
799
828
869
968
542
773
717
391
877
943
102
751
920
673
155
665
978
942
870
970
902
184
794
965
543
936
50
871
7
141
90
845
385
218
375
150
249
959
239
357
62
955
705
938
947
204
294
442
641
111
266
1009
613
864
277
876
74
356
664
547
967
541
185
964
948
327
126
738
263
929
42
610
474
88
326
118
325
440
41
795
40
672
156
276
954
793
839
147
75
196
25
105
900
53
625
347
240
316
730
297
924
604
453
980
1017
158
731
46
253
508
515
