514
568
513
567
541
485
486
595
566
65
569
542
276
299
437
538
249
304
540
248
275
594
634
484
274
411
781
331
273
465
303
512
285
596
508
575
539
576
302
410
690
661
272
247
300
246
662
244
403
501
635
390
663
481
623
473
597
243
245
691
509
271
617
163
0
126
537
438
721
301
151
572
622
366
654
7
125
716
475
420
196
158
77
44
111
385
446
83
616
756
18
522
15
431
570
548
29
445
112
688
305
602
13
332
521
62
527
528
35
655
556
88
549
689
106
603
327
323
520
167
159
699
727
500
74
124
510
9
277
545
697
624
677
625
80
268
636
573
188
140
287
6
479
644
511
600
127
284
160
494
386
619
92
592
417
577
412
165
499
436
493
547
22
56
199
86
565
157
216
136
652
729
1
251
222
259
389
193
753
404
220
653
483
664
447
333
502
257
559
482
706
601
253
598
554
217
152
175
59
109
322
187
250
604
618
683
626
432
606
409
526
258
316
326
339
532
670
198
491
723
223
550
531
746
19
239
757
518
176
352
315
452
451
639
61
134
218
145
238
535
89
226
264
783
219
215
384
72
142
492
119
660
361
200
314
578
633
128
161
607
309
286
186
340
582
178
599
695
519
133
221
278
589
341
324
189
464
330
237
204
608
560
137
640
353
615
192
555
240
150
230
296
732
610
47
774
605
177
584
229
740
171
68
228
311
676
360
354
609
641
773
170
94
684
254
57
571
118
123
743
593
143
687
694
17
408
364
359
752
52
197
471
563
476
146
553
306
586
113
470
645
4
144
166
23
745
504
60
725
241
337
191
11
14
383
148
775
667
581
135
28
587
335
612
85
779
478
132
214
168
269
497
693
631
334
381
225
767
751
313
463
474
231
203
149
766
665
129
64
139
730
26
627
760
312
392
682
726
107
3
325
739
700
642
558
298
759
297
50
162
728
590
375
503
190
54
30
472
551
524
671
84
449
227
780
552
40
702
173
195
5
169
459
698
611
87
255
579
529
63
117
717
270
252
36
58
650
477
496
782
505
153
557
288
37
131
33
34
382
31
393
82
293
588
179
75
648
761
536
764
242
533
666
24
39
418
498
580
336
114
130
122
185
424
394
754
453
450
38
564
448
308
632
280
675
419
279
772
669
43
768
295
93
487
16
141
67
265
443
674
755
736
480
147
73
212
765
213
70
116
8
282
423
201
692
734
776
307
224
55
646
41
530
76
637
525
205
614
574
25
395
439
120
466
98
413
156
778
561
435
79
770
583
769
388
680
758
704
416
701
310
562
100
430
184
458
620
630
99
681
263
546
748
49
90
262
391
66
724
256
338
585
351
651
523
696
415
207
750
164
749
613
506
174
396
210
718
358
747
260
591
96
628
236
346
328
194
208
621
362
289
495
202
507
290
444
380
292
387
543
638
713
454
367
685
101
742
121
206
719
442
209
32
95
422
97
261
81
345
138
672
283
180
45
686
291
711
712
363
10
715
679
232
21
365
69
490
407
115
703
731
629
27
643
317
267
2
20
762
46
714
738
211
544
414
182
104
91
42
425
744
281
105
469
763
110
735
233
722
457
427
294
441
771
355
329
48
456
710
102
356
705
235
181
53
678
402
455
108
708
649
172
183
342
720
368
343
668
426
429
103
733
462
709
428
440
468
71
234
517
51
401
266
659
397
379
78
319
344
318
155
357
154
707
467
737
321
741
658
673
347
400
460
12
534
378
656
399
369
373
515
777
348
489
406
647
376
372
349
434
421
371
350
320
657
374
488
398
377
516
