298
462
437
704
496
122
262
635
500
150
19
599
464
296
405
491
633
547
540
132
456
518
513
175
55
678
178
430
519
489
433
463
206
163
232
524
386
705
120
270
234
349
431
148
189
240
354
438
176
177
644
172
577
261
681
440
609
755
26
596
729
497
492
134
326
560
574
242
2
615
190
196
271
506
157
402
603
442
416
264
593
397
476
356
140
514
233
468
215
212
427
376
754
643
158
20
268
28
32
4
690
348
129
780
54
645
374
706
461
398
542
535
23
632
631
9
188
52
265
484
731
499
235
24
725
275
258
244
649
375
336
82
429
21
204
308
459
35
672
751
781
521
487
309
231
216
57
763
486
676
659
378
417
541
346
246
605
548
46
187
736
576
3
263
428
112
103
121
255
313
749
616
241
620
691
395
714
488
458
682
396
245
63
36
217
465
50
166
131
49
27
180
520
617
735
716
222
39
230
779
364
291
297
13
679
711
191
775
680
549
715
710
764
776
392
485
604
460
290
351
444
227
164
421
312
457
146
677
295
287
753
34
675
762
40
504
292
347
337
78
319
220
193
279
110
588
273
38
737
742
745
721
173
738
341
192
708
339
12
194
777
250
62
332
323
333
137
133
420
532
767
338
717
739
768
674
746
368
247
105
718
135
294
280
707
760
393
774
712
747
41
318
370
505
315
713
778
293
322
585
221
369
342
771
744
252
284
765
363
219
741
307
670
474
343
320
106
772
145
750
310
88
321
770
116
445
587
766
422
371
723
42
107
724
722
709
366
306
362
642
533
761
136
278
743
249
335
534
394
253
304
703
305
773
446
281
334
769
248
276
277
