670
334
642
306
675
46
276
193
723
305
724
96
647
449
92
197
362
192
422
674
277
648
505
669
450
88
224
72
472
94
477
444
41
45
248
97
722
251
420
73
610
43
416
104
421
74
247
38
704
304
761
221
40
169
90
42
392
37
443
75
536
646
333
591
44
676
91
108
47
78
284
538
592
335
569
173
137
719
572
150
95
311
275
393
590
123
312
686
156
567
618
348
381
681
589
571
499
635
407
376
191
471
424
497
469
653
498
219
51
468
537
201
162
119
157
614
652
262
244
64
445
546
637
701
367
140
427
426
273
510
13
1
364
508
339
645
242
726
780
309
122
82
671
128
117
540
121
218
272
365
118
663
135
453
6
77
451
509
482
617
23
25
476
496
203
268
522
345
167
5
532
27
560
386
481
186
303
755
623
543
70
67
250
539
622
512
545
139
541
487
65
513
514
515
68
66
