-0.0025453568
-0.17817307
0.013987064
-0.121646404
0.09001684
0.0028591156
-0.067082405
0.16323519
0.04458666
-0.08656597
0.11277866
-0.102669716
-0.47437954
-0.17828512
0.262074
0.3350773
-0.029946804
0.105302334
0.039428234
0.014074326
0.012171745
0.13021994
0.058674812
-0.035717964
0.16066408
-0.029557705
0.22152185
0.045791626
0.017502785
0.08742046
-0.11224604
0.14638329
-0.09574175
-0.15814447
-0.4276514
-0.25380325
-0.38247728
-0.80167437
-0.86128616
-0.62374496
-0.81873846
-0.9789343
-0.8084202
-0.9171839
-0.73670006
-0.9744854
-1.5955153
-0.7098875
-0.4098282
-0.6363282
-0.42509794
-0.3410778
-0.072012424
0.09426355
-0.026702404
0.031523228
-0.16888905
-0.052773
-0.1747675
0.026355267
-0.2037201
-0.22247791
-0.29849195
-0.41499186
-0.22308683
0.5826011
0.8418226
0.16752768
0.78023386
0.5077436
0.16744947
-0.59688854
-1.0468225
-0.9177556
-0.88509846
-0.7723298
-0.43012953
-0.06466961
-0.7019448
-0.6454983
0.4622736
0.43837333
-0.13302422
0.25328803
-0.013627529
-0.09452057
0.02796793
-0.37436247
-1.0593624
-0.22752953
-0.8104191
-0.7225394
-1.2331738
-0.34072447
-1.0260825
-0.6527729
-1.2743402
-0.96369267
-0.63506174
-0.36545134
-0.07856846
-0.080131054
-0.42452908
-0.21305084
-0.8947749
-0.653656
-0.67434263
-0.22262049
-0.719522
-0.35683107
-0.4585781
0.19967318
0.02994442
-0.46361732
0.46746325
-0.072502136
0.005028248
-0.12100363
-0.104570866
-0.306808
0.27532554
-0.11363983
-0.13872004
-0.52396965
-0.121433735
-0.060225487
-0.042922497
-0.2451458
-0.12144327
-0.0347929
-0.34189415
-0.09531784
0.52458286
-0.27817965
-0.10231829
-0.091094494
-0.612566
-0.675519
-0.47494555
0.2841754
-0.20566702
0.028383732
0.75902987
-0.073820114
0.80612063
0.24916363
0.57750297
0.23644924
0.16665888
-0.25968552
-0.6567421
0.007846355
-0.006345749
-0.11714363
-0.16246605
-0.0503664
-0.50479937
-0.29046202
0.1068182
-0.09464598
-0.27775002
-0.10430479
-0.31077147
-0.20488405
-0.06118679
-0.5527673
-0.2041521
0.0010852814
-0.1015358
-0.8156643
0.5536492
0.7451298
-0.01745987
-0.6769767
0.17214966
0.29615116
-0.014576912
0.07243061
0.03226614
0.04893446
0.056331158
-0.06371117
-0.08608198
0.071538925
0.09453297
0.04136467
0.0828352
0.00079107285
-0.024859905
0.087479115
-0.5400176
-0.40269995
-1.1315737
-1.3084898
-0.09221554
0.12796164
0.2451961
-1.1675172
1.4312644
0.8672004
1.0124776
-0.31450367
0.22765923
-0.014980316
-0.09004164
0.096581936
0.044411182
-0.09319067
-0.07335186
0.19552374
-0.2451787
0.19148016
0.026249409
-0.016578197
0.07248068
0.0028481483
-0.024157047
-0.076722145
-0.11357117
-0.35117483
-0.56207657
-0.8309412
-0.035724163
-0.6479411
-1.0496855
0.2642269
1.4468806
0.17535114
0.9517708
0.31521487
0.027900219
0.061755657
0.21813345
0.1053853
-0.06415415
0.00063562393
0.048975468
0.013802052
0.04838705
-0.027393341
-0.03919077
-0.057335854
-0.16038322
-0.040429592
-0.23480844
0.10258341
-0.06446695
-0.8822017
-0.9675069
-0.59647655
0.18195105
-0.9432092
0.32502127
0.60170865
0.86553645
0.34399033
-0.12419605
0.6263416
0.14942503
0.20646524
0.056406975
0.008481026
-0.25134802
0.009134293
-0.00594759
0.0400815
0.000688076
0.18717575
-0.010022163
0.11048746
0.05332613
0.07478714
-0.11100721
-0.19149208
-0.25714684
-0.5660124
-1.3398695
-1.0944138
-0.115204334
-0.2976532
0.15904331
0.15521479
0.32036257
-0.46608877
-0.70190763
0.13447618
0.14396143
-0.016719341
-0.08549261
-0.008950233
-0.08182049
-0.010234833
-0.009868145
-0.29918766
0.058493137
0.26199222
0.5346458
-0.102413654
-0.27634716
0.69905305
0.11088562
0.25110555
0.06855488
0.10880089
-0.8420849
-1.2945609
-1.8790646
-0.008668423
0.7651708
-0.1518836
-0.3248229
-0.6521926
-0.5090127
0.48551083
0.030332088
0.14491749
0.38927007
-0.25142097
-0.022068024
0.087753296
-0.15628958
-0.10850859
0.3788278
0.48273396
0.4465413
-0.29032087
-0.25760508
0.4503882
0.9470959
0.86274624
1.0635762
0.6673639
0.4858768
-0.75322247
-2.1511483
-0.6905117
0.4988029
-0.4516492
0.2961774
-0.16997862
0.36127114
0.46383667
0.04328108
0.14602852
-0.046701908
0.00059080124
-0.111195564
-0.363698
-0.48817873
-0.24629831
0.0147480965
0.5491085
0.4465902
-0.41101456
-0.09598732
0.49045348
0.14556503
0.6624727
1.4438236
1.2504783
2.3054266
1.3042991
-1.1669431
-0.11493158
-0.1733818
-0.10563183
0.32653213
-0.20811415
0.5754132
-0.15605402
-0.21609259
-0.29126072
-0.007972717
0.044454098
-0.23568773
-0.23910189
-0.40918303
-0.05169916
0.11889839
0.46890163
-0.004158497
-0.47512293
0.0370965
0.24358797
0.34601736
0.1450386
0.0645442
0.36669326
0.50750303
1.5565152
0.8333931
1.0630128
-0.8081384
-0.5557971
-0.30169392
0.011530876
-0.24207497
-0.27310705
-0.16211462
-0.37455225
0.20631552
0.27234077
-0.1853466
-0.006717205
0.03906107
-0.10536528
-0.012815952
-0.4224496
-0.61402655
-0.34275198
-0.03138542
0.51239467
0.13541985
-0.08964014
-0.3594365
-0.5420871
-0.90227413
1.2894635
2.5817366
1.4446793
-0.9237251
-0.8901081
-1.1112838
-0.12858295
-0.38788414
-0.34990978
-0.19952917
-0.20188808
0.13018608
0.33077478
-0.16288471
-0.14101171
0.13502884
-0.05172062
-0.071695805
-0.12814856
-0.16617775
-0.5316677
0.10327625
-0.049055576
-0.18150091
-0.5334263
0.13039541
-0.7982936
-0.98708725
-0.22053003
1.2861562
0.9929826
0.70434976
-1.2481408
-1.0686979
-0.05984783
0.17322397
-0.083363056
0.36150098
0.41160297
-0.14048815
-0.1194582
-0.014460087
0.07623243
0.16641283
0.16358614
0.2936287
0.33558893
-0.45983124
-0.114417076
-0.05035162
0.15856218
-0.3318982
-0.37950087
-0.4384966
-0.39564276
-1.0461082
-0.42539644
0.44285464
1.3082867
-0.024350166
-1.0085092
0.17094755
0.20700264
0.41582108
0.069535255
-0.04864025
0.45598578
0.6424668
0.7148888
0.38468814
0.40824175
0.65096164
0.7362008
0.55773735
0.26893353
-0.003182888
0.13770342
-0.33074713
-0.34570456
-0.016041756
-0.38239527
-0.3652234
-0.43570852
0.32767272
0.92946696
0.78932905
0.88182926
0.29062247
-1.0797248
0.46397805
0.11875439
-0.17002153
-0.058927536
-0.18844509
0.42518306
0.26454186
0.62872005
0.7096107
0.74815917
1.0128033
0.7875011
0.5287869
0.0065751076
0.16575623
0.057750702
-0.0012674332
-0.13014841
0.02699709
0.18899775
-0.11136913
0.253958
0.13493109
0.15344238
1.6866646
0.985584
0.015109062
-0.19806051
-0.099775314
-0.33328056
-0.7641778
-0.3272314
-0.7009182
0.18309164
-0.11607981
0.2951095
0.49025083
0.14300966
0.3543017
0.27593517
-0.22038937
-0.012929916
0.12879372
-0.08052349
-0.11028719
0.22965407
-0.24419403
-0.08788061
0.037362576
0.30848455
-0.55348206
-0.054974556
2.399228
1.2484992
0.050349236
-0.37711954
0.16068745
-0.3973236
-0.38127756
-0.6278386
-0.5538235
-0.499506
-0.51313925
-0.6871481
-0.41114473
-0.43792915
-0.6644211
-0.2939458
-0.23901892
-0.048377037
0.017448425
-0.103925705
-0.34291792
0.013391018
-0.3250513
-0.2291274
-0.34669828
-0.22076702
0.6385293
-0.62124634
2.1843011
0.003713131
0.30368686
-0.46693277
-0.5291157
-0.750371
-0.69283533
-0.17824364
-0.05366373
-0.48034096
-0.35279846
-0.16797066
-0.19266605
-0.33940363
-0.30786562
-0.08274126
-0.30891943
0.03793764
0.18067503
-0.18491125
-0.32419538
-0.1675129
-0.16144943
-0.16026258
-0.917233
-0.42317486
0.17118692
-0.40424538
-0.28161
-0.11495495
0.322412
-0.04747677
-0.49372244
-0.47546005
-0.058748722
0.4437909
0.21412611
0.13181639
0.053092957
-0.14707994
0.12159729
-0.31230974
-0.22678709
-0.25730944
-0.046564102
0.2646916
0.28101087
-0.07289171
-0.22775936
-0.42768526
-0.28697538
-0.21191502
-0.5377722
-0.6371994
0.2314651
-0.573967
-2.0999937
-0.094959736
0.05558777
-0.1627369
-0.7587452
-1.2712569
-1.0804429
-0.4123764
-0.6317892
-0.087898254
-0.27044773
-0.3773923
-0.5202036
-0.31659937
-0.07223368
0.090423584
-0.10259628
0.24746323
0.14436865
-0.037414074
-0.05954218
-0.09154558
0.046622753
0.287647
-0.109044075
-0.024222374
-0.33575296
-1.0762668
-2.1676135
-0.12957144
0.04603386
0.0009775162
-1.1094594
-1.7124419
-0.73436165
-0.16580486
-0.3625431
-0.31912374
-0.016961575
-0.46922493
-0.2962818
-0.0020656586
-0.30562449
-0.33283663
-0.5089812
-0.0072865486
0.079078674
-0.4836278
-0.32195663
-0.023073673
-0.011335373
0.040817738
-0.17175627
0.43810606
-0.341609
1.0745497
-0.034709454
-0.101873875
0.117076874
-0.21136808
0.0039658546
-0.37607622
-0.8587837
0.106761456
-0.03969717
-0.23700237
-0.052433014
-0.55219984
-0.30963802
-0.29971313
-0.28676128
-0.38091803
0.09890509
-0.23013496
-0.26496363
-0.40245533
-0.2833929
-0.66475916
-0.06852198
-0.23399353
-0.9579396
-1.2986379
-1.2849798
0.39460397
-0.15853453
0.09398794
-0.062183857
-0.109464645
0.017193794
0.044365406
0.045479298
0.47166944
0.7672579
0.68565583
0.967741
0.71222425
0.27760696
0.12315655
-0.018688202
-0.37711716
0.58105946
-0.3468418
-0.060323715
0.4518757
0.10715103
-0.35385656
0.049983025
-0.035612106
-0.23197746
1.0491893
0.40496922
-0.46545124
-0.12867022
0.12058067
0.12113857
0.011660099
-0.040898323
0.113125324
-0.13967371
-0.83765364
0.14790678
0.22544265
-0.17445612
-0.28243065
0.0172472
-0.06268549
-0.10446262
-0.53637934
0.72934437
0.73648334
0.2788875
-0.29407692
0.57693386
0.63136435
0.23544979
-0.09268284
-0.27094984
-0.37238836
-0.15361166
-0.06703329
-0.1294632
-0.08224487
