684
425
178
408
553
304
762
420
145
562
885
776
808
276
456
333
536
522
686
1013
370
602
665
694
262
601
819
209
851
853
757
632
210
440
308
633
600
407
812
777
467
778
590
521
1016
722
615
242
852
753
306
470
302
305
504
658
267
759
727
779
268
583
567
758
275
472
393
780
533
715
269
439
301
588
500
274
401
745
340
563
746
714
657
360
690
424
782
466
726
783
338
464
781
716
620
497
433
502
534
361
307
471
589
532
564
339
392
747
621
752
431
748
687
689
337
465
530
717
366
721
334
535
498
499
432
503
749
336
369
751
335
400
399
750
718
531
688
367
368
719
720
