448
700
87
33
64
692
401
754
24
259
393
270
716
674
759
642
5
659
392
114
145
661
621
396
233
77
614
371
63
26
348
709
730
384
185
412
638
207
216
55
609
691
386
466
351
651
350
602
438
702
385
580
70
256
41
236
707
206
186
407
478
215
413
12
666
269
545
552
583
395
173
683
778
116
280
101
95
310
250
128
158
650
283
252
434
755
16
51
710
435
152
652
338
410
308
316
268
667
776
391
658
684
255
688
539
619
214
411
304
228
770
217
381
244
293
235
199
535
117
673
769
524
234
563
322
452
714
722
380
100
144
492
685
750
241
653
687
622
686
379
600
53
713
537
119
344
345
530
184
315
78
581
654
536
243
718
599
626
129
627
146
367
630
518
783
598
655
314
171
402
601
628
498
715
220
531
242
589
761
564
629
693
96
565
657
542
623
503
711
624
409
130
747
121
343
404
372
373
118
505
582
668
533
508
376
99
669
597
656
625
592
706
782
213
97
540
742
712
588
781
321
286
127
47
541
339
183
305
277
58
4
154
462
717
573
739
465
408
155
224
553
698
749
571
696
561
436
25
760
585
596
758
98
558
153
169
554
477
570
615
491
279
210
182
746
93
126
740
529
772
450
671
526
239
82
334
560
525
594
276
306
347
765
768
613
701
449
773
156
745
287
572
124
557
437
125
736
418
68
774
502
240
374
165
562
566
123
222
122
403
490
463
595
675
212
569
464
211
676
375
567
568
