197
670
171
96
646
114
618
696
708
143
705
169
676
474
115
144
170
89
706
44
418
72
702
647
648
80
92
726
283
446
95
707
449
118
744
421
142
117
81
473
199
531
745
557
698
712
91
74
94
678
130
390
362
43
693
71
710
472
256
254
675
109
697
529
228
125
779
145
558
137
311
767
619
447
709
86
76
741
255
361
90
93
583
525
559
748
138
738
100
282
580
689
746
607
123
119
226
122
120
391
363
477
610
590
448
97
248
113
65
668
742
124
556
591
198
682
743
713
578
99
533
389
475
388
733
534
172
471
747
127
611
247
679
393
98
126
655
681
333
662
749
335
292
200
14
766
728
481
177
128
219
617
714
653
737
16
685
70
711
663
757
739
758
770
1
667
771
84
7
759
8
17
18
