79
7
384
300
650
572
29
681
522
412
60
271
569
31
260
476
752
584
286
154
600
530
342
314
258
426
543
84
651
598
204
371
299
2
636
81
655
654
163
212
385
316
155
149
243
551
242
246
693
33
542
208
400
545
175
202
597
370
502
662
328
524
596
268
447
458
153
183
209
599
391
1
347
656
571
184
414
541
631
581
87
24
470
523
723
441
181
150
579
570
626
548
58
210
180
26
57
315
356
61
269
56
754
10
345
162
652
4
671
151
203
491
659
672
16
566
326
688
178
279
673
120
21
560
439
539
448
630
489
547
645
469
8
27
437
683
227
372
554
456
241
357
298
238
714
443
28
467
601
346
173
536
141
757
540
464
307
230
629
716
77
730
578
608
324
622
82
499
627
632
20
682
348
373
606
782
148
293
731
319
44
124
635
287
267
660
232
582
239
409
254
700
52
506
736
234
116
653
527
511
201
549
702
237
567
595
701
658
179
459
649
364
332
12
354
296
633
410
182
728
647
768
51
696
765
758
512
495
628
471
619
435
131
621
679
766
199
460
583
325
320
739
349
594
125
270
174
592
532
461
200
676
431
331
126
483
388
474
49
211
172
283
678
563
407
266
408
381
735
119
127
661
779
130
321
771
772
109
743
737
240
86
770
484
405
436
589
228
229
352
389
256
620
380
705
50
462
98
535
295
634
255
170
767
43
433
118
648
99
146
726
760
591
528
747
379
529
406
378
427
586
434
616
451
709
531
555
617
698
399
68
128
294
712
311
305
73
455
377
113
472
753
744
64
479
169
225
556
559
473
618
738
108
65
195
775
100
97
742
421
450
557
741
323
363
95
75
507
333
76
253
171
322
449
350
646
69
558
588
142
66
590
223
390
361
93
138
94
706
115
145
746
724
74
143
708
70
222
91
335
707
117
92
251
89
505
114
67
745
477
144
72
96
306
250
71
90
197
278
362
670
