42
152
642
375
458
382
768
173
207
602
632
215
205
266
277
206
772
261
606
595
701
551
521
633
658
102
430
373
598
662
631
253
674
508
625
494
574
660
626
715
160
547
719
182
101
688
239
600
153
575
493
716
459
188
599
52
258
457
8
401
510
548
271
656
683
754
238
687
399
180
645
270
463
286
312
351
686
538
597
233
624
777
235
635
413
414
158
468
596
149
560
54
672
573
272
426
410
159
431
157
236
437
260
203
244
639
684
5
622
653
164
28
781
492
464
576
422
381
20
294
627
476
439
524
761
604
64
19
10
601
150
310
264
349
353
6
129
579
23
273
175
208
85
57
155
217
348
577
183
432
321
202
552
284
367
438
320
3
546
496
532
140
245
112
21
729
230
27
659
466
262
415
11
134
69
280
409
346
168
379
190
731
204
727
9
337
2
644
654
231
212
79
364
550
242
522
429
340
572
216
33
356
32
408
319
608
376
218
383
540
209
400
465
234
609
637
240
380
111
467
339
407
657
61
343
664
136
445
692
179
685
655
265
58
641
755
176
51
186
416
191
638
428
196
405
780
495
453
778
549
275
756
161
518
580
184
433
613
436
543
699
210
314
37
263
293
500
181
423
220
178
764
435
607
578
523
243
156
219
116
776
482
434
370
404
398
615
12
769
252
691
665
587
290
259
371
378
593
483
350
365
224
732
481
166
285
377
60
103
87
561
366
341
690
643
133
292
723
77
406
487
45
585
427
177
694
504
517
762
387
357
395
110
763
36
332
534
318
291
397
78
49
317
369
59
66
13
313
666
342
139
640
50
544
455
34
392
336
247
105
289
248
512
456
773
88
38
725
484
721
386
106
368
750
485
304
281
722
309
167
774
516
62
48
486
47
35
359
46
420
533
514
39
41
513
40
276
515
63
107
394
135
703
