343
876
835
24
614
805
1019
338
949
93
972
603
571
359
281
42
771
1018
940
905
313
0
327
697
1
997
87
537
5
51
29
811
790
817
920
739
569
249
388
602
680
998
759
61
278
11
525
111
788
633
948
420
210
361
303
944
970
23
110
400
816
977
877
54
917
968
1008
312
50
885
150
695
725
114
240
855
456
558
568
570
241
239
687
22
812
909
985
10
471
369
345
727
665
1002
520
648
971
784
409
621
209
999
663
424
696
399
304
360
488
272
601
758
789
377
785
305
368
408
664
757
718
689
632
600
966
208
366
617
616
552
392
1000
787
337
344
688
619
503
756
783
630
531
335
751
631
595
584
535
502
720
376
692
336
620
752
786
750
563
719
367
724
690
567
460
457
599
532
533
753
534
755
691
721
459
492
596
585
754
566
597
598
723
489
565
458
553
564
589
524
557
521
722
586
588
587
490
491
554
523
556
555
522
