746
759
745
989
777
758
778
795
779
360
714
747
1021
713
808
832
420
361
267
763
228
864
392
703
531
935
827
852
530
988
883
516
727
812
801
911
23
216
204
197
776
828
345
884
780
741
445
236
762
851
71
1000
791
1020
532
665
564
999
719
833
329
671
865
966
415
419
931
298
547
952
856
119
230
933
640
563
824
87
102
969
807
715
748
683
897
764
716
888
718
860
260
22
562
210
498
96
465
70
377
548
432
749
535
99
717
218
879
39
178
666
901
964
726
98
511
289
984
242
464
934
262
499
101
533
295
589
307
542
641
56
314
773
899
171
497
995
268
892
1016
368
750
682
463
172
781
124
720
8
503
335
205
250
903
64
31
211
902
409
24
768
508
339
534
340
293
334
431
223
388
446
688
1023
433
145
418
184
996
956
400
612
915
129
263
257
369
774
38
602
541
923
580
699
198
968
681
123
299
408
1
164
1001
509
914
346
954
63
151
472
929
963
657
229
128
521
882
1017
751
275
341
330
615
866
249
831
385
186
633
621
689
150
383
410
355
393
146
424
529
33
32
500
921
590
480
120
983
292
261
800
684
802
336
34
607
337
572
853
475
382
545
274
553
243
308
476
177
152
690
477
161
376
912
294
471
165
203
507
219
440
484
698
942
444
367
290
217
769
386
9
401
614
276
40
504
658
502
209
100
399
890
588
412
69
965
417
328
378
462
72
557
485
1002
803
736
565
66
183
609
155
887
583
92
634
782
601
930
880
425
898
540
10
694
351
466
642
596
187
873
356
896
620
251
943
676
41
834
315
441
1011
708
319
674
338
571
156
190
18
721
282
325
269
407
451
554
558
706
820
496
947
582
1022
893
127
42
391
517
1008
951
581
259
501
567
81
1015
813
37
594
144
237
67
174
454
158
231
114
333
1004
673
139
280
687
54
130
131
235
366
944
595
301
936
1012
113
313
80
1010
731
421
997
566
859
775
796
277
626
1014
50
1013
442
309
889
608
752
941
125
881
639
107
515
193
21
373
561
160
520
112
362
536
918
82
539
732
575
2
287
439
552
53
241
909
188
1003
20
447
613
248
850
175
980
628
49
976
972
783
19
111
206
473
176
1005
474
140
189
17
443
191
625
891
550
576
452
836
709
940
977
738
110
78
220
570
945
212
546
48
770
584
16
587
814
35
76
430
387
115
835
913
522
116
978
55
109
86
108
51
979
306
143
1007
11
349
83
467
43
811
904
537
895
302
967
730
375
946
900
196
95
948
819
735
734
347
549
1009
238
288
973
324
74
810
920
173
47
610
975
636
551
300
7
244
342
122
332
757
104
304
258
632
77
79
185
767
744
659
579
650
806
14
305
394
13
255
928
75
84
254
36
222
126
455
568
652
616
159
569
456
370
12
46
93
818
700
28
106
651
52
981
374
389
117
264
352
457
982
823
194
44
68
423
1006
45
962
693
985
118
505
649
479
885
182
538
137
88
85
600
65
953
794
974
97
556
606
937
73
15
805
506
862
593
916
103
847
544
627
62
252
863
413
323
512
603
470
648
488
30
354
448
894
905
932
577
772
350
868
519
799
543
321
273
638
281
157
208
906
986
225
555
878
788
917
573
303
849
478
646
672
434
858
685
138
331
94
686
809
629
372
468
660
398
469
702
1019
320
134
344
326
357
510
121
622
402
597
495
742
861
670
27
855
919
6
358
518
207
426
486
733
987
605
154
846
737
153
854
661
867
787
637
327
411
291
283
647
643
247
482
317
450
848
406
725
200
141
449
224
487
5
310
166
90
784
489
619
253
586
998
170
270
380
695
365
135
838
232
381
669
221
105
353
753
132
414
25
585
578
950
199
845
195
970
739
740
285
789
925
416
438
514
142
644
705
384
645
949
841
817
435
163
790
604
379
58
574
677
704
857
279
364
797
233
91
371
653
453
667
422
907
162
839
656
822
710
668
804
886
871
664
786
815
961
971
691
136
322
226
910
678
239
318
0
272
256
215
483
990
528
722
429
271
712
169
405
844
60
957
618
436
297
343
316
816
707
312
133
617
958
1018
179
654
938
481
147
922
785
955
675
926
403
756
296
363
59
359
437
192
167
390
458
397
692
874
490
924
427
89
821
61
29
663
26
611
148
494
927
240
635
869
149
202
599
513
404
527
755
526
348
771
213
662
395
214
227
278
840
870
284
680
266
701
994
461
396
826
3
724
875
201
697
168
523
591
245
908
631
234
829
754
655
624
428
872
560
559
286
877
181
960
939
630
598
792
57
723
825
459
765
460
592
876
993
991
798
265
830
623
525
4
246
743
729
679
311
760
491
766
837
992
696
842
524
711
180
843
493
492
959
761
793
728
