71
422
70
72
142
69
75
670
334
642
450
277
96
477
505
305
76
97
559
73
197
306
117
114
94
74
588
278
93
223
144
251
335
92
143
90
557
42
145
363
421
250
724
46
333
616
449
225
78
166
646
362
769
678
222
43
617
761
88
531
558
621
98
586
698
364
104
675
765
613
195
122
91
723
138
620
648
194
38
649
507
707
12
115
590
766
585
86
767
532
392
66
50
592
118
591
393
743
753
108
99
34
146
37
65
100
433
193
709
747
708
676
68
67
674
279
587
192
113
49
361
529
461
120
64
768
760
171
408
432
739
578
281
169
211
722
618
582
89
110
162
48
147
36
635
431
436
658
77
95
128
773
293
556
459
164
535
161
119
679
772
199
726
779
253
472
479
259
764
377
577
609
381
712
163
525
619
594
420
536
255
636
260
701
172
183
320
495
62
706
372
82
131
762
783
741
758
579
3
133
572
598
775
405
744
580
173
608
568
569
570
497
489
52
563
51
719
596
216
595
607
380
239
548
125
28
228
35
276
524
552
645
757
256
599
237
352
589
571
109
229
745
249
576
681
555
622
307
630
451
246
101
606
499
550
20
736
215
782
116
200
19
460
8
127
637
458
746
376
27
13
770
781
227
702
102
749
597
384
771
610
337
730
641
671
371
103
311
560
703
170
21
45
735
738
663
17
210
310
530
754
87
491
673
523
343
141
677
2
273
650
304
470
29
30
284
24
728
63
159
549
370
58
57
234
79
235
777
217
526
61
517
605
167
653
404
349
633
312
686
130
625
219
737
693
324
553
755
629
240
498
33
545
467
567
583
476
593
107
184
468
601
160
112
463
373
264
396
26
230
238
519
575
212
603
631
691
584
547
435
266
518
407
379
639
126
600
294
654
354
322
55
682
763
350
725
16
254
413
426
581
506
158
624
319
729
190
149
123
441
657
54
522
10
186
469
634
543
442
1
659
296
351
5
23
711
321
47
191
263
573
9
84
546
214
290
179
672
139
156
656
280
700
464
180
541
443
291
0
140
409
236
105
382
718
124
325
490
177
265
56
378
390
542
389
32
346
121
660
478
244
4
669
692
473
685
60
342
713
566
651
22
494
152
748
53
554
243
690
662
687
25
715
647
187
780
496
283
178
727
487
287
632
680
488
508
154
288
644
411
661
213
683
261
353
385
759
274
188
83
111
365
521
289
457
132
699
206
292
626
623
175
551
638
318
520
756
412
129
366
403
203
344
185
492
437
394
540
313
196
721
539
317
248
245
332
486
218
665
427
41
604
732
664
275
247
157
428
666
