363
460
492
395
491
364
365
436
493
459
427
560
396
435
428
461
434
662
429
403
397
592
366
468
754
437
394
724
467
404
756
528
405
723
402
466
785
659
816
660
398
372
624
631
630
527
331
371
406
561
755
655
469
399
367
490
362
272
784
458
692
593
753
438
332
599
663
426
691
89
693
786
271
974
529
793
303
661
598
623
373
817
333
815
559
626
283
656
57
374
240
765
234
722
797
315
390
523
761
153
875
842
910
284
1006
950
654
798
148
122
653
180
919
494
265
658
874
977
573
302
311
266
725
711
908
678
304
766
342
306
246
625
297
58
347
829
787
90
343
814
992
215
470
252
840
945
960
273
959
710
876
796
536
843
379
422
233
847
526
704
788
346
818
316
646
248
613
743
848
922
991
232
282
227
4
973
604
149
296
202
949
685
830
939
679
742
581
705
760
737
221
938
201
841
1005
300
993
918
752
29
181
645
538
384
907
709
61
247
279
926
627
920
869
27
75
220
701
486
389
505
870
278
518
677
1018
163
330
961
792
455
924
1003
59
878
735
740
239
65
728
245
672
357
707
321
253
783
3
35
270
809
611
845
15
310
913
30
354
16
26
214
481
799
877
318
358
473
416
133
433
47
264
95
286
639
970
147
513
45
667
955
844
823
2
982
60
994
519
946
322
411
837
350
93
189
819
702
88
644
1009
235
487
549
768
353
736
48
185
706
91
199
46
896
958
453
44
981
524
200
606
568
386
540
441
846
510
74
998
328
452
668
506
978
157
97
183
226
614
352
141
826
170
872
578
49
448
131
196
928
258
103
868
850
17
62
182
251
152
421
291
6
643
483
194
169
317
80
767
675
859
73
450
94
136
700
739
577
789
603
105
820
951
28
925
375
167
259
810
498
281
280
771
730
222
104
962
326
79
839
126
121
647
927
804
987
106
168
895
917
854
5
142
971
132
865
85
92
162
192
891
539
256
610
285
686
1004
166
320
137
866
932
400
975
488
195
476
551
734
474
37
139
867
738
124
544
576
356
934
301
385
84
676
512
635
957
294
1019
113
764
937
127
894
134
324
898
834
861
929
31
1022
217
572
930
159
772
744
125
68
14
731
680
942
800
899
575
190
359
479
508
990
309
140
673
580
135
112
640
863
439
138
0
674
501
570
941
305
81
967
143
262
897
263
857
825
290
514
231
12
418
261
903
440
449
77
444
387
708
325
888
98
447
862
118
423
712
729
1001
855
100
582
76
904
579
900
807
348
36
953
775
109
225
849
164
63
684
329
292
67
831
893
698
889
25
821
150
287
886
594
608
906
871
574
699
902
605
323
108
629
66
229
191
885
569
255
288
230
52
208
260
858
388
965
836
703
543
478
802
213
642
327
732
892
442
612
641
115
83
769
43
171
355
477
78
921
905
697
13
41
546
116
173
443
197
835
813
69
997
873
7
146
417
811
312
860
935
936
1023
413
254
19
38
838
380
111
511
806
86
391
985
198
381
542
669
671
107
504
110
600
609
64
454
414
319
972
130
299
803
257
206
696
412
634
637
165
9
968
293
1
188
933
42
228
96
377
207
931
158
484
344
117
940
72
550
160
289
32
99
537
451
298
770
82
638
976
909
733
216
482
497
101
525
55
351
901
776
607
179
969
446
670
822
515
890
741
18
187
51
520
114
40
986
128
50
548
828
757
8
509
20
39
591
409
219
184
376
223
33
70
383
244
805
154
1010
545
11
794
853
571
694
480
963
156
979
999
102
53
782
636
277
887
864
954
790
472
1002
203
445
773
475
801
851
1013
224
71
419
129
517
952
314
944
205
652
370
485
144
407
408
54
145
923
34
420
774
943
349
193
615
583
996
763
808
204
176
1015
666
249
295
516
237
155
832
762
833
269
161
456
914
123
547
382
882
56
465
791
507
410
212
795
341
151
1007
172
966
250
964
879
10
267
238
21
1000
695
119
1021
1014
241
664
881
880
489
243
916
415
175
378
824
1017
616
401
1020
827
856
632
274
648
236
218
912
1011
211
984
995
541
186
883
174
812
602
334
120
915
1012
1016
628
956
502
209
633
779
313
911
884
852
177
308
980
777
430
24
713
781
601
988
361
276
178
268
778
690
275
360
393
471
552
1008
340
597
780
87
345
566
665
584
562
751
759
989
617
983
431
745
210
338
242
758
567
681
392
649
721
424
948
687
750
335
336
727
746
947
534
716
495
657
500
565
307
530
749
337
717
22
748
425
522
651
747
496
714
339
368
585
432
457
715
533
23
726
503
689
682
622
718
683
553
521
499
369
650
595
535
720
688
719
618
464
620
621
619
596
554
586
563
532
462
555
531
590
558
463
564
556
589
587
557
588
