742
250
334
278
362
253
738
745
769
708
277
194
770
741
222
766
707
746
737
363
335
743
670
145
306
744
42
114
706
307
739
249
138
747
477
281
197
765
586
505
709
736
712
588
717
735
767
771
768
724
718
775
136
279
587
764
772
305
341
276
558
390
502
193
251
749
713
750
642
312
340
616
762
534
748
752
115
530
507
719
585
86
449
143
248
421
705
221
773
479
676
617
393
310
763
408
678
543
81
137
109
313
199
679
216
43
293
252
237
716
751
504
366
354
532
572
104
71
146
338
381
225
722
761
480
594
156
70
685
315
280
571
776
622
343
544
760
779
715
641
287
333
777
342
142
263
516
180
69
753
117
692
353
290
367
288
621
525
450
448
687
318
264
714
711
600
311
177
260
584
680
179
209
361
703
316
535
693
236
384
320
217
675
259
582
325
157
723
96
721
627
613
164
733
186
192
208
291
234
559
674
319
215
382
380
368
464
113
620
605
292
110
557
27
210
546
556
410
187
686
242
314
171
255
549
133
628
545
289
265
286
364
235
575
214
268
219
601
321
436
246
98
326
82
422
758
570
166
317
649
573
122
371
599
262
555
609
21
8
672
560
284
754
518
178
304
206
409
592
701
411
710
182
116
112
24
106
147
578
698
517
626
195
169
162
26
3
604
774
383
108
548
639
20
452
524
130
101
495
258
339
781
131
659
579
23
657
107
783
551
691
577
506
720
547
700
778
574
598
431
261
28
725
55
9
243
72
497
640
10
661
412
188
230
189
57
132
155
576
624
105
491
673
19
740
125
606
274
459
595
782
677
17
596
396
437
196
552
285
75
273
244
134
163
4
16
438
74
690
205
731
370
688
645
90
2
88
176
536
515
168
394
54
344
424
440
52
660
395
245
337
231
442
463
12
372
780
385
247
227
413
140
533
103
499
223
191
173
78
392
369
468
345
538
332
420
402
135
331
346
220
34
62
37
347
41
38
