670
362
96
590
197
474
306
334
696
283
44
724
335
171
676
477
92
115
618
114
89
675
143
646
446
449
505
708
705
472
647
169
95
390
311
91
256
557
473
251
363
305
529
43
94
117
90
333
589
744
648
591
118
531
707
221
123
421
255
137
743
642
450
93
74
668
418
144
745
747
282
706
145
669
138
712
709
361
741
678
746
719
614
563
72
97
80
279
556
81
444
766
650
566
170
767
702
228
583
130
619
199
447
307
443
503
471
86
388
718
689
502
263
748
193
710
109
704
464
124
769
120
753
717
291
770
726
79
278
610
127
535
567
125
174
752
284
475
165
142
290
119
98
677
742
649
779
698
108
679
292
749
525
126
674
310
122
76
121
733
318
592
582
713
71
415
176
693
641
113
594
738
425
564
768
558
277
559
99
403
771
379
223
441
64
499
580
437
451
201
611
45
778
528
716
289
740
230
186
607
391
56
711
765
408
507
714
492
42
739
147
100
75
667
460
570
440
243
561
148
498
731
470
172
128
264
463
720
588
173
202
554
686
400
367
351
16
782
231
526
375
339
416
639
216
700
254
548
551
448
662
621
701
205
728
605
1
777
581
4
225
617
249
162
149
760
497
65
671
673
265
565
146
494
300
200
303
262
259
389
688
409
577
204
399
730
452
576
229
547
274
758
737
312
754
585
520
14
407
141
31
206
761
222
413
104
82
354
496
550
735
246
270
436
630
622
620
435
352
645
521
257
227
85
272
575
568
469
84
636
569
685
579
7
25
198
680
73
501
493
54
250
434
301
26
466
302
695
506
465
6
55
0
131
764
30
723
328
573
298
381
326
211
571
393
376
345
546
244
405
168
414
715
20
628
613
572
424
524
190
661
632
553
140
442
410
158
555
626
214
33
356
40
373
527
185
242
317
67
606
188
672
663
468
660
757
235
601
522
380
331
461
687
404
603
52
22
297
253
396
269
536
189
382
560
433
32
24
538
261
374
432
28
729
783
57
330
353
629
325
623
233
574
203
156
549
347
327
299
10
29
155
15
616
340
332
504
329
232
17
759
412
385
338
772
539
458
541
431
736
226
584
545
500
697
530
430
775
175
543
411
734
355
478
542
139
69
419
132
336
368
68
308
387
417
66
358
586
751
360
359
