195
479
250
646
256
35
34
607
334
47
200
138
649
120
333
98
51
100
115
95
362
618
306
578
277
161
13
635
146
99
229
63
87
389
775
392
88
610
139
167
169
253
605
222
631
240
451
147
606
449
634
255
633
281
580
170
126
227
60
567
259
622
213
663
603
594
585
587
577
246
212
224
696
547
595
702
62
157
662
119
576
124
89
260
305
648
194
758
431
254
575
548
611
582
58
239
129
52
757
769
678
131
549
550
155
581
201
619
101
30
45
61
110
623
660
762
325
121
783
627
625
33
447
508
226
674
730
583
381
332
653
127
273
767
203
432
8
29
353
231
211
159
563
17
604
216
154
476
21
459
764
5
324
632
158
707
25
269
491
463
458
123
420
20
589
436
297
691
313
393
747
543
331
596
266
486
214
571
592
234
391
27
687
472
624
26
739
460
560
597
190
186
723
487
215
178
293
377
243
351
103
665
664
80
133
514
657
312
552
673
53
630
495
372
413
163
474
241
681
252
102
457
57
593
519
349
781
515
536
435
380
512
384
4
237
478
24
661
475
626
244
32
712
729
274
42
192
527
268
722
700
373
599
426
404
365
656
84
659
172
644
480
164
772
352
488
235
309
727
554
651
217
337
85
107
640
160
736
54
183
467
0
294
56
600
683
497
242
754
780
7
759
153
152
511
408
725
83
179
204
1
311
198
236
284
684
749
23
573
506
112
654
686
219
206
31
376
763
149
553
188
218
699
464
308
672
484
499
638
187
551
111
105
290
193
205
304
322
690
442
520
695
286
176
22
6
692
655
175
140
245
321
745
454
453
473
177
283
719
546
360
756
132
639
275
180
18
658
9
202
382
319
468
156
264
295
301
296
336
706
485
528
320
130
406
735
689
667
11
210
407
181
263
746
538
238
411
685
612
340
675
327
302
168
709
496
191
679
287
258
378
403
770
388
262
288
652
470
771
366
748
666
303
182
207
483
14
744
441
196
272
326
189
267
768
233
601
289
317
516
343
440
232
208
417
773
430
341
720
743
410
41
409
367
323
385
116
437
715
521
518
265
291
15
271
737
354
298
682
427
285
574
412
315
299
345
482
134
348
504
439
438
510
492
387
150
257
680
394
347
717
544
494
359
44
466
614
481
400
714
350
342
292
414
282
452
270
509
128
489
716
310
615
314
703
433
688
209
751
316
339
501
59
445
355
357
710
461
713
721
328
572
711
718
602
401
249
444
428
415
386
371
517
346
330
668
456
429
151
752
471
318
503
455
741
370
344
731
545
677
564
276
383
738
136
395
425
374
329
490
493
356
462
704
300
247
399
740
776
443
774
537
148
750
423
358
778
732
106
534
434
402
40
647
562
643
733
465
369
375
742
338
416
705
500
419
396
398
694
135
39
137
397
221
220
565
424
248
734
533
165
368
561
