0.00079393387
0.07774615
0.085586786
0.18114114
-0.082843065
0.09390998
0.14043355
-0.11075115
0.22160459
-0.01546526
0.14931107
-0.045485735
0.28148937
0.0949533
0.1069324
-0.14170456
-0.010254383
-0.07219958
-0.095130205
-0.023013115
0.001363039
0.0064997673
-0.12763357
0.031003475
-0.23717022
0.08171439
-0.0980134
0.11451006
-0.04608679
-0.11757612
0.23713183
-0.08288312
-0.06764555
0.11969137
0.25289202
0.24509072
0.5607047
0.76113653
0.42021036
0.78816724
1.119323
1.0037582
0.6293912
1.1515956
1.2463593
0.7680445
0.4946568
0.58108735
0.44355106
0.5914941
0.63984704
0.42848992
-0.080130816
0.02983737
0.0102825165
-0.036551237
0.052435637
-0.013817787
0.29017878
-0.07034874
0.088177204
-0.15237308
-0.016426563
0.47803283
0.9943435
1.1323228
1.124924
1.3870623
0.97422004
0.7935846
0.35856485
1.0900104
1.1782756
0.63761806
1.212513
0.6143069
0.7563057
0.8327489
1.0335484
1.4858875
0.7174778
0.59160256
0.1263361
-0.15087509
-0.0401299
0.16025352
0.61630726
0.5083246
0.7664101
0.62640953
0.7523532
0.9708431
1.3501022
1.2490394
1.2678227
0.9547782
1.4436581
1.2869565
0.95795536
0.8949616
0.5645952
0.18519688
0.1234858
-0.024254322
0.9591062
0.4127996
0.19261861
0.012196302
0.44476175
0.79268503
0.21730065
-0.14720774
-0.097121
0.28046632
0.67613363
0.9477637
-0.8150399
0.21773314
0.3536222
-0.040102005
0.31149983
0.48049307
0.72310686
0.7515831
0.37912583
0.25932956
0.5697923
0.64709854
0.38921666
0.14596844
0.1821549
-0.14121437
-0.41549516
-0.047928095
-0.042547703
-0.1998663
0.04723978
0.30300164
1.2718801
0.4332199
0.011734724
-0.08455777
0.77529764
0.77985525
-0.53555655
0.06677532
-0.026257515
0.086173296
-0.212574
0.043628693
0.24199033
0.09910631
0.08230233
0.407516
0.063043594
0.14933395
-0.17797995
0.14320636
0.46599007
0.13623905
0.29439807
0.25472593
0.16257453
-0.41302657
-0.51322865
0.36213398
0.55882335
-0.044104815
0.21608496
0.73809934
0.22184062
0.47954893
-1.0125158
-0.7041285
-0.07550478
-0.27073026
-0.011045456
0.12613201
0.44809914
0.25407934
0.421144
0.40938783
0.49050546
0.4422412
-0.35305
-0.18194675
0.41235495
0.21509743
0.111875296
0.106722355
0.16043901
-0.24752617
0.14605474
0.70373917
-0.4447372
0.3946457
-0.14391303
1.2376904
0.035998106
0.13186765
-0.09565163
-0.24196076
-0.16761708
-0.06820488
0.21173286
-0.090161085
0.24930191
0.16434383
-0.15791583
0.28512526
0.631459
0.3801098
-0.28258705
-0.0065131187
0.4859147
0.30370712
0.40210128
0.36709
0.09033823
-0.03475356
-0.34585977
-0.08022547
-0.25195456
0.2764089
0.38781476
0.7476542
-0.17013717
-0.17402148
0.36003017
0.1363337
0.04489708
0.030631304
0.012021065
-0.109004974
0.31503487
0.05180049
-0.30008793
0.15152407
0.60048103
0.53614163
-0.40593743
-0.03403616
0.0687294
0.46417737
0.2543316
-0.16984105
0.20023966
0.57423496
0.47948766
-0.4116528
0.94589686
1.1545615
0.36477113
0.382514
-0.32395267
0.0309968
0.45228386
0.05428338
0.044789314
0.06194687
0.15475726
0.07937479
0.19901156
0.110779285
-0.17103958
0.005530834
0.63381577
0.5042691
-0.1169703
0.025332212
-0.12920165
-0.03309846
-0.10285306
-0.11529875
0.22474289
0.46220803
0.835238
0.74111485
0.9661784
0.14434814
0.06894398
0.3877344
-0.088824034
-0.122579336
0.43733358
0.15218735
0.59491324
0.18981934
0.33488083
0.2700882
0.21801853
-0.0004892349
-0.0022830963
-0.19657183
0.65958214
-0.1666336
0.09681654
0.033649683
0.038473368
-0.11514616
0.039191008
0.14183521
0.04629612
0.56524944
0.48957515
-0.17179632
1.668836
0.84465075
-0.24157786
0.25298476
-0.1835792
0.19240785
0.8800273
0.2951305
0.3004794
0.16161537
-0.09814906
-0.19972467
-0.26129913
0.009474039
0.458009
-0.0031752586
0.24331546
-0.19869304
0.13504195
0.40352607
-0.15751028
-0.18289351
0.0067300797
-0.058674812
-0.072277546
0.5706985
0.71019006
0.34411097
2.009609
0.8440044
-0.5482981
-0.12728238
-0.4955151
0.14334679
0.63382816
0.15368652
0.005239725
-0.47175956
-0.36171508
-0.25527835
-0.40529418
0.5258479
0.55104136
-0.30079603
0.13770771
-0.33341885
-0.0071332455
0.24071836
-0.009700775
-0.16446733
-0.036329508
-0.057227373
-0.17648649
0.19104528
0.36988807
0.7829523
1.0594797
0.4658029
0.2558024
-0.20762157
-0.25350785
0.54357815
-0.32497764
-0.48090196
-0.73267436
-0.31423616
-0.5464618
-0.35150647
-0.040828943
0.58352566
0.5431726
0.017581701
0.008244514
-0.24337864
0.20040798
0.10488486
-0.0020899773
-0.16522121
-0.24414206
-0.39800382
-0.2261653
-0.15659809
-0.10308075
0.72749233
0.7364814
0.8340664
0.32283497
-0.2433691
-0.14278913
-0.18767619
-0.96069646
-0.93999314
-0.4663036
-0.4247787
-0.4627216
-0.5012939
0.20763707
0.6308768
0.48632145
-0.020495415
-0.068939924
0.39264154
0.3967104
-0.19473624
-0.21457887
-0.2708342
-0.28852677
0.08726692
-0.3720994
-0.30343962
-0.19474411
-0.23485804
0.8158059
0.06485391
0.23212957
0.58224106
-0.5064428
-0.69803786
-0.30549908
-0.3645246
-0.12396121
-0.21170688
-0.2640915
-0.425946
0.3005793
0.39426494
0.00095009804
0.06612134
-0.09555435
-0.41489673
0.21632957
0.015151739
-0.15906835
-0.18534565
-0.118293524
0.114377975
-0.52452064
-0.4932444
0.5087371
-0.0060908794
0.09930563
0.3478787
-0.13513398
1.0166109
0.9342675
0.72841215
0.37809324
0.23304868
-0.17946506
-0.30675483
-0.36662507
0.008887768
-0.018291235
-0.042648077
-0.01595664
0.12615299
-0.33656383
-0.4638598
0.35865617
-0.015090227
-0.3217473
-0.16815877
-0.19519949
-0.21565986
-0.18875599
-0.06273389
0.86892295
0.12928176
0.541548
0.72018814
-0.15526152
1.0074606
-0.6790762
0.9244139
0.37245488
0.16568685
0.026445627
-0.11991882
0.058861256
0.11481643
0.1981473
0.27112007
0.30177784
-0.03656292
-0.2111144
-0.378268
0.12406659
0.024154902
-0.06403637
0.25132084
-0.25753498
-0.019175291
0.23408556
-0.056864023
-0.11069727
-0.022651196
0.2941165
1.0849068
0.15479994
0.8314841
-0.7924497
0.12655115
0.43450427
0.022135973
-0.04524851
-0.08225441
0.21808577
0.5134976
0.5142484
0.422709
0.34553933
0.21581936
-0.27461123
-0.09504223
0.21274734
-0.003786087
0.12511444
0.27674437
0.032001972
-0.1584928
0.33895516
0.19770241
0.6292436
0.8662503
0.3090651
0.4833653
0.18257093
0.3847413
-0.22780633
-0.5231168
0.44273973
0.1750648
0.30641317
0.23916745
0.32466578
0.42550778
0.26846576
0.12052345
0.52410626
0.34169817
-0.06758547
0.056061745
-0.14414525
-0.101567745
0.16030717
0.23134279
0.27104068
-0.13244987
0.32428837
0.56863046
1.1010087
1.308028
1.1866579
0.13542151
0.082784414
-0.29675245
-0.7107594
-0.1875782
0.23825455
0.44737554
0.734998
0.8617151
0.692384
0.62453175
0.32744527
0.23364711
0.48306942
0.6107938
0.21772528
0.12710285
-0.04831028
-0.0008633137
0.2400825
0.25806522
0.6811905
0.44687748
0.8647146
1.0570035
0.6671622
1.108932
0.7036848
0.42254496
0.20937777
0.0019450188
1.24635
0.7053189
0.57244015
0.1788094
0.65457225
0.7729151
0.28451562
0.39356947
0.2932377
0.20184612
0.13440704
0.25455117
0.6285155
-0.07771897
-0.2760594
0.2477572
0.27337694
0.44420862
0.35405993
0.23499894
0.9288182
0.75608706
0.563447
0.92852736
0.43689513
-0.25599194
0.1877234
0.06913996
0.67132664
0.37950134
0.079052925
0.73188806
0.6773062
0.4255674
0.33527112
0.30917573
0.044101
0.29412723
0.21349287
0.21547341
0.39298105
-0.23191333
-0.18549848
0.23747325
0.29544544
0.014426708
0.21326733
-0.07738924
0.48636007
0.8255391
0.8255305
1.0955765
0.91656613
-0.2099688
-0.05103159
0.088588
0.6244159
0.54842234
0.1517396
0.50634265
0.7225814
0.0085065365
0.39764547
0.5545113
0.4048934
0.6185746
0.587373
0.40389037
0.15108132
-0.2516973
-0.22745872
0.26825833
0.40240717
0.34426904
0.2511344
-0.094578266
0.9241624
0.6267419
1.0615714
1.0471759
0.99192977
0.22555041
0.030778885
-0.072603226
0.44102144
1.1054871
0.14570737
-0.907151
0.12217951
0.07692075
0.0073149204
0.058892965
0.05791211
0.22255158
0.50183177
0.5558393
0.4847238
-0.18289614
0.0045757294
0.5053725
0.42938113
0.14969945
0.32730055
0.3765967
0.34518218
0.075820684
1.7266247
-0.18860245
0.49372458
0.0344429
-0.009051323
0.21543074
0.3670838
0.011672735
-0.18040681
-0.6350243
0.118872404
0.13852286
0.4516971
0.6428535
0.29811406
0.19517756
0.6674607
0.29629564
0.0647347
0.3920846
0.66578317
0.6617739
0.42809677
1.1675406
0.20773172
0.36316514
0.707021
0.55890083
1.6891642
-0.29438782
0.41797996
0.17055845
-0.09430027
-0.053553343
0.06644654
-0.3928311
-0.23081923
-0.14001083
-0.41767836
0.091436386
0.120200396
0.15178609
0.37470365
0.8476002
0.12665987
0.55499506
0.5181756
0.5627582
0.6391008
0.23845506
0.4089179
1.0205798
0.7844529
0.553252
0.82859063
0.1305592
0.6402581
0.44919443
0.10921478
-0.017734766
-0.06435037
-0.09626651
0.16786647
0.03870392
0.35901403
0.4243157
0.5778012
0.6820955
1.2418323
0.8002145
0.75678706
0.4061761
0.26374602
1.1156747
0.63058496
-0.09244323
-0.41648412
-0.22780943
-0.4799335
0.4963913
-0.06300044
-0.035963774
-0.03216672
-0.023171663
0.15252137
-0.10877657
0.06763077
0.075888634
