568
217
768
858
709
796
231
107
744
385
836
321
997
993
315
999
190
33
979
22
1008
289
868
973
314
64
580
324
897
884
805
575
161
172
916
63
483
220
968
454
6
38
418
890
17
612
668
24
295
189
67
516
981
811
1022
874
741
165
1021
250
866
39
135
115
574
57
607
34
191
23
666
936
145
1001
444
943
129
248
974
157
112
996
534
615
282
980
865
1012
102
377
31
937
445
347
863
1015
998
356
160
178
851
808
1000
509
477
266
539
283
764
134
792
947
967
810
184
846
823
795
260
649
853
633
860
388
821
442
58
441
800
827
731
420
814
18
942
13
807
762
614
343
636
956
448
270
216
910
241
572
905
889
351
597
268
302
144
276
854
1004
777
952
533
409
1013
378
781
602
776
553
346
311
277
791
425
280
713
476
422
824
1014
243
1005
504
634
681
443
426
301
540
274
246
300
758
177
338
730
242
428
745
944
372
883
779
310
627
718
847
693
299
411
759
432
306
393
912
335
247
603
751
427
626
727
267
695
278
750
309
911
333
361
717
498
650
507
879
525
475
461
329
625
554
337
747
275
749
752
662
725
339
336
748
331
559
362
778
746
682
535
279
332
715
429
714
587
406
716
555
298
330
503
405
683
688
628
588
431
396
719
721
342
394
308
363
340
307
726
364
689
527
528
374
373
499
341
430
720
694
395
497
530
556
500
526
464
562
594
590
589
593
529
561
494
557
496
564
596
495
595
558
563
531
532
463
462
