524
492
523
491
556
555
460
588
525
493
587
843
761
459
312
179
278
311
461
598
527
559
793
565
557
490
728
560
522
878
246
554
526
344
86
848
1018
286
586
566
723
847
22
837
564
842
494
771
0
712
986
597
240
528
680
766
208
592
55
630
1019
3
322
486
147
54
563
617
318
428
679
877
596
180
722
348
798
743
635
85
739
114
207
118
599
200
623
669
948
359
284
585
168
765
591
239
279
595
701
770
955
675
224
51
106
285
245
729
754
558
696
624
608
610
343
458
711
589
862
89
609
792
631
724
202
844
707
105
677
495
175
29
429
376
636
82
310
482
448
449
805
574
191
87
474
846
584
804
849
50
97
655
875
132
533
52
740
985
213
944
518
619
414
453
987
871
603
136
514
214
61
692
949
578
380
176
412
532
265
316
174
296
181
209
146
4
992
149
604
616
861
826
879
605
618
755
277
552
193
876
11
957
998
117
116
978
993
287
347
946
443
221
142
358
953
906
169
119
553
997
413
77
513
120
567
170
411
195
835
134
489
280
733
836
674
577
811
815
201
789
662
738
637
817
994
56
893
629
166
1006
802
863
611
115
663
258
697
977
691
664
916
74
786
78
521
830
167
483
354
144
384
546
313
326
254
894
68
156
157
57
104
234
138
10
534
480
353
25
103
155
845
520
816
976
417
772
93
357
569
945
162
90
638
753
920
422
455
255
954
620
442
923
760
133
345
648
488
838
1009
938
247
785
925
966
143
506
996
215
614
110
66
812
1020
91
910
427
537
756
226
325
141
45
644
960
390
381
12
970
487
389
628
665
995
241
867
921
108
42
388
971
645
649
656
1000
5
695
803
395
53
572
148
990
961
416
939
462
829
44
854
975
222
744
607
974
788
870
327
249
880
257
905
999
943
895
787
135
814
62
668
266
43
231
410
825
790
874
670
272
872
646
981
297
571
375
271
963
594
349
818
94
151
88
889
227
959
576
962
363
868
839
15
331
568
69
539
165
821
150
681
512
967
540
869
356
834
409
321
107
575
725
858
924
1010
881
855
24
457
632
913
890
182
46
408
627
352
281
319
927
505
9
73
377
956
477
757
441
979
273
379
317
396
67
721
600
145
342
841
36
601
1008
183
244
958
936
60
81
320
34
857
886
813
903
1003
154
678
1022
75
194
1007
909
947
83
1023
26
840
705
355
543
129
727
447
309
570
713
822
1017
225
873
884
2
573
667
478
964
188
642
965
140
362
473
378
304
562
784
192
732
922
612
160
991
95
423
374
898
769
545
385
189
92
260
538
693
708
988
519
65
163
917
382
84
582
509
303
153
737
633
734
915
288
897
364
305
896
270
98
579
929
397
901
928
887
210
14
70
444
536
968
100
1021
593
253
650
426
907
111
130
7
606
980
23
456
904
13
661
79
206
950
510
951
1002
41
706
806
900
332
810
919
109
783
892
324
158
451
779
551
238
544
547
407
613
758
177
535
235
102
501
323
531
259
481
780
643
918
742
125
773
504
314
833
476
440
932
391
647
32
759
590
37
767
1
710
819
218
161
864
276
930
203
699
306
496
752
59
291
860
450
121
472
64
72
128
479
454
866
220
634
735
48
406
952
824
989
931
700
774
217
49
28
730
198
223
394
250
1001
581
159
484
187
694
190
96
548
908
243
295
549
452
902
387
800
937
274
76
888
308
35
832
351
778
1012
211
702
809
350
439
256
935
475
30
300
113
515
797
58
891
425
782
33
171
926
741
152
298
212
275
251
185
337
550
196
289
561
248
580
973
850
172
293
731
164
463
502
969
21
329
315
856
794
517
137
541
421
330
302
333
865
71
690
726
398
186
781
775
859
386
1014
940
292
621
424
178
126
47
341
736
508
430
820
328
672
127
338
233
911
651
101
237
914
17
666
885
19
639
507
290
912
27
283
1011
294
199
899
933
709
263
500
934
112
768
419
139
503
698
242
471
764
252
262
827
882
6
445
18
828
746
232
602
299
301
942
373
799
485
673
682
748
438
750
823
40
615
751
264
415
99
622
307
420
749
470
418
336
983
365
393
173
8
791
747
660
38
229
676
219
1005
282
230
228
715
883
654
216
745
335
801
807
853
972
131
689
446
625
941
1004
405
236
984
704
762
334
205
686
339
796
80
383
268
982
1013
39
261
583
269
641
340
516
63
123
20
360
831
511
366
437
16
371
640
714
370
184
392
197
361
716
683
687
671
122
688
542
719
404
372
1016
626
717
720
469
1015
718
808
346
124
851
777
763
652
657
31
659
852
703
204
367
653
529
468
399
499
431
684
436
685
267
776
368
530
403
369
658
795
464
435
400
467
402
432
401
497
498
434
466
433
465
