653
285
651
14
405
172
686
468
216
721
187
517
56
174
496
240
242
369
328
284
490
430
11
488
181
204
135
148
457
338
299
190
493
85
601
207
298
589
356
628
521
221
18
573
256
402
467
106
274
688
494
470
720
456
483
346
453
512
137
643
498
563
455
414
380
400
226
401
441
324
282
198
733
465
615
80
454
650
271
202
433
391
469
658
778
510
352
478
375
406
301
520
482
339
423
562
684
740
509
302
323
272
434
689
358
283
461
374
398
407
165
475
368
537
471
564
640
257
378
489
675
220
151
481
704
443
474
429
447
300
462
329
734
419
612
330
399
696
503
694
668
533
309
415
379
351
397
425
388
501
44
565
59
444
416
561
39
79
647
40
697
46
446
224
418
473
47
614
