334
306
670
642
675
46
72
71
277
38
74
75
92
96
88
724
193
73
78
449
422
450
97
94
477
305
276
37
723
647
197
104
251
505
41
49
45
76
362
90
43
761
50
47
192
223
392
48
42
722
472
34
420
421
674
304
648
91
248
333
12
93
108
585
335
98
592
36
224
646
669
166
67
138
613
95
591
169
639
769
105
70
63
278
536
556
444
649
79
610
247
110
416
122
35
719
87
569
40
99
364
284
753
62
51
572
77
619
703
582
64
113
123
709
641
106
568
107
221
127
765
249
580
102
410
393
69
635
13
599
650
250
443
136
312
764
676
150
117
620
570
411
760
39
747
293
432
690
337
275
608
128
103
636
209
689
130
638
219
133
552
598
58
109
618
61
100
574
60
119
173
712
220
409
499
571
600
143
589
137
773
609
583
441
741
587
617
717
678
597
156
601
532
743
3
273
602
244
557
44
546
573
380
713
645
607
498
688
715
466
371
593
262
679
158
508
547
575
126
274
707
581
698
426
311
125
497
701
33
590
767
394
211
365
779
82
704
246
195
131
194
538
637
381
86
691
627
563
663
149
52
121
222
353
66
473
671
783
726
317
470
124
768
439
716
710
711
155
30
461
780
634
363
469
352
579
408
101
758
437
165
189
260
540
157
661
782
628
427
588
739
403
729
611
164
129
243
434
433
154
462
596
319
451
225
526
413
351
520
118
406
445
564
766
535
1
476
414
184
57
140
616
687
699
2
152
115
762
238
32
89
153
622
288
185
85
5
294
167
8
551
781
718
757
537
142
201
721
168
183
56
213
25
660
28
27
236
750
16
344
289
120
242
754
524
383
548
692
54
281
468
459
553
662
279
345
239
23
507
212
265
728
9
744
404
428
479
240
415
266
310
749
375
644
234
206
292
19
493
178
180
633
287
141
730
370
256
318
681
11
208
471
438
626
235
554
182
496
367
0
6
207
522
179
382
521
163
429
203
204
264
181
623
621
453
20
755
145
657
625
245
112
440
510
321
68
29
708
430
231
407
218
651
84
291
379
322
398
560
629
658
727
354
55
283
777
400
241
664
159
672
667
431
307
10
21
680
230
436
615
263
624
567
565
519
457
492
342
227
683
763
374
267
259
17
186
673
188
465
643
668
458
405
555
759
543
53
534
134
778
339
606
261
135
402
160
702
18
748
541
272
693
280
720
116
545
237
686
4
396
216
187
482
539
147
487
343
460
523
373
423
214
176
706
424
229
205
22
233
700
509
399
372
323
378
682
303
315
666
756
349
594
746
386
467
314
576
286
24
347
490
401
332
320
384
290
732
512
191
481
309
7
270
696
369
528
172
714
26
139
494
217
395
652
772
31
215
348
302
65
385
111
525
604
346
377
677
268
486
83
630
252
566
177
258
491
210
513
463
665
731
397
685
655
694
527
412
542
350
550
533
656
478
151
271
114
456
549
356
301
725
232
196
518
544
561
295
740
517
495
376
316
285
162
511
454
313
653
455
515
59
483
366
484
514
504
500
776
341
485
640
516
387
357
774
612
336
308
368
359
