107
276
248
249
277
304
193
41
46
88
371
723
48
63
62
106
332
642
166
110
40
47
703
38
39
78
35
278
334
359
34
50
343
369
250
221
37
220
36
342
587
135
746
315
370
116
741
345
13
341
90
742
768
251
398
368
731
372
45
105
360
639
745
534
738
386
420
12
717
165
49
620
763
136
667
331
223
317
316
774
75
87
71
732
592
691
392
51
192
247
771
191
195
167
762
344
174
772
652
373
739
707
695
346
619
582
42
722
241
402
770
743
737
422
164
303
60
108
284
77
767
219
713
152
397
180
773
294
69
150
718
122
394
375
351
54
194
357
322
70
139
64
314
725
203
287
585
555
358
364
374
643
499
608
365
401
288
764
561
715
716
595
333
709
318
133
571
400
532
160
427
265
500
740
224
27
751
396
293
112
721
543
61
403
735
23
616
674
706
58
692
57
159
385
272
593
594
445
204
744
312
680
261
157
609
665
719
3
217
102
129
185
429
682
275
710
395
664
123
684
666
432
151
699
243
163
736
72
21
187
154
313
714
489
121
556
690
544
522
28
727
689
306
196
153
622
237
428
232
780
281
679
161
596
188
43
588
176
461
644
120
761
104
672
2
753
645
52
430
755
393
270
205
521
552
128
222
694
615
387
513
305
202
570
32
769
20
8
168
638
138
91
33
683
510
460
783
724
520
145
230
301
271
353
149
111
577
549
584
0
607
604
662
423
554
654
9
538
347
655
617
465
182
103
490
781
302
459
299
242
578
274
137
488
647
765
234
6
19
541
119
231
756
720
233
140
476
329
300
551
113
542
569
413
340
700
130
148
127
17
82
630
653
218
155
380
411
10
636
486
729
215
289
260
635
73
184
685
579
24
548
426
624
550
328
701
339
208
455
410
210
631
606
533
575
681
611
637
5
686
181
632
517
354
754
760
776
601
456
1
597
379
146
431
325
85
269
598
576
782
262
560
158
605
602
491
326
141
324
599
649
253
583
179
206
186
747
437
66
511
629
524
264
227
213
600
266
516
229
633
663
581
235
323
496
438
494
757
352
83
485
244
240
131
553
327
480
7
76
458
84
173
634
31
412
730
4
711
381
758
625
528
515
101
435
464
183
367
236
562
147
337
603
94
759
245
53
336
189
263
239
573
712
216
18
175
471
750
766
126
752
132
512
628
572
252
22
350
190
384
527
29
399
92
280
626
481
416
74
209
536
493
214
484
492
207
567
514
246
56
623
613
526
11
125
547
708
355
443
658
540
424
172
414
309
382
26
463
405
580
124
407
409
79
404
436
238
16
59
273
89
497
366
259
255
659
97
673
641
376
100
671
518
453
775
591
670
55
728
627
308
537
30
657
535
610
258
25
295
568
539
286
98
574
378
406
177
466
519
483
495
15
462
408
211
648
687
99
487
507
434
162
95
748
778
439
509
482
479
749
677
178
298
267
546
650
660
669
134
14
156
330
433
212
656
467
675
508
525
415
377
440
144
93
285
68
348
661
668
621
44
96
640
441
504
442
468
449
457
335
383
421
777
201
498
688
565
356
319
505
142
523
545
586
454
117
564
452
268
290
470
734
225
291
472
86
704
651
109
