-0.0014624596
-0.0026688576
0.008452892
0.121487856
-0.07645655
-0.074976444
0.055877686
-0.086411476
0.0529716
0.107322454
-0.00669384
-0.06529951
0.274534
0.06130171
-0.18156672
-0.08084917
-0.16619062
0.06784415
-0.1200161
0.12908387
0.19255328
0.11397052
-0.019182205
0.12475395
0.07827616
-0.22838402
-0.03387308
0.1365912
0.13246632
-0.07975769
-0.13187742
-0.09823942
0.02353859
0.014996052
0.31030965
0.2612059
0.019583702
0.024707794
0.32111835
0.023607254
-0.008448601
0.24638271
1.0533719
0.20436788
-0.5332842
0.19328284
0.71399784
0.18742776
0.3790996
0.15638375
0.21269417
-0.026944637
0.07017565
-0.044548035
0.13079524
-0.07363033
-0.06794071
0.09257865
0.047976494
-0.31169796
-0.10967159
0.0558393
0.6126752
0.40470314
-0.29733515
-0.8557234
-0.084236145
-0.44543695
-0.49633265
0.027572632
0.2963915
0.7743652
0.2940538
0.22536516
-0.1448803
0.3186443
-0.11220741
0.02080965
0.24144244
-0.56258297
-0.91833496
-0.59231806
0.04603243
-0.051386356
-0.012374878
-0.08270025
-0.10308313
-0.0012159348
0.7869828
0.09727764
0.5488224
-0.11679602
-0.0317173
-0.34496546
-0.11248016
-0.34842062
-0.3013754
-0.08335686
0.01592207
-0.093476295
0.010183811
0.11207914
0.19262314
0.3781197
0.3231163
0.5626719
0.83045197
0.9960773
0.3509922
-0.18003464
0.9466038
0.05966711
0.14552283
0.117078066
-0.059987545
-0.28311014
0.8593383
0.12544346
-0.54695034
-0.005104065
-0.17722797
-0.21508789
-0.18031979
-0.34551477
-0.47397852
-0.31961584
-0.4627924
-0.32426214
-0.09659147
-0.13658285
-0.19081545
0.1780374
0.035681725
0.47229195
-0.10221529
0.61763644
0.9372058
0.30068874
0.2954557
0.04907751
0.096524
-0.044237137
-0.3898487
-0.39624166
0.052723646
0.77110434
0.34725547
0.10863733
-0.013520718
0.039385557
0.050923347
-0.31862926
-0.0844059
-0.2531867
-0.31156063
-0.28495407
-0.6691184
-0.42604494
-0.35516548
-0.21753311
-0.042764187
-0.013538837
-0.15937185
0.17777252
0.42359853
0.2637055
0.6879544
0.29678535
0.026102066
-0.4415145
-0.63957405
-0.60764885
0.37597966
0.47742605
-0.27962685
0.059774876
-0.063687325
-0.059007168
-0.33311272
-0.02684784
0.07637048
-0.2921281
-0.14647484
-0.09561443
-0.1698761
0.052051544
-0.1541524
-0.11207771
-0.17129087
-0.23121357
-0.15583181
0.10910797
0.43812084
1.0417635
1.4869776
0.40254092
0.09756231
0.1961143
-0.83340216
-0.24272966
-0.47463274
-0.37144232
-0.4139328
-0.25134802
-0.12406397
-0.053762436
-0.11277342
0.14461565
0.026896954
0.044649363
0.007756233
-0.03561735
0.13613296
-0.0009937286
-0.07143688
-0.01252079
-0.037598133
-0.018784523
-0.23328543
0.25466847
0.26940393
0.58014584
1.0517924
0.48155546
-0.09765482
0.018350601
-0.8068404
0.09745979
-0.9066081
-0.14049387
0.009097576
-0.14714289
-0.005215168
0.037971735
0.077123165
0.030857325
0.08411002
-0.09476948
0.04505062
0.19138551
0.19406772
-0.046917915
-0.20353794
-0.4286995
-0.19226885
-0.037469387
-0.14216423
0.0051369667
0.73836565
0.9619682
1.1016204
0.47230268
0.15392256
1.3434405
-0.3828249
-0.14110565
-0.56168556
-0.6256337
-0.053888798
0.08984208
-0.056843758
0.16388297
0.005399227
0.056459427
0.0772295
0.16257858
0.13365626
0.0021195412
0.48510933
0.35012674
0.14589024
-0.40484285
-0.40182734
0.1409545
-0.34410667
-0.36195278
1.02423
1.5205693
1.3846109
0.4925475
0.2182064
1.389899
-0.633852
-0.55444
0.25007296
-0.028292656
0.06011963
-0.29451132
0.18686652
0.2275877
0.34420657
0.3691101
0.49488497
0.4847796
0.3410294
0.3273306
-0.096066475
0.5731847
0.52353716
-0.32095242
-0.43247366
-0.37646055
-0.41328764
-0.34487343
0.53357077
0.99551105
0.92883396
0.23992252
0.005438328
-0.1428113
0.48997235
-0.2353754
0.45894337
0.20680428
-0.09613991
0.43401718
0.3873582
0.35623908
0.6694398
0.28210855
0.6884985
0.23128223
0.38381028
0.49266696
0.22601867
-0.102241516
-0.013118744
-0.07541418
-0.3467579
-0.34118843
-0.54985285
-0.22705507
-0.045514107
0.14068723
1.781596
0.8082464
0.1641841
0.32547832
0.34683466
-0.06942177
0.3573594
-0.70387983
-0.53658676
0.5056281
0.29277897
0.19108605
0.1692915
0.22746491
0.06054187
0.24139595
0.14298415
0.62508416
0.3310814
-0.2413249
-0.24778748
0.037725925
0.09950352
0.050405264
-0.17433214
-0.16447353
-0.6781597
-0.5288329
1.0309515
0.63514566
0.23155904
0.036922455
0.6210482
0.069098234
0.52685285
0.39517832
0.037208796
0.1895504
0.45782995
0.09544444
0.11543727
0.17975068
0.3334639
0.25583434
0.23582625
0.5586984
0.24020481
-0.214746
-0.1247592
0.22905803
0.18427634
0.10970092
0.15002418
-0.19334364
-0.5485654
-0.858201
-0.35699987
-0.91888046
0.46542382
0.68980145
1.0144486
0.21423912
0.3403709
0.0508492
0.12837267
-0.32131195
-0.07341671
0.15904403
0.28755665
0.17657709
0.05137682
0.13212013
0.10499287
0.29974198
-0.15171194
-0.16411543
-0.004729748
0.22991562
0.09789944
0.0003528595
0.1353147
-0.12985754
0.072010994
-0.3072977
-2.0800967
-0.81688595
0.59184766
0.19754839
1.2082777
0.19681883
0.16854358
-0.38328886
-0.10856056
0.011939049
-0.17889214
-0.020228863
0.007127285
0.22648263
0.28239536
0.044635057
0.08624506
0.12521386
-0.2172513
0.031837225
0.16214561
0.00877285
-0.018851757
-0.020066738
0.2210269
0.19985199
-0.23759317
0.030821562
-1.8786302
-1.0884333
-0.14188051
-0.14083004
-0.097383976
-0.31835365
-0.1831665
-0.07749462
-0.2506466
-0.13063097
-0.044237614
-0.26508904
0.025578499
0.37013412
-0.14884806
-0.07663965
0.2375493
-0.07727146
0.020275116
-0.04557848
-0.07875681
-0.038490772
0.18998098
-0.05598545
0.06398654
-0.01639986
-0.08355522
-0.28730726
-1.1841888
-1.1881452
-0.051876545
0.31691027
-0.24755526
0.047716856
0.03958893
-0.24493504
-0.16606045
-0.14283848
-0.22692394
-0.087179184
0.0928731
0.093930006
-0.09076214
0.050911903
0.014339447
0.014811039
0.037397146
0.046223402
0.073667765
0.14369512
0.1337359
0.2712102
-0.0745945
0.27591252
0.19379663
-0.5632982
-0.2868166
-1.0902181
0.28037357
0.33811164
0.057015896
0.13505793
-0.23924589
-0.17848969
0.0012974739
-0.16135073
-0.14584541
-0.09603739
-0.17377949
0.033889294
-0.09009266
0.18227744
0.023078442
-0.051152706
-0.27364302
-0.054728985
-0.15464735
-0.18267727
0.13322616
0.21648073
0.059627533
-0.03638506
-0.013133049
-0.72106075
-0.072163105
-1.1218066
0.38723516
0.25009012
0.90146065
0.2316482
0.07521343
-0.16434479
-0.06631613
-0.39794493
-0.23677254
-0.42296743
-0.2567482
-0.2342763
0.29461002
-0.2641058
-0.034192562
-0.023622036
-0.10142517
-0.23843575
-0.15589046
-0.086791515
0.059399605
0.09646082
-0.079781055
0.2041018
0.08809352
-0.6675134
-0.7992072
-0.343503
0.10121703
0.047554016
-0.1300149
-0.3026905
-0.2698183
-0.4599862
-0.5513687
-0.3838005
-0.31270075
-0.24008608
-0.12072563
0.23427296
0.23813629
0.29465413
0.2448194
0.06533861
0.22081375
0.16979337
0.20975041
0.17231154
0.15686321
0.4097762
0.07901192
0.74240136
0.40378046
0.41410565
-0.0015625954
0.74280906
0.5734947
-0.34746265
-1.0730977
-0.28639746
0.3036132
0.030718803
-0.08987951
-0.080233574
0.014511108
0.028679848
-0.011688232
-0.016943455
-0.013838291
-0.10777235
-0.053595066
-0.08870697
-0.32048178
-0.2020545
0.013347626
0.09937072
0.08512974
0.011804104
0.7078304
0.045316458
0.81389475
0.017095089
-0.79471874
-0.033785343
0.37198424
0.3460939
-0.65634584
0.05371523
0.259104
-0.22717285
-0.09609842
-0.36593723
-0.20881605
-0.17995977
-0.16162777
-0.18923855
-0.15160036
-0.3261156
-0.28926897
-0.20344305
-0.35029268
-0.3827281
-0.38842106
-0.145226
-0.12612343
-0.15951014
-0.22062922
0.08314967
-0.52423
0.0560863
1.107985
0.05624628
-0.08610439
0.023152351
-0.44547558
-0.024658203
-0.032322884
0.073489904
-0.23930931
-0.3862195
-0.044520855
-0.25251484
-0.17490673
-0.32397413
-0.19271803
-0.13814354
-0.19228125
-0.26582575
-0.288054
-0.1695013
-0.4806242
-0.3508153
-0.25237942
-0.18126917
-0.44907427
-0.22244501
-0.41859198
-0.048388004
0.9617703
-0.14202404
0.06477475
0.0051651
0.46258402
0.14029121
0.07438469
0.5792582
0.26931834
0.39734936
0.09773946
-0.11483383
0.06260228
-0.20357466
-0.3161168
-0.10371685
-0.12258625
-0.20066023
0.12082815
-0.28351212
0.14991617
0.111804724
0.11076832
-0.2865324
-0.16952372
-0.37905312
-1.0102167
-1.2511787
-0.20269966
0.030025482
0.009478092
0.11580825
-0.5201721
1.2420216
-0.15944767
-0.06689453
0.75158954
1.00107
0.54883385
0.72415733
0.13547325
0.08165479
0.20867372
0.30934763
-0.0003786087
0.031897068
0.22989821
0.6519575
0.59168506
0.25584984
-0.06970024
0.29833388
0.7311716
0.6329818
0.43768263
0.36099935
-0.29242134
0.015030384
-0.064572334
-0.03314209
-0.011878967
0.35762477
0.21608639
-0.21152449
-0.17347336
0.38390565
0.31138325
0.6137345
0.9670315
0.38529348
-0.1096344
0.92591023
1.0715015
0.8130114
0.32829952
0.83754134
0.9111595
0.47172737
-0.17058182
-0.059708595
0.4004283
0.15293312
0.038199663
0.22517371
0.13318825
0.061461926
0.020091534
-0.016259193
0.019474983
-0.14504147
0.26399374
0.734751
0.5682523
0.40345693
0.28980017
0.6820705
0.71689343
0.39149952
0.6539047
1.4568107
0.5468159
0.55466676
0.868948
1.3560498
0.5092833
0.47749448
0.2547629
0.19691133
0.12218833
0.23106074
0.0051755905
0.13149142
0.014567852
0.104491234
