369
400
432
401
368
367
433
688
720
689
399
336
465
721
366
335
370
337
690
334
657
718
339
402
338
752
750
719
751
371
722
687
464
621
620
470
431
717
502
753
535
471
685
305
302
392
503
755
972
360
971
783
307
301
306
438
267
940
982
652
467
588
587
653
941
534
754
787
756
723
439
686
691
499
749
782
522
269
424
917
457
589
658
885
786
490
361
1002
393
909
656
219
303
724
555
218
403
268
263
377
212
949
684
425
795
619
274
376
784
554
304
440
466
950
781
327
184
173
275
908
1013
567
345
757
238
469
762
716
340
243
172
349
489
186
24
19
703
415
295
472
1008
20
344
381
983
590
456
123
264
185
23
948
206
785
216
407
383
622
1016
409
939
831
984
124
853
942
10
933
797
748
408
918
648
382
725
1004
852
937
111
28
899
150
60
21
262
272
178
599
794
251
8
110
187
970
692
481
328
6
249
886
420
27
126
61
458
213
931
270
676
211
583
659
968
747
827
53
250
969
11
736
276
855
241
916
800
566
799
76
602
387
932
864
152
7
109
919
824
951
776
45
801
985
515
600
511
579
59
570
131
989
181
866
513
43
242
30
289
832
450
31
359
833
39
497
196
171
483
282
4
814
823
418
197
912
294
935
1015
391
741
769
671
726
164
195
973
905
101
94
1
33
586
326
928
386
615
920
14
774
930
93
702
205
5
237
204
601
887
323
934
856
13
99
128
121
163
952
547
640
100
900
516
151
229
860
26
803
550
666
964
451
616
40
228
512
733
1014
223
182
647
825
500
165
577
966
350
876
865
639
730
137
42
926
203
796
79
127
921
915
419
857
929
154
167
777
351
767
188
822
683
125
891
62
292
155
37
449
317
734
904
293
697
225
812
813
862
981
549
480
764
32
521
9
538
255
145
482
660
834
828
227
1017
256
506
199
192
835
991
22
160
780
64
133
802
896
897
257
632
791
452
140
444
830
51
226
548
38
959
41
378
641
898
936
122
174
239
775
517
859
208
388
546
956
78
771
416
320
773
673
485
183
988
884
758
265
894
805
947
829
69
704
414
215
669
417
642
612
544
634
977
484
808
539
901
71
863
914
710
958
1003
670
447
967
273
63
224
209
271
169
738
649
142
509
92
2
576
324
698
838
768
715
806
927
54
83
699
313
112
46
198
153
454
770
742
643
143
442
12
519
70
995
765
893
811
645
861
807
961
907
170
810
423
77
44
29
290
488
36
413
120
410
745
446
667
1021
0
778
244
672
739
254
319
220
281
129
571
479
348
288
72
445
193
580
91
635
542
990
651
135
514
541
96
779
584
581
52
508
604
603
611
924
551
953
156
50
665
102
108
892
680
261
840
877
545
175
903
902
965
607
895
708
35
836
478
854
938
582
873
217
923
507
161
954
609
772
925
572
80
1011
475
235
16
358
638
68
711
148
871
487
117
709
285
735
737
18
412
633
202
75
291
922
114
763
957
84
987
82
245
162
17
287
385
353
252
107
790
510
868
47
258
66
259
668
701
159
314
476
325
614
130
743
888
346
858
286
355
889
518
963
540
637
372
136
468
980
477
1018
867
732
744
113
58
166
194
1023
890
870
421
354
610
1020
543
705
207
906
1022
654
731
839
180
119
826
176
132
253
232
95
613
706
177
883
636
141
694
955
578
144
999
222
1000
190
308
872
729
700
81
962
944
296
498
65
598
644
356
134
3
260
138
740
536
1019
48
149
434
677
49
236
352
798
87
678
986
67
380
504
675
411
646
845
1001
318
816
146
766
793
605
214
443
608
97
874
322
158
875
474
714
389
25
707
448
804
809
996
73
1012
501
976
435
105
98
157
210
233
56
712
960
913
674
321
455
575
103
681
606
191
115
553
844
664
139
537
552
357
384
505
86
297
106
841
15
426
869
746
240
568
486
837
815
453
298
89
312
104
333
880
280
679
179
379
234
693
573
118
278
34
90
74
760
998
520
422
168
997
316
248
231
569
277
663
631
843
1005
846
820
842
713
945
992
230
993
789
556
574
390
759
695
994
946
978
761
88
979
881
618
55
116
85
284
682
147
696
201
441
727
283
821
365
57
221
533
585
788
911
650
398
473
1009
851
279
975
817
910
819
728
818
1010
629
565
266
523
630
189
792
617
1007
200
329
246
882
299
459
315
628
661
564
662
404
330
597
491
437
943
347
655
247
850
436
300
878
309
879
375
557
849
974
531
596
362
532
394
310
847
427
311
405
1006
406
848
343
627
463
341
373
332
524
496
623
492
374
625
430
342
460
624
331
626
397
558
395
595
563
530
428
364
396
591
363
429
462
525
529
594
461
592
562
593
495
528
561
493
560
559
494
526
527
