272
220
582
551
490
573
442
519
510
567
427
141
626
125
595
522
763
343
346
740
727
120
605
574
57
636
413
604
385
316
568
315
701
296
142
433
429
523
782
191
406
327
290
353
122
288
549
409
470
630
483
56
541
539
152
722
457
632
579
319
435
493
356
293
638
322
337
631
331
730
578
21
552
781
164
667
153
160
205
652
383
380
407
536
260
438
517
84
664
455
173
155
629
488
495
481
674
628
612
27
587
95
168
98
377
379
528
276
147
8
131
112
728
472
83
10
464
560
431
266
273
371
485
329
525
570
245
408
666
317
355
9
532
658
118
497
156
148
23
4
82
577
399
616
585
129
471
207
97
24
382
627
754
583
179
575
647
648
218
654
381
511
721
524
400
345
564
681
30
694
576
758
192
673
357
193
584
700
146
412
469
239
26
656
404
672
384
284
660
101
270
603
295
569
450
267
623
651
55
459
232
704
439
287
215
128
597
602
639
321
761
314
100
653
240
396
275
294
447
617
16
432
772
180
753
181
633
550
482
344
440
182
303
185
214
720
244
688
373
247
556
235
537
622
263
358
538
99
230
768
368
217
677
684
219
663
661
113
188
251
176
509
518
657
162
679
187
228
451
43
599
349
204
563
289
594
89
354
410
646
211
662
165
428
126
189
264
231
44
669
198
751
150
659
313
600
237
764
760
456
588
241
393
210
601
238
104
285
734
655
134
213
598
117
202
376
424
254
259
208
127
341
268
531
559
246
557
475
170
692
248
236
566
534
682
174
183
504
286
689
683
184
533
776
256
130
771
640
269
333
366
680
212
678
512
209
714
641
618
735
243
391
281
258
372
716
280
719
507
736
186
216
675
274
715
312
589
687
144
686
778
42
767
339
386
479
775
503
535
86
242
752
340
586
724
711
765
255
252
484
367
777
506
480
80
282
169
448
718
421
452
750
779
739
693
685
733
310
530
717
389
338
749
194
668
143
747
199
277
418
748
279
713
746
769
696
737
710
278
590
222
770
109
250
741
136
115
361
766
138
145
743
706
306
283
709
446
474
449
738
171
505
712
221
707
311
137
305
558
81
363
334
335
249
744
745
742
477
676
670
253
502
197
307
390
114
705
708
362
