676
675
222
562
618
165
418
736
305
701
306
334
506
450
82
279
768
449
758
560
502
765
613
671
668
772
760
362
451
774
169
25
749
477
696
224
698
746
561
740
615
146
558
707
277
44
248
745
705
773
646
390
53
4
557
118
282
447
243
591
22
589
86
566
428
56
148
1
722
59
564
585
782
783
673
739
697
531
51
151
559
742
588
669
747
769
452
361
307
276
58
530
594
750
43
529
123
776
429
338
533
654
150
308
507
770
655
244
280
755
717
16
505
12
47
252
541
536
391
693
761
595
592
653
156
141
299
706
339
667
304
677
93
711
332
68
474
367
656
535
78
261
567
171
122
778
119
565
153
715
777
250
117
396
152
116
430
124
563
260
710
508
125
503
753
651
130
395
620
712
647
718
424
271
144
650
666
685
713
625
147
41
621
683
220
55
674
217
272
154
684
737
155
614
126
448
537
550
24
638
421
714
754
402
702
63
310
149
33
135
478
652
246
741
730
623
5
624
174
215
393
114
84
642
781
26
700
682
538
129
466
216
74
31
87
709
327
686
394
192
392
622
245
218
681
657
30
726
523
690
720
127
273
157
259
549
759
679
570
360
680
274
121
247
433
649
688
300
687
79
214
495
596
479
173
467
637
619
678
572
186
189
663
494
692
522
347
375
568
521
593
326
301
403
571
648
64
542
184
691
583
188
275
524
534
413
401
493
219
108
520
158
573
185
602
601
328
372
187
626
374
383
496
551
599
600
302
134
128
388
414
658
412
661
368
257
258
199
636
94
465
106
510
136
99
431
354
659
331
437
708
346
266
295
373
481
555
159
660
432
101
408
321
294
400
399
576
384
256
355
397
283
427
609
379
98
574
66
175
100
227
635
509
190
411
438
528
471
407
539
145
548
435
628
445
575
627
235
440
443
120
255
133
603
527
629
662
348
598
460
340
382
345
577
492
233
353
470
597
234
469
75
380
439
519
604
324
381
298
371
480
500
540
352
436
468
482
132
605
303
632
183
569
385
578
630
461
631
232
61
579
231
547
633
102
325
582
442
236
441
606
554
237
72
552
634
497
426
721
472
19
270
131
230
200
409
70
406
670
434
417
410
97
89
416
96
160
191
77
689
757
511
172
73
608
223
607
104
142
249
556
177
404
732
205
581
103
213
453
612
193
204
322
267
356
284
206
297
76
309
398
161
242
143
716
201
163
162
546
532
526
176
359
498
229
473
241
262
719
164
584
207
610
311
202
454
545
254
95
182
344
203
525
251
590
464
415
238
265
387
419
738
764
34
336
268
462
369
8
52
341
320
109
57
457
319
405
170
458
664
586
67
553
724
704
376
197
312
378
49
641
17
459
330
491
580
752
60
351
65
513
85
349
645
389
499
285
483
269
640
168
23
228
775
178
734
179
644
727
446
139
639
425
587
463
18
36
335
337
476
3
329
475
80
725
225
45
779
751
239
54
208
28
296
50
501
364
423
13
14
767
105
512
88
180
83
196
38
313
113
240
518
293
11
221
198
444
728
780
226
90
37
15
616
611
29
212
9
195
694
318
0
181
504
323
92
209
140
253
699
111
32
617
729
40
112
723
317
744
7
756
343
489
420
456
422
377
6
39
766
743
386
350
488
62
211
665
455
695
363
138
316
167
69
10
107
166
46
115
544
748
35
358
365
703
643
672
735
110
315
731
20
264
27
762
21
137
2
333
771
314
357
292
517
81
278
370
281
42
763
342
543
490
71
366
210
48
733
484
291
91
194
487
286
263
290
485
514
516
515
