459
598
526
754
490
724
624
588
559
494
691
793
597
786
728
527
592
630
591
619
692
458
654
815
787
586
816
631
876
877
618
599
785
617
522
656
753
843
971
428
663
939
766
817
554
765
585
908
662
489
760
729
560
620
429
1018
1006
788
557
240
403
789
848
725
404
970
686
849
721
371
978
696
875
457
992
653
397
842
974
798
784
792
949
847
565
629
239
993
272
566
948
825
427
271
830
814
938
909
844
711
940
664
846
396
436
680
180
757
959
649
837
246
874
4
972
771
743
697
648
826
344
975
907
596
679
312
829
916
311
616
733
348
181
437
488
61
885
213
701
821
278
286
245
752
600
168
513
1019
635
917
343
886
207
265
994
359
179
905
214
208
822
487
0
518
857
977
797
906
483
981
438
960
3
794
167
470
202
872
950
370
584
611
486
456
862
303
790
528
998
29
675
855
622
381
234
739
45
169
712
973
270
227
395
871
224
226
985
669
60
840
870
11
85
133
660
481
961
201
192
327
149
506
632
910
284
26
296
52
57
142
707
449
482
1009
991
195
326
414
322
148
861
136
147
927
838
957
12
215
805
89
59
163
986
281
514
166
51
349
677
305
645
937
568
313
894
858
770
318
285
920
804
376
5
256
77
604
170
273
577
91
818
941
43
567
695
982
304
955
86
25
266
117
924
578
839
200
132
162
495
603
922
835
958
863
670
44
538
553
878
505
783
135
46
845
668
94
854
740
7
519
450
416
455
380
953
413
175
638
13
105
904
353
154
926
637
967
474
255
62
426
990
363
316
398
667
579
569
512
1007
552
869
925
358
1002
6
323
320
453
182
772
867
387
317
546
297
987
279
411
310
54
644
730
254
225
199
141
110
212
93
647
14
185
238
945
636
405
221
678
710
111
174
936
138
106
28
157
738
932
84
811
605
79
643
19
702
231
354
574
836
610
442
30
521
384
609
27
570
109
75
249
264
153
193
918
121
90
15
134
233
155
806
97
10
435
379
68
118
478
537
900
423
887
78
889
53
55
36
365
160
921
802
480
377
382
868
417
390
253
448
143
82
841
515
150
576
705
350
222
173
188
544
58
893
543
137
83
291
280
520
126
608
803
734
704
324
258
891
288
159
451
294
962
742
156
737
378
206
232
196
1003
287
244
479
890
510
422
928
968
769
443
834
345
469
186
412
191
2
951
306
24
282
115
976
447
997
194
165
357
140
539
116
73
176
74
956
895
873
88
241
108
672
187
9
352
20
120
391
103
551
65
37
22
69
799
444
410
319
76
125
100
219
550
247
646
452
923
263
47
439
767
21
549
41
954
642
257
661
104
676
251
220
607
736
172
131
277
406
151
823
325
42
650
321
389
295
302
252
114
995
424
33
283
50
66
409
95
708
183
639
1
35
351
300
744
128
130
388
966
32
484
386
674
250
164
92
810
800
946
293
983
328
898
963
203
331
262
8
859
685
48
72
198
673
606
944
964
375
40
289
545
913
152
127
356
634
218
831
612
575
477
573
107
146
217
383
292
67
613
930
571
454
700
775
259
129
1017
903
901
601
572
774
248
161
509
56
418
355
229
189
809
184
235
709
290
190
223
547
364
415
614
866
123
64
314
853
965
402
996
122
860
824
385
347
693
773
732
706
581
101
144
421
139
582
628
87
338
23
468
580
39
899
70
34
931
425
902
171
237
16
49
476
517
485
540
38
102
833
892
261
651
984
933
813
99
666
119
145
17
1022
665
699
441
473
419
548
856
896
511
541
952
536
690
124
332
112
260
502
211
96
113
471
741
337
178
346
698
63
641
71
209
98
988
315
205
735
269
475
768
681
446
216
366
31
301
731
1008
408
1010
615
979
230
81
640
407
243
969
583
807
671
934
652
309
197
888
827
18
372
801
420
342
374
542
298
274
299
228
1023
508
445
80
935
989
602
627
832
864
558
703
268
333
796
392
177
999
360
204
440
393
516
880
828
929
507
276
1001
330
362
534
776
1005
236
1000
633
881
687
329
751
275
394
369
267
336
865
595
308
504
808
762
503
472
1016
812
912
501
980
897
334
884
782
339
943
1020
659
713
778
361
210
1014
367
535
373
1015
915
942
335
777
750
1004
694
307
242
589
764
1021
745
340
779
341
621
791
430
368
879
795
399
780
401
947
684
911
746
590
747
682
718
717
819
1013
400
533
689
714
467
850
727
715
748
749
781
500
914
1012
716
763
683
882
852
820
434
719
1011
720
883
564
462
658
657
625
688
726
496
758
593
499
532
759
626
594
563
431
432
851
463
466
531
561
433
529
498
464
562
497
530
465
