416
748
414
68
267
266
452
424
738
396
76
296
377
116
506
316
376
418
144
444
70
480
404
406
304
433
555
460
470
704
432
282
315
694
209
678
317
516
481
676
462
554
172
80
96
488
69
696
104
766
772
722
415
434
98
283
776
489
297
163
435
749
405
734
72
724
174
362
441
145
239
746
305
705
464
403
77
774
175
750
238
176
453
162
117
118
507
226
442
445
66
564
413
417
461
224
770
190
24
709
508
94
75
202
324
636
147
14
170
74
732
200
269
723
407
474
697
179
71
213
82
295
100
610
318
510
582
294
747
706
378
97
208
268
173
402
529
469
261
280
356
286
310
105
532
472
725
64
256
454
695
752
528
537
186
775
119
257
538
473
99
557
288
762
730
446
201
383
628
457
539
329
73
207
95
349
598
606
677
583
352
778
527
680
714
497
739
408
487
101
425
228
560
443
650
379
350
463
566
370
419
103
580
382
642
563
736
768
740
517
599
578
504
198
499
394
629
500
149
588
146
501
562
611
482
458
171
409
81
735
203
353
289
287
62
325
647
212
670
384
728
83
260
206
616
769
347
158
