569
563
343
469
753
167
135
454
101
118
483
212
408
710
161
291
577
364
543
354
318
220
344
510
478
119
515
484
631
603
540
219
511
265
328
570
410
203
637
527
443
388
228
348
538
711
316
498
229
239
557
529
110
648
479
610
537
281
531
618
305
169
605
156
98
421
760
481
128
337
724
578
173
445
698
113
647
240
549
99
61
365
536
513
284
191
444
723
591
482
238
509
541
512
247
508
195
193
477
505
117
100
309
703
95
709
674
726
192
472
449
277
108
102
13
675
87
12
722
276
136
387
590
106
166
103
77
60
96
646
451
39
394
416
201
51
45
392
450
420
36
197
34
79
304
69
62
97
105
40
63
41
306
223
35
94
70
670
75
91
50
642
88
93
104
78
76
761
49
422
64
224
92
71
90
74
73
72
48
334
37
47
738
65
38
68
46
66
67
