590
197
558
114
646
450
618
250
222
477
142
557
586
390
71
391
72
397
474
505
369
531
115
368
449
696
96
670
70
143
370
726
109
65
461
138
194
702
698
74
559
507
362
389
473
371
67
99
169
708
100
69
479
529
195
460
693
76
451
447
462
706
104
361
98
421
81
86
663
80
342
578
591
434
398
712
589
162
225
433
344
251
488
549
73
775
489
472
170
710
662
89
118
616
418
478
343
278
738
68
94
406
350
588
490
249
117
739
405
158
617
678
363
687
159
130
748
745
548
550
193
315
93
707
744
43
475
274
683
91
216
113
160
378
432
165
742
577
92
436
487
192
377
246
161
713
576
692
408
517
458
223
464
765
715
393
657
676
737
307
686
491
163
689
102
463
8
404
681
783
779
653
306
459
120
379
547
435
101
188
520
164
218
217
407
709
736
431
601
42
757
685
244
506
741
605
749
75
545
735
519
351
671
767
758
77
682
656
14
25
30
660
728
575
221
191
119
602
747
108
502
659
82
697
714
606
131
147
335
16
717
631
647
759
333
364
730
680
516
760
688
417
103
546
166
23
746
673
492
137
448
19
17
542
5
679
90
10
66
253
22
753
3
37
560
716
691
21
136
52
672
701
532
403
322
132
64
112
376
334
772
273
518
51
349
78
718
277
146
761
587
674
724
105
110
642
