-0.00026845932
0.087818146
-0.07464647
-0.007855415
-0.15195084
0.098400116
0.15684557
0.037026882
-0.034932613
0.0549531
-0.04041052
0.17805243
-0.07796383
0.13509464
0.1178298
0.14034748
-0.16388178
0.07140875
0.23043776
0.07950401
0.0072898865
-0.08221626
0.085214615
0.06772804
-0.13493586
0.05997801
-0.1711998
-0.16471052
-0.039152145
-0.06658745
-0.06598997
0.01854229
0.11778498
0.21213245
0.3038478
0.4773469
0.16122723
0.43503237
0.78297377
0.6677613
0.6985879
0.47541857
-0.9752693
-0.4523368
0.047239304
0.63959455
1.0322943
1.0637183
0.94781256
0.5218849
0.5193057
0.5623808
0.018913746
0.001303196
0.098380566
-0.16273928
0.0721488
-0.03848076
0.2787404
0.6246824
0.61867285
0.47512913
0.64102554
0.5310893
0.5948763
0.48944187
0.93135214
0.86126804
0.50349665
-0.50153303
-0.24925995
-0.6325989
-0.10905409
0.3302226
0.022797585
0.027617455
0.09993744
0.3792863
0.22824049
0.28709507
-0.28484106
-0.7183862
-0.17830181
-0.061934948
-0.01340723
0.06608629
-0.709733
0.5848017
0.4245081
0.30069923
0.4806223
0.6036153
-0.21797752
0.09459829
0.0010690689
0.09665823
-0.4968052
-0.009788513
-0.056705475
-0.0068941116
0.07885313
0.14189959
0.50460863
0.55405235
0.18313742
0.62924814
0.6697569
0.57908535
0.27608538
-0.27707863
0.4322152
0.06611061
-0.03911209
0.027926922
-1.4135623
-0.3122673
-0.027275085
-0.43318558
-0.24239254
0.14279556
-0.23759604
0.058964252
-0.2772107
-0.22557783
-0.13638353
-0.33662462
-0.22220373
-0.26252842
-0.016311169
-0.02289772
-0.056663513
-0.07110453
-0.08283901
-0.030641556
-0.040396214
0.51125336
0.08512592
0.13438416
-0.7041292
0.4312067
0.1607809
-0.055305004
-0.8153496
-0.74327374
-0.3105507
-1.1916618
-0.4765916
-0.04656315
0.02081585
0.07559919
0.29547787
-0.027370453
-0.16486216
-0.15826607
-0.047727585
-0.27871275
0.012588978
-0.15172338
-5.2452087e-05
0.020964622
0.06079054
0.04058504
-0.22340155
0.08649492
-0.084084034
0.57237864
0.37670994
0.5403671
0.08217764
-0.26109743
-0.061939716
-0.47263813
0.28747368
0.15366411
-0.05132246
0.24272919
0.04567671
-0.1771636
-0.30097294
-0.29642153
-0.31373644
-0.29797983
-0.41924143
0.0329957
0.31892395
0.29828548
0.36795378
-0.42271852
-0.19066381
-0.3260641
-0.008200645
0.2610054
0.1718731
0.20368242
-0.4011817
0.36550283
0.025222778
0.5081091
0.040619373
-0.90093946
-0.074291706
0.30069017
-0.028441906
0.13712311
0.17346096
-0.023591042
-0.16556025
-0.1343689
-0.28692484
-0.3435936
-0.17144156
0.2825141
0.39383316
0.286273
0.11879158
-0.32947826
-0.6615548
-0.44236898
0.070280075
-0.20571375
0.43392038
-0.14122581
-0.59669876
0.4716835
1.0912786
-0.23790884
0.011394978
-0.37170076
-0.4920106
-0.0067253113
-0.072413445
-0.1913929
-0.060925007
0.0448184
-0.19709349
-0.18194294
-0.26096964
-0.3238654
0.1829009
0.2216897
0.25649357
0.17080355
-0.18158197
-0.24600506
-0.1592946
-0.13787651
-0.42843962
0.010240555
-0.44545555
-0.5499716
-1.0208321
-0.372334
-0.48610115
-1.290483
-0.31580257
-0.7917037
-0.54797983
0.10900831
-0.18769503
-0.27940893
-0.21619797
-0.118858814
-0.14724398
-0.003914833
-0.08430052
-0.0883193
0.30126762
0.5381627
0.15653801
0.24675703
-0.038592815
-0.053364277
0.020510674
-0.026955605
-0.21044636
-0.10448313
-0.6303525
-1.21558
-1.0196853
-0.7791915
-0.40395308
-0.8898225
-0.52634144
-0.29840422
0.08947706
0.11340475
-0.10978794
0.09005451
0.10826969
0.032191277
0.023002625
-0.013905525
0.13904524
-0.058926105
0.46243668
0.14867306
0.20502186
-0.1784873
0.05281353
-0.07764101
0.21087027
0.024898052
-0.00855732
-0.04270315
-0.1314435
-0.85229635
-0.53911495
-1.1918888
-0.4493227
0.27442074
-0.83917904
-0.22228193
0.0121593475
0.08360815
0.16738653
-0.05328083
0.026688576
0.05292082
0.0045022964
-0.16486454
-0.16969776
0.17245722
0.42063522
0.3153882
-0.026768208
0.059853077
-0.15543556
0.14529228
-0.16177225
0.37938213
0.18252373
-0.12713194
-0.2284708
-0.4212556
-0.7920885
-1.2008357
-0.29765415
0.1325903
-0.5747924
-0.20287132
-0.146739
-0.03259945
-0.11323357
-0.09146023
-0.05032587
0.024324417
0.19221354
0.2667246
0.06422043
-0.4085102
0.44402218
0.28219604
0.028962612
-0.041186333
-0.15117836
0.1461215
0.20749569
0.4665146
0.38372517
0.30757332
0.40704107
-0.62373114
-1.1047249
-1.2478662
-0.3182168
0.58384323
-0.67809534
-0.14253235
-0.12705421
0.37910986
0.10141659
-0.044770718
-0.014482975
0.08192301
0.31749296
0.44977236
-0.37163258
-0.08425331
0.35138702
0.0033893585
0.083706856
-0.27743387
0.115953445
0.2033186
-0.16277647
0.07451868
0.5641885
1.0733919
0.61077404
-0.25868177
-0.4483409
0.25848484
0.34731102
-0.104652405
0.018527985
0.22786331
0.030742645
0.5570917
0.37243032
0.28964663
0.12483168
0.40605068
0.5438566
0.40760326
-0.5457711
0.13414621
0.30232286
0.20115805
-0.25110006
-0.006980896
-0.076406956
0.017344952
-0.0790596
0.0772953
0.44980955
0.47394085
1.0279236
0.30961323
-0.35465097
0.3340187
0.39706182
-0.4244647
0.12785387
0.61462784
0.27145147
0.49904633
0.11663771
0.2989874
0.41749573
0.53898335
0.22254658
0.068482876
-0.1532774
0.032829285
0.2682953
0.14270449
0.020168304
0.1494627
0.24036455
0.28539085
-0.052413464
0.27787876
0.18681002
0.5393648
0.69600916
1.1688852
-0.106181145
0.09881067
-0.42430067
-0.46011162
-0.29675007
0.47492027
0.08838177
0.33259058
0.48694563
0.4885044
0.3544445
0.22498465
0.037720203
0.15215969
0.019812107
0.23383951
0.16557932
-0.1834712
0.03833437
0.38161325
0.09292841
0.22894716
0.22451162
0.3850603
0.3713479
0.5609975
0.4354868
1.190743
0.0025000572
-0.07519245
-0.00045967102
-0.94002485
0.47501755
-0.010495663
-0.08693266
0.59255123
0.622252
0.55209446
0.49306822
0.5481529
0.40167856
-0.25736046
-0.0963459
0.0850544
0.06452131
0.022695541
0.34705973
0.30938244
0.379982
0.13489151
0.35993147
0.26461792
0.34099674
0.3174224
0.31256962
0.61164045
-0.8911953
-0.1530757
-0.58437586
-0.7961097
-0.18674326
-0.20040655
0.41924715
0.67371464
0.51648426
0.47929573
0.392056
0.24703312
0.029401302
-0.23875189
-0.6903753
-0.27994013
-0.09926319
0.058057785
0.2947278
0.22041559
0.084946156
0.11269474
0.07361841
-0.12975836
0.2117672
0.62962484
0.58541393
0.1836071
-1.0197034
-0.5459981
-0.3922782
-0.0668807
-0.21117067
-0.04123211
0.29856825
0.69635916
0.28638077
0.051814556
0.09680891
0.018534184
-0.15918875
-0.37167645
-0.16927814
-0.0537138
0.18376541
0.11672878
0.16864443
0.27446127
0.15204716
-0.040368557
0.061122894
0.40154886
0.23558903
0.25969315
0.10636616
-0.5009022
-1.1200294
-0.90442944
-0.021918297
0.6968751
0.32904768
0.1980567
0.38866282
0.5143342
-0.023357868
0.083675385
-0.12965918
-0.02596426
-0.035754204
-0.16523314
-0.16929245
0.09021282
-0.11701727
0.06837082
-0.16996479
-0.030152798
0.07151747
-0.27347565
0.03127098
0.15622091
-0.3290577
0.07700205
-0.16329956
-0.61193275
-1.0360041
-0.47254562
-0.6749892
-0.0213027
-0.16580582
0.20623302
0.022670746
-0.030837059
-0.5399499
-0.08243036
-0.040308475
-0.06935072
-0.06266785
-0.10924673
-0.14717245
-0.10557985
-0.13571882
-0.2066884
-0.0013709068
0.09836626
-0.03294897
-0.14466763
-0.18218136
-0.40129042
0.0746851
0.3251114
-0.138731
-0.4930792
1.0286455
0.11377525
-0.4586811
-0.3707466
-0.037064552
0.15258694
-0.22249746
-0.733932
-0.47413635
-0.2131567
-0.2819171
0.012325764
0.049346924
-0.14312363
-0.24163294
0.094751835
-0.1804452
-0.18281746
-0.12455797
-0.3297763
-0.19158554
-0.09482384
-0.19414663
0.21305084
-0.08001995
-0.24750805
-0.604794
-0.3096609
-0.13260508
0.21012115
0.012494564
-0.062390327
0.07333851
0.4735694
0.08333206
-0.3821087
-0.17793751
-0.18982697
-0.10784674
-0.0051193237
0.21355867
0.17094278
-0.12583637
-0.066999435
-0.011723518
-0.3096571
-0.27004147
-0.34325695
-0.25963163
-0.3073659
0.025526524
-0.029415607
-0.076459885
-0.1854806
-0.38342237
0.12592697
-0.8187895
-0.058681965
-0.08170462
-0.044825077
0.119840145
-0.085339546
-0.12482262
-0.16415644
-0.48552132
-0.2967391
-0.26350546
-0.13335228
-0.19824123
-0.23835087
-0.22166014
-0.43573523
-0.13785887
-0.33639097
0.23218775
-0.15899849
0.003148079
-0.05644083
-0.230546
-0.3897233
0.078927994
-0.36575985
-0.39656162
0.54867077
-0.010960102
0.18433905
-0.10367966
-0.03830576
0.055221558
-0.08018303
-0.2104764
-0.8332157
-0.5541158
-0.80974483
-1.2362051
-1.0425591
-0.32897902
-0.43878603
-0.8142967
-0.3471737
-0.3195057
-0.23824024
-0.19360304
-0.26525927
-0.4274807
-0.52185583
-0.32335615
-0.34374285
-0.07902336
-0.1749053
-0.6043954
0.029378414
0.2806077
0.0059933662
0.12692213
-0.0016374588
-0.052196026
-0.14498854
0.2545886
-0.59737015
-0.31256962
-0.69019556
-0.88791704
-1.0225892
-1.0796843
-1.0619965
-0.61982775
-0.8547678
-1.3218861
-1.2411442
-1.1413293
-0.95329475
-0.7371764
-0.88447
-0.80005264
-0.87485456
-0.61721754
-0.46264362
-0.6591511
-0.10669947
-0.021547318
0.029126167
0.09733248
-0.0037703514
-0.11154032
-0.019479752
-0.2954936
-0.07090378
-0.27252436
-0.21629238
-0.6128855
-0.93299294
-1.4338107
-0.8813424
-0.73367167
-1.4030223
-1.4745407
-0.9069114
-0.48511982
-0.47532034
0.07479715
-0.38958406
-0.12891865
-0.33881092
-0.21338463
-0.20034266
0.039602757
-0.011871338
-0.043807983
0.0474267
