104
505
449
709
741
769
585
335
75
743
96
717
747
312
247
450
761
43
421
639
41
708
333
746
110
713
765
738
108
592
706
647
703
744
641
534
745
753
768
536
739
742
767
94
284
764
613
97
556
220
219
363
766
145
715
750
113
588
686
281
98
253
676
690
288
472
109
638
76
371
169
535
275
307
514
716
773
681
465
595
62
165
679
279
437
162
749
350
45
608
263
649
311
432
633
689
485
215
760
661
287
594
367
659
103
216
654
274
173
678
660
479
762
772
63
315
687
318
190
486
653
680
684
777
260
410
763
40
394
704
186
3
244
100
246
634
314
499
143
127
243
370
123
86
568
396
82
604
748
135
466
443
292
409
650
652
591
552
637
566
656
444
339
264
424
737
372
112
667
322
47
668
543
9
619
522
781
57
346
114
622
35
426
664
401
150
645
218
323
116
778
369
224
115
213
567
758
280
131
780
754
720
374
632
180
416
236
384
593
208
400
235
458
666
457
655
39
266
439
237
30
714
252
52
513
589
579
782
601
119
349
206
665
672
354
179
140
242
21
28
19
629
48
340
597
493
20
245
438
546
574
694
2
548
480
395
320
211
441
182
540
467
234
427
581
134
537
560
125
657
344
729
58
757
770
1
87
259
578
126
149
470
431
434
267
515
598
177
476
523
508
408
628
699
459
382
51
435
407
575
627
468
533
61
557
436
230
414
33
404
286
32
550
658
24
155
55
265
204
549
673
207
727
413
316
189
569
319
731
573
640
429
615
178
10
487
205
570
152
6
576
85
498
84
381
618
261
44
154
624
365
93
732
373
643
141
776
258
56
482
240
520
553
153
775
526
755
241
398
5
262
0
347
625
519
348
599
383
210
129
563
544
157
181
345
124
225
491
25
156
440
492
272
428
471
53
294
29
352
623
233
366
185
325
101
630
605
353
494
453
270
303
469
564
740
644
158
4
209
11
385
285
705
326
79
565
495
551
321
176
735
509
725
376
22
756
611
83
759
302
26
128
423
227
677
452
460
283
402
111
496
183
356
525
463
726
332
18
324
504
412
196
121
602
626
203
554
696
399
774
271
442
411
338
269
528
201
456
146
60
295
386
481
212
31
488
415
621
651
584
631
268
232
151
512
603
539
455
7
771
172
752
464
118
142
256
545
368
130
736
132
577
612
301
167
500
255
695
174
300
702
293
397
102
355
518
64
484
483
561
296
506
175
478
202
148
81
327
454
15
425
309
14
511
562
448
390
297
299
298
445
733
751
502
527
199
139
357
336
59
516
282
144
308
473
254
328
734
171
361
559
257
80
68
529
614
170
387
200
228
66
417
389
65
530
329
330
359
388
531
474
358
558
503
391
226
475
447
501
419
697
360
198
446
418
