670
362
96
474
590
283
197
334
171
306
676
335
696
44
618
724
705
446
646
114
675
115
477
92
143
708
647
89
505
305
449
169
95
256
363
487
311
529
557
390
515
589
43
251
744
531
117
648
333
255
144
473
94
743
118
221
707
418
91
591
282
90
123
450
706
421
145
745
642
563
678
709
93
668
747
741
137
74
361
712
746
279
702
80
447
619
767
228
766
719
97
650
199
669
72
444
138
170
81
130
443
614
704
388
566
677
472
86
307
770
748
120
535
689
718
556
742
124
710
502
567
119
174
310
679
649
752
753
193
685
768
769
771
749
277
150
109
415
717
122
592
582
779
98
284
176
172
693
108
731
738
594
682
346
278
71
713
674
659
441
320
201
542
113
684
165
241
186
223
467
56
440
149
711
714
249
230
45
400
148
778
686
42
720
293
99
765
641
348
739
147
75
716
209
507
173
595
202
16
243
681
782
237
448
588
216
416
700
4
296
1
100
146
728
701
162
617
345
673
737
206
339
620
671
639
374
347
439
735
141
633
658
269
227
213
354
754
300
229
367
777
82
758
396
680
645
413
506
631
688
270
274
319
222
246
84
760
683
373
248
236
26
272
585
55
54
438
628
131
380
723
326
370
442
414
424
661
185
393
116
20
190
371
244
242
302
214
410
301
356
188
381
140
660
168
52
468
24
434
672
729
28
435
401
73
761
715
343
57
32
783
325
344
613
312
764
493
372
12
27
217
203
299
436
635
781
772
407
385
337
536
250
412
338
616
104
134
382
409
532
538
504
687
40
192
258
353
154
352
253
364
3
275
280
402
112
9
163
773
23
375
369
88
366
101
220
721
304
273
102
324
776
194
384
480
533
37
587
722
510
379
422
775
750
219
41
318
276
78
164
342
252
315
247
292
534
