249
732
478
396
220
665
697
637
424
163
164
165
221
191
222
194
535
506
423
564
455
446
562
404
428
192
376
734
136
510
509
483
537
638
454
399
639
647
397
425
563
417
565
664
398
473
692
482
471
538
705
426
774
393
694
400
636
349
348
296
240
268
460
172
511
445
553
132
218
160
536
162
365
681
368
635
710
704
474
693
427
159
103
128
733
193
102
695
422
435
470
135
456
667
219
514
690
713
384
507
663
248
731
383
379
682
611
643
609
615
233
612
314
459
247
22
432
590
245
589
370
241
355
419
288
725
431
395
481
299
578
442
134
83
513
158
691
319
387
23
680
173
702
715
187
469
414
106
385
688
275
161
711
18
274
358
391
369
542
515
351
14
534
188
15
418
706
462
783
112
757
484
272
584
215
9
412
720
195
689
543
546
289
756
313
634
316
354
407
508
292
24
133
357
386
648
461
619
254
19
338
550
269
662
528
673
61
403
405
581
759
451
646
264
189
523
270
683
298
212
377
541
439
111
107
566
476
781
661
234
327
175
202
317
29
577
242
226
579
213
305
714
302
184
185
157
410
271
196
561
452
592
728
447
130
205
699
55
522
372
516
261
290
8
703
353
608
326
42
344
287
501
156
406
190
258
186
453
84
443
468
497
666
496
11
434
100
729
57
679
273
618
356
738
438
604
549
1
606
495
17
521
243
723
388
487
596
740
101
467
223
517
207
177
440
244
116
416
53
262
206
450
201
605
318
380
610
547
373
672
0
519
21
283
660
300
381
433
554
31
382
235
203
105
342
628
727
499
137
155
16
217
323
140
25
28
448
360
260
772
30
500
259
204
52
119
341
518
539
449
658
652
552
56
141
411
311
488
110
677
5
591
524
512
54
678
328
644
211
575
721
676
603
129
726
26
633
109
378
148
730
285
627
371
343
754
556
151
73
291
82
7
329
276
131
776
330
580
441
183
583
548
686
527
325
755
560
2
651
617
780
779
210
20
359
246
265
607
59
352
486
640
593
216
32
209
113
629
444
525
551
85
339
632
236
310
286
671
675
751
631
430
669
168
480
472
668
458
33
401
167
782
144
392
489
6
10
337
687
301
599
232
685
645
620
224
27
3
420
626
150
320
741
174
700
630
4
768
777
415
707
154
654
315
297
600
413
336
659
308
149
718
709
490
62
230
231
279
778
13
722
280
364
574
750
333
674
304
227
767
532
34
587
277
46
38
12
649
642
35
762
41
36
47
63
572
88
39
