474
590
446
197
390
418
362
696
477
449
311
675
391
676
306
171
618
81
505
109
80
115
114
670
450
557
169
472
447
646
678
531
421
307
502
137
143
726
475
96
779
363
444
564
283
335
451
647
44
693
565
279
563
589
282
712
708
170
452
705
689
698
669
558
537
668
199
138
99
536
256
222
104
507
98
509
535
702
704
43
506
479
748
747
86
523
710
419
389
470
198
274
648
614
724
424
709
765
686
312
650
95
441
508
706
321
469
349
482
711
165
334
42
495
286
471
136
210
393
100
713
305
264
439
498
719
461
192
310
367
549
89
113
641
522
744
440
74
685
777
569
766
174
520
480
236
521
194
145
468
261
715
497
246
302
285
494
92
525
707
775
258
716
679
467
259
671
234
465
681
72
717
674
101
687
466
25
519
94
354
30
237
750
682
683
548
97
550
173
337
235
453
221
443
102
761
728
442
688
546
16
481
263
340
718
438
193
673
764
117
275
741
414
288
778
56
212
753
758
769
233
426
760
492
300
280
416
382
754
253
11
680
1
412
201
592
103
493
108
9
547
168
301
714
82
415
524
560
252
314
692
410
6
287
739
701
783
140
782
617
8
247
339
260
781
776
326
738
743
600
73
284
672
413
163
313
251
191
411
23
491
119
19
585
767
463
273
17
333
400
436
780
3
639
499
105
219
496
396
230
401
250
722
677
164
395
112
289
293
384
20
409
32
57
383
423
745
54
588
346
746
290
385
742
762
532
533
356
353
291
220
772
768
106
249
534
422
392
281
292
341
773
223
278
642
277
587
420
315
45
723
90
