745
750
179
151
630
766
339
744
403
688
494
659
693
243
526
428
237
762
208
293
257
381
404
559
322
178
712
313
379
437
542
466
748
582
698
580
653
465
153
623
488
502
399
763
650
655
530
684
344
120
139
118
686
716
252
702
409
739
573
685
43
585
286
375
656
324
408
376
400
266
717
121
253
86
228
360
657
170
429
452
124
98
127
769
372
747
594
480
401
595
367
770
515
687
100
335
307
640
667
568
109
752
566
446
555
591
613
374
622
611
99
340
775
719
126
169
122
123
666
256
514
447
81
544
567
294
312
331
531
332
669
303
72
764
621
225
251
584
71
39
37
97
171
78
668
641
250
618
95
556
528
80
114
94
69
138
586
362
278
74
475
474
583
389
143
44
90
451
142
361
89
529
197
115
306
418
479
96
391
40
390
79
92
64
91
724
93
503
334
590
558
557
67
696
