590
474
197
362
446
670
171
618
390
283
114
531
646
311
96
418
473
477
143
115
89
449
505
696
647
144
361
589
447
169
558
563
472
170
388
557
117
228
256
44
306
137
391
529
675
535
335
506
118
221
389
450
95
559
305
421
92
726
363
475
471
702
254
80
91
591
174
199
334
614
81
282
130
507
451
145
566
779
333
255
222
201
705
697
109
706
564
90
200
698
443
198
712
350
745
525
74
744
460
425
202
172
94
165
251
693
119
444
502
177
123
142
226
556
124
528
125
323
72
357
710
478
448
113
249
120
138
724
176
43
689
668
86
127
173
442
470
156
279
151
583
296
648
651
297
439
100
503
467
126
295
257
728
93
713
400
490
147
568
65
569
669
567
194
509
499
465
99
108
518
128
619
193
415
686
441
753
704
393
452
469
162
746
501
523
607
396
580
495
307
223
98
741
424
685
76
16
56
498
322
440
610
714
630
399
178
553
673
497
240
617
578
410
748
549
97
767
348
131
602
662
414
184
717
122
537
14
229
777
466
572
461
747
650
711
419
438
310
416
346
25
733
527
148
718
743
152
186
554
700
657
206
510
683
570
671
401
778
782
611
436
659
324
604
758
588
565
246
1
674
4
146
141
730
214
353
31
757
517
215
479
536
546
562
153
355
581
121
545
625
349
592
522
749
598
205
26
232
628
493
180
526
760
409
150
22
260
104
207
149
284
599
575
339
55
213
379
163
321
574
192
468
238
688
626
684
84
437
538
547
738
356
408
155
225
385
491
552
227
82
273
701
24
573
211
270
413
594
102
15
550
649
347
7
417
18
652
663
754
783
188
269
636
577
656
623
52
555
373
54
71
642
508
429
158
175
476
719
645
458
278
85
154
539
715
73
5
426
595
159
0
67
70
720
160
320
561
620
635
633
731
57
632
667
660
23
606
695
582
195
33
678
220
64
75
345
445
61
639
277
428
372
398
605
397
157
370
79
387
191
584
58
664
224
637
608
638
51
369
360
69
37
45
68
60
665
332
248
87
723
732
66
36
139
50
166
38
47
48
46
