40
39
41
45
614
47
561
44
79
309
533
46
224
64
416
48
63
444
88
49
503
647
92
50
91
724
87
669
59
415
445
38
150
90
284
35
332
304
394
387
565
675
60
93
78
139
95
248
303
719
51
106
443
668
472
62
473
276
123
420
696
386
369
321
294
722
642
641
121
37
94
293
36
650
66
167
329
331
266
165
752
89
397
666
359
135
778
105
34
544
674
501
247
723
585
500
388
384
67
58
694
611
374
97
137
107
527
148
149
721
425
684
357
330
716
619
339
43
347
471
360
769
610
529
688
77
13
368
577
110
750
267
398
526
498
367
764
773
652
481
595
583
402
12
579
576
392
220
33
348
499
257
643
667
168
740
108
484
354
6
315
572
453
312
263
591
358
703
528
731
554
578
85
370
717
567
514
543
96
414
699
410
251
653
268
61
240
718
592
299
483
32
704
285
582
140
780
320
275
411
593
342
556
256
753
301
193
201
375
242
283
11
56
185
319
441
504
690
639
176
54
689
349
230
615
204
395
239
455
612
429
116
292
763
685
761
232
74
537
337
1
677
235
157
166
190
7
747
550
720
430
265
466
581
68
649
229
365
538
412
776
300
155
340
31
686
65
0
413
548
269
644
700
314
326
125
333
754
555
336
452
648
214
302
701
264
4
120
234
223
566
470
124
523
727
119
18
762
613
782
236
272
261
5
75
623
238
382
640
221
426
645
729
756
522
213
661
524
286
20
169
174
456
542
262
175
423
281
564
297
206
2
98
654
755
638
282
196
10
317
622
84
510
111
15
57
127
231
203
493
511
562
508
594
482
355
343
624
327
465
255
53
497
596
212
102
14
580
549
651
469
237
129
25
122
27
156
316
492
571
328
672
551
178
3
173
539
760
660
513
771
335
485
289
515
743
671
141
633
9
288
695
383
134
401
632
99
454
130
244
295
287
202
606
509
560
547
306
189
233
158
376
372
730
553
607
534
385
424
210
252
634
271
714
118
353
625
308
30
545
346
659
290
28
227
52
76
728
128
104
80
23
419
768
574
184
258
746
147
205
291
658
715
575
536
179
541
428
587
160
270
682
691
377
608
400
475
243
552
439
605
16
437
759
209
476
687
494
17
341
679
22
126
748
183
777
451
112
781
322
758
113
366
711
273
486
604
101
21
603
521
356
770
188
573
218
211
520
664
19
403
495
241
626
673
82
280
496
133
751
680
373
310
172
217
409
8
151
298
589
546
657
468
73
26
601
713
741
55
311
198
296
438
618
186
177
683
115
225
427
656
440
480
103
207
100
29
630
662
371
325
732
783
726
631
681
274
733
620
702
467
710
457
83
487
532
767
404
24
131
655
599
245
516
734
318
442
338
774
725
200
228
170
459
584
458
519
447
488
563
446
474
502
518
391
448
81
697
460
396
132
637
324
