428
435
429
427
436
460
434
397
396
398
437
459
404
331
816
493
466
272
560
240
405
403
395
271
527
399
468
655
561
662
461
785
756
630
467
724
332
592
754
817
492
593
469
406
300
815
784
528
270
363
663
631
626
239
529
342
624
438
723
330
362
559
693
303
598
814
623
273
343
426
755
394
364
311
692
659
374
494
333
455
310
786
818
599
365
788
402
753
304
661
491
679
373
458
366
487
526
519
302
486
518
691
372
309
306
422
297
266
654
299
329
232
148
390
728
594
473
711
215
347
301
787
505
725
315
819
1006
375
283
536
149
234
793
847
813
384
660
974
248
180
278
696
646
379
938
568
367
678
625
200
875
613
939
680
246
201
848
346
658
284
551
647
1005
233
357
247
737
569
789
998
316
490
874
910
740
279
371
611
264
614
147
908
842
840
538
992
354
470
705
573
57
423
181
907
685
707
960
653
712
199
870
704
296
282
709
993
170
498
537
4
604
169
265
47
644
321
869
695
837
341
411
326
946
389
48
582
245
322
627
945
280
706
325
581
139
843
645
677
701
742
252
643
441
227
202
386
291
668
294
80
878
845
214
667
798
796
183
846
221
578
168
973
977
656
872
182
765
783
606
263
959
75
675
761
970
919
922
829
58
74
15
29
483
994
1009
672
744
105
153
141
453
523
841
481
926
448
3
700
416
356
328
318
89
830
797
353
35
920
16
766
913
305
488
506
664
49
104
189
961
510
136
804
73
235
826
580
61
46
122
924
452
106
97
220
513
991
352
896
113
59
739
103
65
421
142
26
27
639
868
736
17
358
504
258
674
281
350
603
610
60
44
90
231
450
738
286
88
508
1003
251
524
85
876
30
385
735
226
45
743
253
540
539
167
1018
118
702
259
975
476
950
138
810
137
133
324
317
79
95
217
839
549
157
850
163
799
844
820
575
140
978
2
962
574
731
572
454
629
925
91
760
895
918
979
196
262
152
1004
955
93
194
809
867
859
958
710
676
771
708
605
600
772
768
928
865
81
298
767
98
112
132
256
62
577
891
951
222
673
320
285
981
84
6
28
576
764
474
92
1019
811
162
927
166
612
544
134
479
949
94
131
37
889
261
121
127
1022
888
190
126
987
732
858
359
159
957
898
31
185
68
861
191
934
903
444
982
192
734
942
67
125
863
608
512
894
443
86
929
834
694
990
195
967
63
953
5
135
514
290
12
14
0
640
699
287
447
857
866
800
277
932
930
66
635
124
997
55
25
116
158
897
543
892
1001
976
965
937
1010
1023
154
637
802
902
100
893
292
823
501
792
862
407
36
348
269
906
254
971
130
478
854
380
288
164
542
230
255
477
900
260
917
904
418
986
391
69
890
115
638
899
77
921
1015
807
871
730
76
849
698
733
225
13
449
1
980
165
703
836
146
314
143
935
32
41
831
722
52
312
828
355
64
860
936
38
54
886
123
208
213
150
923
223
985
319
1020
877
388
179
99
642
440
1013
509
188
520
7
387
752
607
684
954
155
43
641
511
156
96
351
33
257
160
72
901
546
83
40
963
101
591
18
50
197
1014
931
803
120
669
442
19
933
187
825
941
34
216
671
412
873
173
609
70
42
228
9
184
550
916
439
417
119
327
293
129
835
413
741
525
548
570
1011
887
39
244
541
102
8
193
117
984
1021
56
53
636
87
988
1007
446
632
905
821
579
229
956
323
864
71
289
128
11
571
250
670
161
1017
414
475
107
838
801
484
697
794
237
855
109
507
108
1012
763
545
78
224
249
770
381
51
1016
806
383
634
295
198
914
943
480
207
219
952
204
482
915
238
145
782
206
948
757
20
775
241
451
972
851
615
186
378
776
885
827
805
445
909
729
21
171
151
515
24
176
472
144
1002
989
999
203
995
82
377
964
983
769
485
795
349
944
968
833
773
969
666
205
10
940
23
370
410
344
832
996
111
790
882
947
822
409
912
218
175
881
313
517
212
433
308
236
616
879
419
583
516
808
340
762
824
420
382
856
376
880
547
174
853
562
172
791
114
489
1000
911
1008
110
883
415
774
211
22
884
966
274
648
178
497
177
456
812
408
334
781
686
209
400
552
633
243
345
276
628
852
617
401
393
602
713
361
495
267
780
777
652
779
275
584
601
430
665
567
465
778
210
759
471
649
597
268
496
727
681
566
502
690
360
522
758
530
338
745
335
715
425
716
521
751
500
682
307
242
457
585
746
339
431
565
714
748
750
336
424
392
503
749
726
657
432
533
534
721
747
337
368
683
595
553
651
535
622
618
717
689
369
499
687
650
464
718
596
621
688
720
462
563
719
532
619
620
463
590
531
586
558
554
564
589
557
555
556
587
588
