419
662
638
551
341
107
621
607
224
640
165
298
129
154
8
407
432
549
459
612
556
591
546
5
435
58
543
251
627
475
567
428
490
54
545
578
576
460
187
486
17
184
559
123
688
132
158
461
18
690
580
603
745
540
624
635
14
302
102
287
262
383
275
714
141
119
272
340
606
180
783
548
759
610
715
374
344
537
181
100
191
614
644
89
529
653
52
757
163
354
15
426
755
33
150
694
346
700
391
290
350
771
519
57
326
685
112
234
111
269
775
351
28
409
588
216
237
632
739
189
382
261
325
3
476
686
218
27
604
573
156
232
552
12
206
520
300
22
570
518
404
288
74
720
492
730
410
463
242
243
255
314
110
532
0
437
204
385
661
212
185
512
592
73
579
538
577
85
401
164
631
39
179
625
258
45
352
402
742
162
645
316
24
406
530
20
40
587
731
193
471
447
746
246
680
101
273
215
259
353
72
728
668
225
271
26
95
758
209
108
186
682
323
381
413
453
699
94
97
182
30
1
82
348
355
617
547
342
499
274
596
465
231
286
296
6
598
84
16
526
634
687
177
208
151
628
168
4
214
398
681
633
245
782
429
233
131
294
400
568
321
762
780
235
760
292
491
671
569
673
333
221
716
130
375
767
613
713
240
207
717
56
599
629
701
265
148
55
268
32
710
99
655
92
227
241
764
566
289
103
201
654
319
781
380
239
571
260
371
562
270
418
176
41
264
80
113
367
88
572
11
600
9
523
405
347
729
210
291
220
564
376
44
178
238
436
466
593
752
312
754
372
140
496
464
427
493
740
149
649
345
693
738
213
327
138
267
768
536
753
531
219
304
557
615
646
104
439
408
498
744
425
689
98
643
601
772
399
192
86
378
590
630
696
565
618
660
266
494
295
412
698
315
438
423
379
403
395
651
525
589
719
117
105
339
521
299
497
741
247
392
194
641
134
370
442
43
563
706
143
749
712
657
467
285
172
222
495
320
648
647
718
377
669
277
723
109
293
318
106
650
169
711
733
309
506
81
369
679
585
336
469
96
393
284
133
256
396
776
414
441
642
535
424
765
747
114
709
470
397
116
502
390
708
707
472
777
440
137
766
561
721
422
743
534
337
444
468
282
450
248
761
136
145
420
674
505
42
415
421
449
724
474
283
135
197
779
334
504
276
311
416
477
307
366
778
173
678
443
338
704
363
705
750
281
722
703
670
335
769
279
677
533
394
305
306
676
362
310
675
773
