25
164
915
49
541
739
223
1023
375
606
163
849
290
412
101
415
386
136
132
117
41
647
30
887
211
133
285
869
87
197
926
664
737
895
670
902
909
728
432
97
36
104
882
771
99
111
794
349
987
5
19
829
35
318
916
812
1019
198
517
354
801
151
772
256
802
707
11
781
994
54
958
454
168
255
609
182
155
60
871
210
925
831
701
893
183
146
793
382
192
149
571
629
679
891
328
844
449
130
10
372
196
957
124
204
798
92
414
76
959
904
983
93
875
91
421
218
674
381
732
834
59
214
317
702
226
355
949
809
855
991
1003
252
611
188
876
360
479
482
536
835
780
978
213
2
408
900
28
651
206
790
44
153
830
194
675
121
202
43
338
917
841
131
52
128
423
0
265
852
73
789
109
697
519
873
224
950
110
472
3
86
845
233
234
486
933
208
985
166
901
143
921
244
47
83
291
899
642
513
601
870
766
254
877
663
896
667
932
986
100
838
365
169
263
148
740
392
637
1009
907
225
803
842
669
142
232
951
485
390
186
839
348
215
61
181
481
152
322
480
249
840
908
465
82
770
765
881
961
774
568
521
154
270
391
600
976
992
939
680
269
525
175
657
843
872
856
167
235
77
566
312
918
960
962
698
546
699
180
384
733
407
813
819
451
696
584
822
27
199
1018
826
440
510
171
977
825
358
927
583
818
511
632
761
644
514
1006
326
946
550
661
742
264
646
972
570
729
886
359
815
29
200
281
455
327
344
975
677
4
687
518
885
551
201
230
207
586
635
323
552
238
560
212
797
376
1007
239
941
940
506
1002
471
522
520
398
618
240
684
678
645
1010
585
313
473
273
487
711
783
179
743
817
648
538
367
788
710
345
424
971
617
816
439
505
537
569
369
630
658
782
928
438
622
470
488
616
466
468
591
303
787
399
631
599
690
756
400
523
489
724
786
456
598
467
458
621
784
366
524
469
753
371
433
305
493
619
271
401
460
370
304
785
459
692
272
457
620
722
656
404
437
755
660
592
490
686
652
754
685
402
659
403
434
623
691
436
723
654
624
655
435
653
491
492
