334
306
675
642
670
724
193
647
46
362
88
722
305
41
276
449
444
104
723
45
277
674
669
92
197
42
72
40
416
105
472
248
43
38
420
477
761
106
137
192
73
585
422
136
251
224
719
78
769
392
247
335
108
96
221
505
74
284
450
39
443
94
75
312
97
37
304
90
421
592
47
641
709
49
648
536
110
717
223
704
138
165
703
71
676
538
747
98
741
639
44
556
333
753
150
750
650
565
610
63
572
50
102
393
220
79
394
173
765
34
569
441
12
337
718
613
713
169
743
716
48
764
415
113
773
103
689
87
62
107
166
278
91
495
249
275
311
497
595
638
36
470
690
133
95
434
688
533
494
279
649
679
99
721
499
561
462
424
582
490
707
414
599
568
712
591
468
779
498
711
109
778
123
367
310
537
135
567
678
715
710
469
646
35
76
600
619
348
573
467
463
552
566
571
51
149
534
433
570
491
471
309
681
194
140
58
668
593
376
130
403
760
701
461
427
93
587
635
580
371
598
768
61
219
13
101
460
564
606
780
526
510
339
168
574
3
273
60
156
535
438
77
445
754
33
777
440
431
314
250
546
262
369
157
482
694
127
399
9
363
508
453
281
699
307
762
766
189
643
395
347
364
706
274
211
283
119
430
1
349
6
134
370
365
661
645
615
589
578
540
32
413
244
583
423
158
11
294
375
744
782
666
398
316
626
267
320
100
729
439
261
496
82
426
342
208
321
242
781
56
317
636
677
576
581
85
204
222
767
634
89
602
64
464
128
609
783
708
657
23
608
532
30
182
746
691
207
671
396
425
57
428
429
519
54
523
131
611
614
397
692
285
493
153
201
52
553
758
315
680
597
129
20
696
550
509
164
624
188
121
187
481
167
763
154
27
652
524
180
749
618
739
19
682
601
617
218
594
560
620
112
216
236
563
122
720
373
596
382
260
319
377
243
683
217
726
268
176
28
84
459
235
185
386
159
687
728
672
186
206
473
660
575
272
5
2
0
547
8
400
630
476
686
522
512
230
604
59
637
25
404
246
345
239
238
270
234
590
405
205
607
673
241
212
730
776
727
179
520
343
203
738
755
406
163
656
237
183
16
451
492
356
644
287
181
286
18
116
55
658
280
124
633
756
698
53
184
372
456
240
732
152
10
115
757
740
117
126
210
141
17
748
479
213
548
215
579
354
195
452
21
383
684
209
265
554
161
700
466
155
625
442
22
340
350
629
86
233
231
303
663
214
4
178
412
172
435
714
528
465
177
486
632
651
504
685
627
245
125
549
111
500
344
264
29
458
302
759
162
487
266
731
252
622
313
263
24
543
385
258
151
256
378
662
300
664
628
577
667
555
259
290
341
148
271
605
653
457
551
196
31
525
436
7
588
623
143
507
693
232
225
480
26
527
562
191
318
145
772
118
295
432
83
147
269
70
557
289
139
455
655
544
521
374
293
160
227
539
291
292
616
338
326
612
545
301
725
640
353
322
659
174
366
541
513
175
454
483
384
15
603
409
352
752
515
253
631
288
14
401
229
745
705
67
387
346
379
702
518
511
120
665
411
742
407
654
381
351
402
514
324
478
202
325
488
190
485
484
323
380
355
327
489
332
775
542
437
410
774
529
298
146
297
132
282
368
357
408
296
336
517
255
621
737
69
735
81
516
733
506
502
734
474
