418
446
474
531
475
590
558
447
171
697
391
559
80
198
390
114
696
228
226
557
529
618
389
503
419
170
473
81
199
282
646
283
143
142
361
256
502
705
702
115
254
501
65
144
118
586
563
530
388
589
200
506
513
676
614
726
733
478
651
698
514
169
448
311
255
197
44
417
257
734
566
678
693
621
564
117
451
86
363
450
591
648
535
14
748
89
507
328
425
299
708
330
174
202
477
736
402
472
505
647
307
243
145
130
109
156
225
259
375
662
668
604
512
567
528
376
655
216
172
360
485
735
67
452
770
544
201
623
624
471
449
539
695
749
456
740
68
186
15
779
399
752
222
565
350
421
231
689
484
401
403
150
246
242
99
79
272
16
261
766
279
470
704
162
234
608
744
653
515
25
329
650
100
374
469
712
302
274
442
525
671
132
300
158
638
335
706
271
440
489
663
759
429
31
236
728
301
26
55
609
412
771
737
625
22
486
7
568
353
189
232
714
584
619
683
258
29
673
509
203
432
56
286
91
233
677
338
775
128
572
508
626
562
207
657
582
98
730
327
612
594
659
4
76
235
127
649
441
670
527
516
498
146
757
227
493
654
599
494
262
131
244
30
346
454
347
400
92
540
159
396
632
204
758
767
188
119
229
206
526
640
681
622
710
488
430
517
74
310
18
711
411
308
149
215
237
627
336
537
439
460
700
208
378
543
240
141
134
518
556
656
84
492
467
266
633
213
157
720
1
83
637
93
180
444
617
598
324
658
217
214
355
782
687
5
679
684
382
426
0
96
187
629
630
82
577
479
555
438
636
428
652
603
431
147
24
97
43
264
682
667
53
468
552
631
323
85
597
644
129
628
11
205
739
377
476
384
165
495
660
578
616
546
606
373
424
163
524
10
554
685
600
588
211
358
413
497
747
645
176
8
379
212
463
729
59
639
560
230
458
707
745
504
17
783
680
245
602
634
280
154
686
404
64
765
218
190
491
408
605
536
113
553
727
405
415
182
443
126
480
459
352
596
260
95
383
173
175
760
407
672
177
436
414
393
52
547
325
675
573
635
385
570
701
756
754
160
380
326
6
348
511
303
575
521
351
70
111
295
183
28
265
453
542
664
148
620
152
490
2
196
781
409
19
437
595
270
483
168
519
185
69
333
499
464
777
574
94
153
751
101
294
433
548
72
322
445
551
354
772
755
21
742
366
601
381
20
33
54
138
155
665
32
496
571
569
576
9
661
179
715
305
581
121
140
238
27
221
57
285
406
356
164
423
738
500
545
66
252
615
331
3
541
275
768
780
666
510
550
112
593
23
753
743
776
194
669
732
462
184
520
178
364
613
699
731
716
709
607
239
349
58
367
139
122
713
481
610
337
340
210
549
434
592
273
137
538
455
487
482
435
466
298
102
694
778
241
579
532
161
387
151
339
465
319
688
61
209
253
263
561
643
416
580
457
522
345
764
344
123
71
692
461
410
195
583
309
746
427
316
611
719
51
267
397
120
357
398
718
372
269
365
60
314
251
108
191
741
293
321
725
523
223
359
192
73
296
124
181
320
77
422
641
87
691
268
763
395
762
219
290
287
103
313
317
42
297
288
75
116
125
90
370
289
249
332
343
291
717
133
690
674
12
224
167
750
13
774
