995
234
144
246
410
266
621
981
629
732
777
766
978
536
878
664
21
915
727
823
916
848
257
567
143
804
992
0
886
770
383
377
746
251
611
975
630
311
738
584
964
1019
792
113
471
835
256
999
613
54
219
663
623
193
576
64
51
427
562
947
279
937
902
207
221
671
181
824
1008
190
885
922
376
552
1020
86
277
382
10
502
440
914
225
409
946
855
87
987
672
310
734
739
32
795
9
220
665
374
633
324
414
445
931
57
979
791
179
448
482
661
224
568
577
769
175
449
247
905
965
815
758
146
4
145
662
730
879
356
55
704
41
601
740
289
608
245
693
316
798
297
187
218
413
993
160
439
106
65
966
351
980
870
948
214
265
132
53
961
189
344
381
101
703
188
142
22
643
609
933
593
159
726
421
544
29
28
773
936
156
955
157
281
496
767
441
481
606
233
871
253
515
697
614
34
25
325
967
480
696
390
913
793
74
375
182
639
765
890
425
512
118
235
702
592
943
412
960
267
180
343
470
110
23
994
833
796
155
291
1
921
276
252
542
569
443
50
140
1003
926
678
744
760
408
669
934
389
178
504
206
350
883
695
259
236
415
581
735
800
2
982
70
1017
454
62
516
197
862
428
141
854
320
213
95
622
39
473
199
115
69
949
134
713
6
866
192
701
580
231
675
865
139
378
258
1010
505
761
733
170
373
202
764
846
380
196
644
138
33
153
582
217
104
517
642
731
899
416
895
352
637
167
945
322
108
317
131
450
528
323
911
889
453
37
543
607
66
136
570
532
227
762
876
328
83
646
298
550
203
452
174
893
451
991
645
612
877
168
952
355
176
94
859
8
173
85
191
566
447
729
479
753
537
5
147
843
295
68
357
1009
169
133
825
801
514
242
887
610
166
928
918
212
56
932
19
763
292
616
1021
82
260
776
968
485
93
290
507
112
822
959
444
891
1000
88
52
670
162
284
100
38
836
158
863
186
307
424
867
406
84
860
208
275
177
43
280
483
287
752
858
198
667
709
105
520
548
881
475
962
194
513
420
92
161
939
728
119
120
222
36
988
741
768
708
135
638
40
456
75
89
248
319
124
35
111
571
18
30
201
103
285
575
574
478
128
31
417
790
44
950
102
308
604
286
838
241
20
264
288
615
388
148
99
226
422
579
96
920
71
927
209
797
61
26
185
910
668
282
736
832
243
296
299
474
419
349
506
605
240
898
845
116
990
541
151
149
892
125
165
806
78
785
293
603
747
828
200
472
666
834
79
407
205
411
539
929
164
711
358
354
379
547
150
712
573
171
956
342
894
306
476
384
163
699
958
11
117
799
216
239
7
1013
827
518
794
58
263
327
546
137
561
897
90
826
77
508
107
676
534
238
223
477
565
673
831
249
109
509
172
578
27
353
114
73
677
484
627
706
237
312
313
126
841
321
830
130
861
254
488
636
229
228
72
754
330
817
873
805
269
446
273
511
540
274
250
538
360
318
129
359
14
309
268
152
1014
348
46
261
123
907
59
649
857
856
1023
315
127
91
989
839
925
837
510
363
341
395
707
930
545
923
391
262
283
640
393
549
314
364
210
970
816
345
572
255
700
60
674
519
680
829
635
63
901
17
329
386
874
650
888
305
882
347
45
387
723
749
705
98
67
698
294
215
431
875
13
184
648
392
230
641
121
919
271
864
346
362
802
47
1022
244
602
300
455
725
394
81
551
97
211
361
385
326
813
122
486
681
76
49
332
16
924
868
624
195
957
679
232
204
12
900
487
583
15
742
1011
755
896
331
438
154
183
634
757
340
1012
48
647
1016
780
940
880
418
333
304
338
714
405
423
737
272
710
301
625
809
302
884
464
743
951
80
812
722
789
971
807
270
1007
339
849
821
808
853
724
1001
748
530
337
751
786
774
984
372
869
336
1002
983
1015
750
775
756
365
814
942
396
788
303
1004
660
335
398
840
787
909
721
682
818
717
397
437
973
974
334
533
404
655
781
651
529
784
783
626
969
720
499
850
691
656
501
368
715
692
690
371
718
820
500
652
683
654
366
369
689
469
719
1006
657
367
941
399
436
716
851
497
686
819
1005
688
370
852
687
653
432
498
685
468
658
400
782
908
403
659
684
435
467
401
465
402
466
433
434
