116
144
64
76
68
145
70
414
72
688
692
118
396
117
416
719
781
727
701
470
174
715
714
427
80
335
400
759
468
555
718
615
426
69
104
595
700
690
77
667
100
726
691
425
71
684
146
161
687
92
758
594
82
163
657
686
716
98
96
666
665
172
424
711
656
440
783
763
611
24
680
720
453
610
307
415
630
753
562
761
765
663
444
757
508
554
66
119
780
506
662
466
699
160
361
14
279
661
147
398
717
496
683
399
454
703
418
428
94
480
659
441
442
452
495
99
401
467
658
535
534
105
494
314
660
755
653
157
251
173
693
664
497
522
419
73
65
397
184
469
756
583
309
631
629
175
412
276
258
284
339
769
779
170
481
312
209
340
250
673
338
721
179
429
582
176
436
197
628
253
580
493
337
97
563
313
685
710
159
437
507
346
652
782
305
261
341
95
446
771
702
764
599
101
672
413
374
75
430
521
777
149
240
74
671
242
638
474
315
760
260
391
62
375
698
389
156
216
285
567
230
443
445
217
608
371
321
347
449
751
370
215
293
639
158
633
0
471
598
450
372
689
329
632
472
423
456
298
83
187
81
492
243
491
527
63
520
609
15
196
