614
568
945
820
677
6
919
1018
136
606
286
767
141
783
88
208
644
80
207
28
258
259
105
696
282
707
549
920
667
672
291
304
736
433
358
506
73
706
353
998
235
247
826
386
157
318
264
147
452
896
891
821
647
103
196
994
352
569
214
104
859
302
872
5
220
226
2
868
540
949
350
729
498
849
94
183
453
168
927
483
643
375
106
448
167
79
411
578
62
309
328
768
739
700
981
925
97
441
744
137
421
317
139
955
1003
85
92
928
510
979
771
222
675
1004
182
450
121
142
194
126
804
256
978
730
326
132
854
839
185
400
134
918
946
789
152
131
37
971
551
680
192
359
582
942
610
294
195
962
865
320
166
31
697
866
603
577
285
162
476
894
68
825
934
734
356
712
84
488
281
423
329
385
635
113
932
951
867
324
544
159
251
937
575
127
917
138
834
861
570
941
576
479
217
14
772
125
135
889
580
676
857
898
280
738
190
512
118
36
957
731
899
299
537
206
1022
929
140
930
0
100
572
987
124
1019
990
640
474
863
858
514
263
594
524
508
674
439
953
98
440
903
112
800
77
673
967
143
262
886
454
811
600
1001
900
539
81
444
244
418
261
629
348
12
807
387
447
897
213
501
885
904
63
231
449
708
888
764
290
164
775
325
154
855
327
579
292
574
225
301
305
605
391
902
608
836
109
906
150
25
862
66
67
130
871
442
76
612
173
388
921
831
298
443
86
642
323
892
634
504
684
229
698
641
380
287
478
108
835
254
191
976
873
546
277
288
1013
893
230
887
637
355
802
853
260
477
699
1010
312
115
769
255
158
905
822
1015
381
184
78
703
179
413
965
417
237
1
550
146
64
733
972
55
216
43
412
638
197
997
794
238
732
269
99
936
319
860
935
116
931
188
838
69
543
803
165
344
96
776
83
909
806
351
41
414
828
511
484
933
241
205
198
890
187
314
609
669
901
985
509
482
377
123
293
176
249
7
451
160
520
32
38
52
228
219
548
1002
117
475
110
250
542
671
741
1023
111
376
968
1014
571
13
409
472
129
42
664
274
916
515
805
128
349
525
257
407
383
341
9
790
607
446
203
851
212
545
101
986
171
107
72
204
33
770
1011
289
155
969
156
480
541
1012
757
175
963
485
223
864
419
762
102
782
940
308
591
370
119
670
151
19
517
408
801
420
82
879
954
174
694
507
186
636
914
120
999
952
193
795
615
54
445
773
382
456
70
410
980
923
11
40
774
378
295
8
813
583
497
824
666
695
236
177
915
218
856
632
114
808
161
827
56
224
39
832
243
516
145
276
833
267
944
313
547
211
50
996
882
984
763
144
18
51
209
489
791
275
34
943
1007
334
465
71
87
948
172
401
652
947
178
1016
881
912
415
964
1020
995
880
1017
1000
648
20
616
340
430
268
966
53
361
779
633
911
393
1021
431
345
10
21
602
956
852
307
24
471
812
713
883
502
983
360
988
601
884
210
338
552
781
628
777
242
780
778
1008
23
584
665
597
336
424
392
617
335
562
759
566
567
681
337
425
339
690
758
751
22
746
989
649
745
727
500
432
457
368
687
721
747
750
565
534
522
530
495
714
496
503
726
748
585
716
749
533
657
651
715
717
682
622
369
553
521
689
499
535
683
718
650
595
464
618
720
688
719
621
596
462
620
532
555
619
463
554
586
563
558
531
590
564
556
589
557
587
588
