71
670
96
142
450
117
97
72
70
94
75
422
197
93
557
477
559
143
69
76
505
531
590
74
278
646
251
92
114
78
334
642
73
591
613
145
306
118
122
364
621
588
277
335
228
333
50
144
166
223
65
49
250
68
79
256
64
724
36
529
77
12
617
225
649
618
620
305
38
98
104
138
362
698
90
421
761
37
616
46
35
607
95
648
449
222
578
34
120
91
195
255
572
86
48
635
169
100
363
51
570
99
610
568
532
636
88
43
619
67
507
115
608
47
569
162
125
580
637
760
161
571
594
227
631
200
194
707
479
753
609
167
603
119
577
108
678
726
663
87
767
146
63
605
113
633
558
392
606
42
576
563
567
543
128
585
598
586
541
556
13
66
634
595
89
147
702
589
582
229
431
60
611
259
361
587
436
246
579
432
592
407
126
155
675
723
662
451
622
765
775
769
547
127
52
757
82
575
124
696
758
156
253
645
701
408
323
708
372
472
199
599
172
260
254
625
676
131
45
435
224
548
581
216
170
393
542
123
783
674
550
28
544
141
653
281
3
121
163
238
267
283
566
772
381
139
597
159
549
110
671
681
596
782
730
2
29
650
660
525
62
58
535
459
33
171
624
651
158
379
641
61
460
747
30
629
295
211
632
709
552
583
373
476
623
296
539
164
8
320
182
779
712
16
739
20
215
743
193
109
201
657
380
755
352
523
728
524
766
600
604
21
101
19
654
673
593
458
495
27
26
152
555
209
5
684
190
17
239
192
265
679
24
178
768
498
349
55
234
420
478
231
321
536
351
57
217
384
181
508
729
243
630
4
237
376
560
540
744
499
10
781
293
389
273
656
518
0
546
25
241
691
764
661
497
491
522
659
685
554
268
706
413
210
332
639
516
56
574
426
626
602
695
467
519
84
203
149
7
693
644
235
665
244
279
1
153
133
186
526
700
553
53
462
745
746
173
230
762
160
116
687
404
754
513
154
32
102
130
722
54
343
214
324
312
517
669
664
506
638
719
187
179
667
741
749
311
457
274
759
22
473
85
112
31
573
777
266
727
463
188
689
83
405
249
377
683
672
489
655
261
337
488
686
652
780
180
520
280
469
236
103
319
111
365
174
284
310
677
219
336
530
307
487
442
294
183
184
23
269
699
140
409
773
468
470
304
325
441
756
132
345
177
682
176
690
371
212
464
9
242
245
771
551
206
382
692
218
385
175
331
275
252
18
129
725
189
496
107
185
411
290
226
353
735
486
264
313
308
191
640
515
763
403
512
511
736
263
427
291
514
288
342
276
584
454
703
289
317
360
484
485
394
732
341
612
483
774
751
135
