433
465
401
622
653
402
685
718
652
654
432
369
464
687
719
720
686
717
403
684
371
370
621
651
688
590
619
689
467
436
466
400
468
620
470
469
497
683
471
690
339
751
657
404
368
434
503
435
424
502
750
623
722
721
431
336
438
457
372
655
716
307
982
463
425
338
933
20
899
340
334
795
437
335
1016
752
691
337
972
749
656
983
499
587
984
439
723
392
932
498
19
650
39
930
755
940
659
658
931
941
302
456
1015
256
885
515
212
131
7
618
269
21
748
6
301
192
660
794
387
173
405
430
415
366
928
323
825
971
219
481
715
8
367
293
852
186
123
676
306
964
40
756
900
801
383
294
762
753
289
827
267
172
886
313
831
229
833
305
535
184
199
950
989
968
853
124
579
262
908
238
268
274
349
937
160
451
360
264
393
959
864
261
724
378
806
13
641
24
33
101
666
726
776
934
263
725
673
111
904
754
11
774
782
783
23
602
204
1008
450
381
163
832
295
917
43
178
213
909
969
345
382
161
856
418
763
483
1002
773
703
109
197
649
308
128
511
290
682
10
787
800
226
164
991
327
185
648
838
591
218
866
365
59
225
865
126
472
420
224
1007
583
446
275
857
855
823
547
791
99
282
53
198
484
281
887
419
71
929
288
824
704
973
205
485
303
516
747
167
60
698
292
399
586
736
671
542
187
324
513
159
346
500
905
351
28
211
702
872
12
51
550
440
918
796
799
730
757
769
38
52
956
640
320
137
14
76
912
196
377
84
4
27
936
110
797
121
859
919
512
670
985
31
822
72
83
326
135
775
731
270
949
694
63
223
808
884
544
122
1013
181
624
643
667
926
981
25
883
79
939
41
26
350
634
891
32
127
250
233
952
988
117
348
496
154
807
777
45
828
237
333
478
860
781
840
935
100
203
672
188
570
216
391
764
990
243
1017
951
907
517
130
1
328
291
615
642
444
5
541
741
255
980
479
601
714
858
734
140
249
898
927
314
414
61
449
480
545
639
647
77
133
1014
901
125
768
304
386
171
958
139
16
830
94
915
195
767
482
829
445
227
231
873
47
9
30
37
18
271
129
896
112
70
965
410
214
543
452
504
839
942
709
697
251
916
162
155
510
876
600
206
423
413
150
230
546
193
182
257
538
580
970
236
153
174
826
975
44
317
487
914
1004
576
699
645
341
407
142
64
447
588
549
803
700
711
242
361
733
166
710
220
102
519
854
902
551
232
784
995
506
786
924
62
967
589
373
254
244
252
22
638
475
548
957
514
169
253
635
359
911
509
168
228
165
156
442
152
190
421
921
180
871
539
1011
151
948
882
175
897
507
158
692
69
36
222
708
966
96
742
398
58
577
91
780
46
805
611
265
148
894
299
785
42
108
732
1005
35
143
863
417
607
234
454
637
1012
78
745
276
319
138
632
380
922
888
870
668
612
890
938
170
606
889
296
488
406
665
120
920
145
409
273
416
906
297
571
80
141
85
194
501
477
851
669
0
954
925
300
245
809
947
743
489
107
625
2
681
536
217
92
778
835
616
518
735
680
729
605
355
235
770
115
834
202
867
874
790
215
758
772
765
17
1001
603
353
810
157
283
82
892
54
298
1021
893
388
241
358
411
248
862
861
1003
913
567
113
613
344
48
272
426
841
286
508
678
177
771
534
443
675
67
476
505
280
285
582
266
760
636
953
820
325
737
73
821
802
136
462
701
287
581
149
738
412
705
869
943
766
895
56
179
75
15
779
453
34
93
644
793
408
976
239
573
574
575
95
963
176
352
50
633
836
629
385
628
116
65
379
144
923
868
903
259
207
312
29
201
132
57
49
88
578
877
1022
183
599
677
260
706
68
89
474
744
792
881
987
646
90
455
66
210
609
1023
604
221
798
354
788
880
617
812
679
944
707
804
875
910
572
712
147
74
955
105
811
761
584
961
87
146
813
189
568
486
114
850
246
247
627
119
837
554
962
86
356
739
1020
316
3
104
986
191
746
200
979
663
759
693
321
540
390
614
258
209
55
330
389
1010
134
974
473
106
376
118
814
422
384
284
815
740
103
357
441
318
674
81
695
397
713
608
1018
329
208
626
309
97
537
842
1000
555
844
631
845
315
552
279
819
727
996
945
978
277
520
322
610
332
448
569
960
1006
818
664
789
999
946
521
98
1009
846
843
374
375
394
1019
458
879
585
994
240
278
661
816
662
347
817
728
531
553
977
998
696
878
342
630
429
849
558
343
997
490
598
522
311
331
310
364
993
362
556
396
557
848
427
597
992
566
592
847
530
532
533
564
529
428
596
395
363
565
495
459
593
461
595
523
563
594
460
528
561
491
559
560
562
524
494
525
526
492
493
527
