516
135
371
517
320
400
346
399
347
370
515
105
343
741
449
374
359
744
345
372
373
481
477
283
731
544
743
358
421
742
702
398
432
387
768
360
590
450
136
647
545
103
619
161
509
321
106
348
133
740
510
676
460
770
330
618
419
675
767
489
344
401
386
505
376
195
480
518
252
482
205
191
396
648
537
745
543
104
405
281
766
511
646
771
425
508
640
417
247
319
77
166
167
705
589
704
406
530
422
377
357
389
175
297
329
203
134
429
101
490
308
459
218
433
620
612
586
393
302
542
204
311
198
666
488
301
331
737
765
665
255
259
305
219
253
196
479
540
538
452
541
397
273
224
769
539
92
107
714
735
772
280
503
736
132
546
697
102
94
95
139
692
641
298
694
733
651
225
713
271
677
753
89
523
725
229
309
96
206
458
435
282
495
293
652
649
324
664
691
431
465
700
637
522
527
257
717
91
747
436
296
550
114
226
782
730
500
93
654
310
355
591
746
299
561
706
634
391
90
655
448
716
466
467
653
624
701
739
584
627
732
708
773
558
613
617
245
650
86
728
275
334
202
502
303
738
565
679
645
300
722
638
757
674
748
498
588
678
715
605
673
493
272
232
729
69
520
783
752
442
325
113
322
779
383
621
749
73
168
404
407
549
689
656
79
426
758
306
685
644
585
521
438
615
616
625
475
284
129
501
336
75
434
709
111
110
14
64
328
333
352
78
362
82
622
494
669
269
411
657
726
1
0
364
54
80
4
754
587
643
87
626
680
56
524
52
233
672
22
28
246
497
258
