762
13
219
328
98
997
57
217
31
111
516
274
186
643
191
990
409
545
603
859
800
140
841
700
173
767
139
888
194
792
773
49
129
32
774
65
832
161
476
107
376
877
119
202
910
793
289
374
9
198
867
805
609
351
878
157
640
33
953
84
331
221
141
857
58
660
824
189
1001
160
934
706
263
232
827
974
866
34
1023
380
863
325
205
794
820
839
120
417
24
555
696
37
844
919
547
346
856
461
67
123
764
165
182
735
135
218
64
267
539
892
541
326
6
63
89
23
709
81
991
925
38
353
447
193
464
894
71
761
258
943
227
853
125
673
286
155
969
203
959
544
955
804
607
840
150
95
833
515
828
946
861
890
18
598
90
508
196
22
549
900
869
611
190
796
702
509
604
978
858
995
134
902
970
12
842
876
56
870
543
25
388
923
151
542
7
321
41
845
440
641
154
184
220
359
70
102
50
707
53
938
799
243
74
147
864
253
126
937
385
40
39
610
920
672
55
546
968
964
738
831
185
639
680
320
156
507
88
512
668
296
279
105
973
931
413
350
62
75
158
478
118
871
159
899
46
705
15
1009
130
124
736
142
42
947
929
994
948
936
230
257
316
91
122
795
962
924
8
798
313
106
862
893
802
103
1003
965
895
731
992
21
30
670
548
347
901
153
739
93
942
909
318
2
967
930
922
87
420
701
287
213
164
963
96
829
292
791
11
966
926
114
674
737
54
199
68
162
412
416
99
684
210
375
384
356
891
927
183
85
769
174
768
1
932
14
72
704
887
354
988
223
823
317
45
921
246
163
634
760
127
777
352
69
872
288
386
215
97
730
254
742
728
192
226
771
73
20
830
907
898
252
214
708
117
10
957
960
446
312
60
59
138
51
483
44
82
669
958
76
222
387
224
763
418
638
211
961
310
873
801
83
732
256
415
906
766
916
896
143
954
554
78
152
517
35
980
284
935
327
61
699
5
344
479
290
345
510
132
636
104
307
113
43
204
757
3
622
116
835
86
449
110
697
1019
904
137
149
659
606
255
984
115
903
52
637
0
133
266
92
166
167
382
101
834
481
915
928
933
843
642
285
26
855
121
297
136
423
357
826
729
108
571
27
664
168
803
414
441
442
128
291
733
100
29
675
259
1008
838
268
949
19
131
171
550
407
852
1017
348
939
513
281
625
602
212
373
584
480
765
324
854
482
789
28
343
270
36
225
349
663
47
235
651
751
717
790
918
797
825
511
658
583
455
630
322
411
983
770
908
276
419
633
332
646
812
951
378
302
613
972
470
278
450
522
379
381
665
454
821
77
389
809
719
676
233
201
169
710
4
886
1002
277
987
474
234
885
971
200
410
181
743
443
484
180
390
985
451
245
982
453
424
514
666
917
300
986
244
146
355
976
358
698
740
109
772
311
264
485
499
692
975
486
780
452
810
421
323
950
560
570
711
1006
715
521
677
813
601
667
617
822
618
179
472
981
644
648
148
678
600
1018
269
471
265
553
632
273
465
585
783
405
406
685
538
504
635
654
506
940
586
519
518
1007
536
941
473
645
537
439
591
520
653
788
720
749
750
523
505
588
569
691
690
524
551
787
365
489
301
457
340
431
587
616
469
689
487
657
552
306
568
718
271
786
781
458
333
631
488
784
404
437
621
493
438
398
686
372
402
456
599
272
371
652
432
782
403
490
433
756
724
785
687
401
688
592
334
468
338
339
303
466
623
335
752
619
721
370
436
337
304
620
459
305
434
722
336
366
755
460
624
369
655
400
399
368
656
367
753
754
723
467
435
491
492
