557
86
71
72
114
670
641
556
693
142
531
422
529
584
528
698
361
482
69
75
73
637
635
545
559
585
335
697
394
453
423
639
70
307
43
455
481
451
508
42
424
400
566
517
201
364
306
524
66
472
118
613
509
536
640
576
163
612
608
145
76
456
162
101
156
447
665
395
593
600
572
691
367
642
555
428
696
761
607
161
597
174
496
609
333
81
634
231
419
653
500
586
77
420
541
408
126
538
474
663
417
461
384
389
401
497
525
50
656
726
203
687
535
772
409
630
669
664
452
473
391
580
464
636
526
723
617
721
714
168
446
385
454
722
527
4
309
397
489
578
279
259
155
125
755
587
363
759
305
448
189
764
724
84
763
648
293
480
574
396
173
348
218
216
548
429
728
392
154
119
249
631
32
492
366
695
57
771
411
281
582
667
427
725
683
146
190
208
141
121
433
672
56
632
483
583
577
6
100
539
573
498
418
217
127
692
507
209
703
380
552
51
709
312
172
603
53
662
240
441
643
349
700
778
488
26
147
135
588
650
510
3
501
13
779
729
694
113
82
106
661
23
148
606
2
11
270
760
624
280
7
381
352
373
25
398
258
484
38
616
658
469
569
211
753
402
690
776
287
393
78
212
339
674
140
183
682
93
64
479
701
704
671
61
292
610
83
19
425
128
743
334
28
475
598
775
62
265
187
575
560
633
553
579
175
268
532
686
499
372
769
54
519
58
120
436
463
590
379
660
430
540
308
780
765
495
382
543
12
0
130
