111
486
615
67
110
164
757
192
195
229
356
182
85
237
252
371
558
253
651
52
435
186
654
22
596
115
27
169
731
102
20
568
589
33
278
159
523
322
673
581
571
611
604
594
457
758
756
24
36
68
288
337
299
537
35
365
5
112
99
699
645
188
343
416
230
351
549
14
625
117
727
782
689
15
668
516
362
243
476
133
562
730
602
644
601
74
336
37
619
31
777
370
547
143
407
196
219
8
91
444
181
346
323
357
49
505
621
599
46
321
246
330
18
413
21
513
614
79
103
783
34
399
762
450
520
355
16
344
491
414
80
17
485
9
318
443
215
551
236
627
544
564
39
766
638
1
421
222
426
445
438
354
55
376
256
375
432
620
715
290
377
465
304
383
437
158
554
131
184
477
90
732
754
534
350
390
494
412
646
40
410
137
681
522
136
228
223
570
403
605
191
247
331
257
459
314
647
206
200
244
378
277
10
213
439
649
781
405
30
618
622
327
387
487
623
468
251
185
202
329
48
358
224
466
225
434
353
462
267
733
460
41
239
659
326
194
512
360
431
65
711
233
718
205
657
319
298
767
29
210
345
542
629
347
415
276
511
282
320
504
310
63
138
563
241
340
157
467
109
328
368
271
87
295
720
315
652
374
324
442
628
567
248
291
478
713
325
301
342
44
176
234
139
214
107
180
250
275
144
124
221
369
514
296
550
565
773
313
132
406
332
242
768
284
679
515
712
471
449
470
160
752
286
167
521
774
45
502
263
122
264
338
404
684
316
626
104
261
751
245
116
666
655
744
47
153
96
193
302
734
108
702
134
737
171
503
317
386
94
300
123
274
546
742
92
736
149
166
238
297
197
207
493
680
341
388
561
266
199
269
591
506
294
89
226
285
235
254
105
289
60
359
262
770
750
595
533
738
735
518
165
273
260
59
440
311
152
150
592
97
490
255
198
458
98
178
749
685
708
88
170
220
688
710
676
204
678
747
748
677
232
129
151
706
705
179
227
717
177
272
530
303
741
675
95
739
707
283
740
719
716
745
746
