351
323
65
675
560
774
676
615
68
306
222
74
72
418
450
449
75
760
671
67
249
557
4
82
502
782
288
772
279
40
698
106
562
588
529
477
168
221
768
334
761
677
366
587
561
58
533
25
669
151
765
93
169
758
38
592
39
451
36
335
139
23
479
165
558
613
195
701
295
133
92
37
181
752
287
505
135
3
17
534
773
197
180
779
417
736
728
166
333
585
364
254
28
389
170
753
200
54
193
476
780
284
224
337
57
14
725
47
775
225
113
751
506
721
146
118
390
474
152
85
50
52
503
740
746
43
504
352
445
311
696
646
339
361
745
446
507
499
641
267
307
769
645
285
508
739
260
229
620
143
380
767
648
163
263
259
257
742
749
743
141
179
527
289
280
252
119
630
395
123
192
286
194
282
650
556
16
770
248
590
44
528
278
132
569
228
362
261
367
136
526
631
250
258
227
134
408
290
659
94
432
781
262
568
209
716
1
11
324
124
56
471
220
22
622
658
98
697
381
679
86
160
447
404
452
706
596
567
597
81
595
497
161
501
353
618
603
382
598
130
59
559
563
680
629
208
570
129
354
235
376
575
690
321
463
291
652
348
234
340
314
191
571
491
496
724
162
602
239
264
236
565
634
232
633
431
573
681
433
554
537
660
460
547
525
519
632
131
535
379
97
783
489
601
531
461
153
551
672
625
292
682
231
296
188
576
238
599
661
517
99
495
204
104
516
468
662
341
606
594
281
604
383
523
442
100
553
276
578
219
233
712
709
589
8
626
159
546
216
315
488
126
605
572
600
189
704
409
663
731
441
27
459
566
103
540
635
544
500
579
419
550
574
443
215
623
384
469
102
101
470
34
711
683
524
688
710
190
128
552
689
607
624
309
413
125
545
32
593
762
410
230
105
764
187
293
186
439
138
49
577
539
203
210
653
61
436
10
316
708
481
42
277
498
115
705
422
89
127
336
251
20
475
313
580
148
142
467
320
80
205
555
549
541
388
325
717
687
46
440
435
548
48
472
584
15
678
69
685
732
21
734
214
95
542
586
522
9
581
412
198
207
509
185
691
2
158
757
305
684
218
424
644
727
718
19
733
636
686
96
639
670
612
196
473
13
713
45
122
707
226
363
521
256
510
543
176
223
532
640
763
237
60
621
83
520
411
217
201
211
360
657
692
438
666
304
415
616
649
29
154
140
703
332
62
241
608
664
88
6
73
420
109
536
699
738
735
317
312
111
355
0
253
326
213
175
112
107
564
403
18
268
414
7
511
90
766
617
77
651
184
694
121
756
610
643
331
771
365
518
729
492
70
667
609
611
494
538
654
183
240
164
385
265
714
177
66
108
244
212
349
637
155
423
246
303
64
35
245
416
247
137
273
627
182
156
444
157
76
110
723
71
167
744
458
402
430
