206
619
638
387
150
759
482
464
407
243
301
591
202
480
582
715
84
78
242
274
700
730
483
63
30
394
665
149
726
302
79
776
266
466
719
747
356
453
297
722
754
318
448
271
487
515
173
5
737
178
392
255
628
695
393
720
26
437
41
24
642
120
693
338
583
283
87
272
33
425
702
275
755
674
478
614
308
31
359
656
493
655
512
114
147
748
53
116
55
269
673
405
750
91
401
51
668
310
145
270
174
12
319
778
530
342
294
300
172
298
368
741
391
396
486
343
397
199
777
369
513
465
117
144
490
421
171
327
484
454
330
344
457
514
647
345
329
375
299
372
400
377
428
426
373
485
429
346
374
322
462
386
357
427
455
399
398
456
358
328
370
347
371
406
350
434
378
