623
399
691
402
366
311
240
372
271
816
625
332
594
1006
974
343
847
373
728
201
180
148
426
438
232
384
842
149
723
265
342
992
793
458
234
724
693
347
910
266
754
315
57
598
848
843
246
297
654
233
761
374
371
390
798
283
711
704
490
227
960
75
284
631
333
817
658
756
303
785
15
321
760
705
875
663
845
819
455
959
367
993
310
678
656
850
878
279
737
473
200
215
4
874
1005
815
147
846
47
422
379
844
74
273
29
278
357
829
766
938
869
300
820
939
316
627
354
16
58
646
486
239
270
221
523
518
89
922
122
48
840
322
613
926
498
740
103
998
44
35
818
797
809
505
247
830
49
296
877
784
524
908
202
330
611
870
849
416
753
765
90
248
672
199
841
252
792
696
991
181
389
707
994
709
1009
291
977
743
924
487
346
788
907
17
375
876
755
27
448
735
742
26
65
163
59
73
170
573
821
796
259
153
304
104
258
710
538
353
525
979
189
913
644
46
519
245
786
653
799
961
85
768
677
599
645
706
352
789
3
973
253
80
814
141
97
168
318
810
61
306
837
946
88
604
169
606
136
95
925
386
133
945
302
643
45
581
30
685
958
105
578
614
701
2
536
60
235
286
214
970
896
919
329
569
729
872
194
157
411
220
481
282
675
91
591
895
139
441
668
106
226
744
962
1003
736
309
93
647
920
453
196
804
639
79
264
132
183
256
506
513
712
927
868
540
358
826
167
470
118
739
350
859
767
950
356
823
1018
166
452
421
483
510
182
131
537
891
575
551
222
978
98
142
450
610
700
928
568
577
113
320
680
328
702
94
867
476
325
674
385
317
162
138
28
121
771
423
84
839
326
6
738
68
582
574
865
725
92
1004
955
981
894
152
987
580
251
192
667
934
62
324
1022
285
126
811
1019
230
851
137
772
190
261
982
512
31
603
572
576
861
787
854
159
889
294
544
134
549
290
866
673
479
1001
81
949
975
217
260
730
508
697
37
957
731
953
608
892
562
640
918
292
951
790
67
834
127
629
185
822
280
898
708
112
879
990
676
858
605
501
1010
734
135
231
125
929
14
108
5
932
301
140
967
732
474
888
262
86
942
514
63
299
1015
897
764
0
997
208
637
930
635
863
359
77
857
813
281
539
698
937
497
543
664
12
488
903
195
965
800
722
454
641
263
504
447
699
191
902
287
25
444
1023
612
418
825
154
917
443
158
124
807
862
971
55
143
76
116
288
130
906
733
207
638
899
570
449
893
836
348
254
225
229
440
341
109
477
802
478
355
1013
890
277
66
921
115
886
904
1014
520
380
391
634
298
387
976
900
542
775
642
855
164
609
669
255
388
546
442
206
986
860
873
871
78
319
146
197
607
703
509
882
550
96
853
600
244
887
695
831
769
835
694
305
213
828
433
511
293
413
314
188
916
216
36
100
184
439
671
914
776
571
312
885
579
794
327
417
150
548
770
636
941
323
936
954
881
484
198
475
64
13
173
179
412
670
407
803
541
985
980
351
187
935
472
686
414
160
156
752
107
963
684
763
228
52
237
923
83
783
165
1020
446
741
171
223
969
381
968
33
155
451
257
901
757
1016
915
123
791
545
1
1017
482
880
943
205
1007
249
250
905
909
1012
615
485
806
203
69
176
507
119
517
999
838
1002
120
1011
219
824
204
931
515
117
111
984
241
808
99
632
269
628
762
495
32
782
944
41
933
56
400
409
445
583
948
383
238
344
1021
72
38
151
996
236
480
952
795
801
856
34
410
101
289
43
102
666
349
110
144
129
940
852
186
516
175
947
376
295
972
378
377
864
911
912
883
430
805
7
812
633
773
465
54
456
616
87
274
308
489
218
827
18
419
128
547
420
983
408
267
193
956
382
145
713
370
82
243
1000
988
884
174
42
9
19
212
774
779
552
833
832
648
50
617
602
177
652
161
340
224
70
172
781
276
211
114
401
759
313
209
334
964
995
601
665
780
584
11
966
471
275
393
777
567
40
597
20
51
268
8
415
39
1008
361
727
681
500
778
71
53
758
24
21
496
649
989
585
178
682
715
566
748
502
714
716
431
749
530
746
360
345
751
745
338
726
425
242
747
210
750
335
457
307
553
595
690
23
565
622
721
336
503
650
521
337
424
339
392
683
717
687
10
651
522
533
432
657
535
22
368
534
689
618
499
596
718
369
621
720
464
462
719
688
620
532
563
586
619
554
564
463
531
590
558
555
589
588
587
556
557
