211
8
479
404
532
50
540
134
212
60
780
265
635
250
663
19
652
40
661
459
159
398
422
9
351
495
157
508
217
364
657
773
699
260
233
267
125
492
195
687
23
112
129
39
163
546
21
280
46
426
496
453
369
755
519
324
273
608
523
457
78
510
264
275
294
480
593
153
615
634
756
215
36
397
609
179
406
196
348
152
83
220
384
378
205
248
184
776
638
321
322
383
126
41
156
304
295
491
187
643
47
268
587
722
110
38
34
423
218
428
48
721
694
314
377
318
654
463
316
285
464
655
315
245
13
127
164
533
292
653
690
166
664
77
392
762
219
342
290
252
427
692
365
691
750
161
133
136
666
395
287
247
167
281
291
763
534
637
63
386
106
105
191
481
35
511
263
518
420
288
350
357
368
732
482
62
276
489
488
640
490
454
341
394
103
317
512
289
665
487
725
483
456
455
517
313
107
774
485
514
486
135
484
513
516
703
515
