0.088176966
0.09703994
-0.13358593
-0.23096085
0.029345512
-0.07700229
0.15591598
0.10015607
-0.09529519
0.1927824
-0.07878399
0.19883084
-0.71269846
-0.4340887
0.25676537
0.31819224
-0.03719759
-0.08379364
0.18598056
-0.07001543
-0.05325675
-0.09458971
0.15042925
0.1293881
0.034183025
-0.06610322
-0.021316528
-0.0300107
-0.120434284
-0.09889746
-0.12582397
0.14288259
0.04275751
-0.112059355
-0.56098723
-0.5891113
-0.6470237
-0.84125805
-0.7015691
0.7543099
0.6344905
0.2572391
-0.17845416
-0.3879826
0.31904912
-0.15080595
-0.8883028
-0.54388213
-0.8226328
-0.7409525
-0.74802923
-0.51654696
-0.16353488
0.0028088093
0.09356141
0.02466917
0.08814025
0.01856041
-0.17449927
0.4313898
-0.322335
-0.13722396
-0.24003339
-0.42767954
-1.1146741
-1.6784201
-1.5279932
-1.5604978
-1.6418529
-1.9173589
-1.8615108
-2.1540794
-1.7143998
-1.2865834
-1.3049431
-1.5383391
-1.5644941
-0.857831
-1.0772052
-1.0758476
-0.0073008537
0.06209159
-0.18351483
0.10379243
0.059776783
0.06922102
-0.65786934
-0.40689874
-0.5499351
-0.2673328
-1.1464958
-0.9206662
-1.0795412
-1.6687803
-1.2975137
-0.47232223
-1.5456061
-1.286962
-0.56045175
-0.44438815
-0.48831296
-0.13934374
0.012147903
-0.009363174
-0.73794556
0.13935256
0.5923319
0.09284282
-0.34781694
-0.116270065
-0.15361094
0.13733888
0.118122816
-0.32790852
-1.225977
-0.5282154
0.30160904
-1.3811455
-0.90418386
-0.22910905
-0.54644704
-0.12370491
-0.6463361
-0.08188605
-0.21288681
-0.35013342
-0.26652408
-0.21942139
-0.22693443
-0.050962448
0.19501185
-0.14919686
0.16044712
-0.0040118694
0.34352446
0.7795594
0.5203903
0.75313663
-0.54365087
-0.40720773
0.16161442
-0.14816856
-1.8257694
-1.3104692
-0.8401222
-1.000555
-0.44696975
-0.3474636
0.5235579
0.11876321
0.3464923
0.4628234
0.084923506
0.103675604
-0.08014941
-0.32075572
0.09935808
-0.27198458
-0.122953415
-0.09134889
0.07848406
-0.44322085
-0.37507582
0.0049755573
0.06453562
1.0717287
-0.72491693
-0.37088156
0.23290658
-0.37595725
-0.3257451
-0.43884826
0.022427797
0.13971305
0.06957936
0.16085148
0.14991164
0.16843247
-0.018050194
0.10495973
0.18743944
0.21136689
0.22958016
-0.14892435
-0.24867868
-0.33916903
0.06486535
0.13862562
0.13066888
0.24418902
-0.017055273
0.22046185
-0.03127408
0.020558596
-0.20841074
-0.71704435
0.26488972
-1.1550145
0.10959816
-0.534992
-0.45394683
-0.13517022
0.19851446
-0.10067916
0.10461116
0.13992357
0.12298298
0.2756424
0.2896316
0.41656327
0.11423159
-0.19677472
-0.26574183
-0.24611878
0.08728552
-0.037695885
-0.08862424
0.06371164
0.12158108
0.12198877
0.81853175
0.77485657
-0.32817435
-0.79157233
-0.2367289
-1.0202293
-0.11285591
-0.3148713
-0.8334055
-0.39335966
0.0036671162
-0.084154606
0.28527188
0.22942019
-0.02821374
0.07319951
0.11071277
0.022576332
0.16042042
-0.13181019
-0.32582092
0.013114929
0.15275478
-0.012373924
0.036019802
0.1646955
-0.25288892
0.49437928
0.92766047
0.41652036
-0.6399751
-0.7245078
0.015322685
-0.4085598
-0.21361113
-0.36794758
-0.6248975
0.3604827
0.23910475
-0.29662895
-0.20449257
0.068020344
0.2470448
0.21704149
0.18416977
0.32842517
-0.0066275597
0.2608745
0.048442602
-0.014962196
0.39835596
0.27637696
0.2605245
-0.09214854
0.040640116
0.17407131
0.47001433
-0.51899886
-0.89003754
0.062021494
0.0010559559
-0.35522938
0.34308004
0.12951517
0.11357403
0.3154986
0.14795089
0.22767353
0.21487546
0.26624012
0.14019656
0.3341925
0.42089605
-0.051553965
0.0060710907
0.15101814
-0.022142887
0.09646344
0.29460382
0.33564448
0.5499487
0.17601037
0.2255497
0.2915759
0.16567779
-0.35127544
-0.65748596
0.103927374
0.11977339
0.07730985
0.3919413
0.10755515
-0.010847092
-0.046284676
0.41024613
0.33560443
0.41023993
0.28046894
0.4876833
0.19394302
0.17480063
0.1588955
0.19147491
0.21971965
0.0042505264
0.15254068
0.28648567
0.22575927
0.44335413
0.5433011
0.53413224
-0.039499998
-0.100073814
-0.5379379
-0.7281413
-0.7754569
0.19733691
0.07586765
0.6851671
0.421304
0.22325683
0.2917452
0.39079142
0.25650907
0.54199624
0.33417463
0.43101096
0.34123302
0.2972014
0.07367349
0.34673858
-0.010484457
0.022142172
0.26499033
0.3193066
0.43438005
0.54560804
0.43655205
0.587239
0.38291097
0.18094659
-0.66688585
-0.61574745
-0.5520749
-0.86483335
0.051658392
0.2656436
0.30499053
1.1436241
0.66705537
0.4769683
0.43318534
-0.02129674
0.028520823
0.45532346
0.6804712
0.09546876
0.07034993
0.19847369
0.035637617
-0.004428625
-0.1136446
0.16949892
0.51221967
0.027015924
0.3074267
0.48541045
0.32513046
0.21038485
-0.4117961
-0.015093803
-0.035964966
-0.38129544
-0.0448215
0.37620187
0.54405475
0.67251015
0.6631634
0.7343731
0.53573847
0.31765866
0.46091628
0.62881756
0.20870066
0.06165099
0.11159158
0.18916345
-0.034840822
-0.22931266
0.26460457
0.29551506
0.19704914
0.3246348
0.0076448917
0.39126825
0.45453525
0.6907494
0.29978466
0.36179376
0.661844
-0.079785824
-0.6049652
-0.8848195
0.5692749
0.87721753
0.53506374
0.052402973
0.34385753
0.47037172
0.49887705
0.29064703
-0.20172238
-0.06516671
0.41612172
0.49265504
-0.033877134
-0.18168092
0.28020763
0.34384155
0.35027552
0.28272438
0.23478007
0.13570404
0.5203476
0.40930033
0.4627874
0.6700473
-0.10289359
0.24093366
-0.5439255
-1.0692272
-0.3082931
0.43336225
0.16388297
0.15947795
0.48884296
0.535043
0.012882233
-0.05865574
-0.081100464
-0.0058915615
0.44273567
-0.047310352
0.0892365
0.11168504
0.6664543
0.3700254
0.087338686
0.20046091
0.15747333
0.24988246
0.47953296
-0.1584909
0.1064415
-0.036964178
0.037575245
-0.0794878
-1.1300035
0.027916908
-0.7018473
0.06628585
0.38133264
0.34074926
0.25439954
0.1492455
0.19200182
-0.039761305
-0.02820158
0.03412223
0.3502555
0.11371589
0.0872879
0.3010161
0.5433657
0.34634376
-0.015416384
0.23290348
0.08629894
-0.06576967
0.11205506
0.6995082
0.42219305
0.18475771
0.4695325
0.35106778
-0.888525
0.09792805
-0.55127
-0.111221075
0.38327503
0.3505528
0.10367656
0.027109623
-0.34896255
-0.002067566
0.0
0.14338923
0.38144755
-0.06165862
-0.03366661
0.13610458
0.30767465
0.05149889
-0.028758764
-0.01620555
-0.0646112
0.029848099
0.05000162
0.18710423
-1.0181093
-0.50601125
-1.4286995
-0.5547261
1.0438805
0.5777869
0.09807539
-0.048500538
0.53734875
0.23338294
-0.2203114
-0.15906286
-0.57302284
-0.18723202
0.31162453
0.3180182
0.14145231
-0.19459629
-0.24076605
-0.2080388
-0.1567626
-0.16070724
0.13654542
-0.009213209
0.12649488
0.07743788
-0.1710608
-0.3375194
-1.4801979
-1.0482635
-1.5734544
-0.021950006
1.2161434
0.653903
-0.12874508
0.48937201
0.7972944
-0.16097474
-0.3449242
-0.49322772
-0.41496062
-0.32810426
0.3452046
0.22706294
-0.13267446
-0.3897984
-0.20329165
-0.24958444
-0.33806944
-0.5117004
-0.30141807
-0.3829944
-0.15782928
-0.28602433
-0.17174053
-0.018987894
-0.36709166
-1.212039
-0.27240944
-1.0020843
-0.10080457
-0.7629819
-0.7893977
-0.11035895
0.0071423054
-0.2981162
-0.2641616
-0.046011686
-0.039663076
0.104662895
0.17541242
0.010902882
-0.24861789
-0.53557897
-0.34122992
-0.089986324
-0.35441375
-0.34041333
-0.5733075
-0.46016717
-0.30241847
-0.49315834
-0.24457026
0.18774223
-1.0216246
0.37535954
0.41025257
-0.7615447
-0.6353359
-0.49193215
-0.24866652
-0.4945557
-1.2460852
-0.32004666
-0.1278224
-0.024412155
0.0060942173
-0.04537773
-0.36396217
0.22584152
0.18882132
0.013030052
-0.35598993
-0.070076466
-0.35442662
-0.36089277
-0.43733358
-0.39341807
-0.43760133
0.068075895
0.10707307
0.06888485
-0.22227955
-1.1464052
0.6564224
0.06081152
-0.15015054
-0.79743624
0.49890447
-0.30896974
-0.53696823
-0.117462635
0.04547763
0.25040293
0.020593643
-0.055923462
0.07574177
-0.068175554
0.007614374
0.25279784
0.06908512
-0.14145565
0.043656588
-0.2542143
-0.33491898
-0.007479906
-0.009190798
0.25225902
0.20629787
0.42755365
0.049465418
-1.9100158
-0.15217757
0.13154936
0.0011324883
-0.13066936
-0.056043863
0.032614708
0.46954274
-0.2937193
0.19940042
0.45851684
0.00075411797
0.34958887
0.09050703
0.12136674
0.2258048
0.12342644
-0.03124857
0.41603684
0.15313864
0.13895321
-0.047821283
0.15016341
-0.05932975
0.7297504
0.1421256
-0.3134253
-0.0025987625
-0.8408394
0.13367414
0.05259061
-0.20432162
-0.3268249
0.38208652
0.43683982
0.6656594
0.14799213
-0.14286542
-0.0992918
0.09155345
0.43547392
0.4333713
0.016536713
0.46049547
0.36724257
0.30969596
0.38731742
0.35768914
0.42910433
0.080658674
0.29229712
0.42644143
-0.033124685
-0.10067773
-0.7126789
0.10529971
-0.41379356
0.080949545
-0.07806373
0.050188065
-0.09583259
0.52108216
0.55716133
0.8068547
1.2103152
0.19568706
0.07671118
0.33313012
0.448246
-0.077219486
0.4638989
0.3444581
0.63993
0.1531291
0.1718173
0.12238121
0.18146062
-0.11320615
0.2278111
0.083613634
0.5351145
0.41884446
0.53062224
-0.39297295
0.10235429
-0.103420734
0.15765119
-0.15843868
-0.20095038
0.100981
-0.5541079
-0.7429185
-0.14712429
0.09881997
-0.19003081
-0.2814114
-0.08117461
-0.12107921
0.16379046
-0.21444201
0.22432423
0.20739055
0.048944235
0.28200364
0.5616176
-0.40537643
0.67092395
-0.011676073
0.5936229
-0.1127274
0.09074807
0.024000168
-0.09650731
-0.145432
