359
360
332
66
331
69
37
303
48
40
667
78
47
67
68
107
36
39
50
639
64
63
664
77
41
278
35
166
358
38
666
513
250
357
514
195
665
13
361
341
691
62
91
695
387
751
479
692
51
584
690
247
389
90
586
34
480
608
252
663
304
641
481
49
542
668
622
386
694
275
541
540
583
251
70
511
88
510
139
46
138
87
555
515
595
161
330
763
339
661
484
126
465
315
340
93
367
528
466
512
106
640
662
74
224
594
298
623
630
409
451
12
122
60
302
104
556
485
313
65
299
715
587
688
334
136
638
494
539
286
45
219
613
249
218
521
105
229
322
435
191
76
321
503
151
312
314
127
509
538
271
220
527
124
405
128
567
717
636
774
437
634
188
455
274
487
482
723
273
483
462
582
258
652
153
223
364
508
609
121
110
764
123
365
602
129
120
716
488
669
522
284
532
346
160
760
292
436
245
142
581
23
452
167
243
653
75
585
21
294
58
719
204
230
10
621
354
611
240
381
300
727
147
242
269
739
280
2
403
301
493
713
71
244
8
537
606
217
342
607
453
100
154
210
775
433
246
571
392
780
189
206
380
272
724
277
762
27
152
637
445
232
554
287
720
378
54
260
463
633
57
580
61
102
3
699
205
291
112
635
456
568
407
382
159
454
629
235
329
384
285
5
573
297
500
752
92
178
672
601
73
714
395
428
268
33
168
179
551
180
348
438
755
94
333
599
710
616
53
101
203
530
761
543
745
193
577
85
408
566
187
257
99
296
642
108
700
30
79
660
109
680
486
420
369
644
83
376
111
196
270
17
18
570
410
368
770
213
347
610
231
575
209
89
137
225
748
518
141
696
588
32
72
233
259
25
214
753
165
212
241
6
626
175
576
253
434
326
476
427
202
600
777
207
628
237
682
133
383
597
377
181
603
687
572
398
319
113
350
550
20
620
375
756
759
325
227
624
356
693
417
150
746
345
309
215
430
19
155
654
722
783
598
402
135
327
548
97
413
758
725
9
721
95
689
261
248
52
4
461
712
323
464
490
406
578
643
125
162
612
31
534
234
545
103
236
593
44
82
560
591
28
558
318
373
449
615
186
627
736
655
569
730
16
742
749
0
645
426
146
778
263
140
351
776
190
701
316
353
182
158
671
757
744
216
177
549
264
84
24
208
86
391
211
201
385
192
7
308
355
276
221
596
782
533
26
547
457
1
148
681
200
98
156
388
119
519
729
458
728
781
293
592
625
754
174
11
492
29
557
604
262
579
552
732
737
281
617
718
288
750
371
239
56
55
176
526
432
238
516
372
134
132
115
619
471
307
574
343
164
673
658
324
731
255
15
404
81
507
553
419
14
22
735
143
460
228
185
80
614
702
118
726
117
698
529
618
590
646
