349
344
489
429
59
265
683
379
767
184
130
632
536
546
169
674
520
631
131
149
163
352
650
499
504
498
659
320
491
496
43
431
771
711
401
524
267
649
366
738
400
747
96
337
306
448
562
411
709
266
559
374
561
317
502
170
362
390
295
565
289
477
686
523
657
605
290
439
741
328
423
505
183
397
412
254
157
114
656
421
501
459
564
765
197
703
495
415
475
414
772
467
768
394
733
256
424
685
472
416
440
370
226
743
766
311
199
116
708
194
198
336
478
779
442
393
145
651
441
517
497
684
444
338
734
589
222
468
740
473
450
399
469
769
42
679
544
335
706
425
707
506
422
563
525
173
647
144
396
470
535
447
310
363
648
443
773
171
670
305
675
279
282
172
697
704
531
283
678
705
676
677
474
418
446
