786
62
824
27
915
650
943
223
709
929
520
351
479
951
975
234
693
676
1006
511
15
473
162
56
233
681
855
103
70
949
668
933
618
149
615
382
926
944
156
956
705
740
38
801
835
18
147
911
591
75
472
1014
972
190
947
184
76
569
63
813
759
987
24
135
906
506
225
58
958
442
386
528
623
72
936
512
52
677
616
966
118
416
20
708
477
6
873
458
601
129
81
713
67
428
10
220
607
86
924
505
476
941
13
131
485
3
795
437
383
388
116
92
497
494
854
127
821
346
5
980
459
940
834
329
763
46
274
243
731
903
942
917
192
42
603
284
487
475
788
166
266
585
600
481
104
255
665
4
364
297
454
982
634
302
770
513
291
134
560
415
441
289
935
148
168
474
823
246
320
322
632
769
222
136
898
8
448
780
244
772
486
423
161
414
107
0
1
349
518
602
347
638
726
809
14
356
503
633
645
606
410
387
97
644
37
621
385
449
285
453
78
446
1007
635
421
967
260
361
133
779
521
812
39
484
12
321
491
551
730
268
950
523
1008
276
420
343
35
323
379
619
768
100
128
256
509
288
47
636
22
631
519
23
381
68
292
981
593
267
245
976
725
138
324
101
102
389
132
667
507
140
810
666
290
378
778
277
756
363
310
160
434
309
483
45
352
77
311
357
747
552
96
278
620
480
247
782
51
488
398
655
299
265
28
355
300
69
443
504
746
493
536
492
456
429
599
279
365
36
451
418
402
26
724
113
452
411
275
466
465
298
781
115
404
419
755
114
109
723
450
430
108
751
403
19
524
330
137
592
568
146
461
683
714
586
690
438
717
436
748
554
694
682
342
259
498
553
716
371
304
754
555
405
301
590
625
372
460
749
750
366
435
468
433
331
495
722
303
525
718
715
305
500
306
624
687
308
332
406
719
556
587
374
399
588
333
307
370
373
589
596
657
464
401
338
467
334
753
367
341
752
340
431
335
499
432
656
564
720
689
688
339
496
721
337
558
595
557
400
369
336
368
462
532
563
531
463
