525
524
492
559
526
493
527
560
494
592
623
591
491
624
528
461
460
397
396
429
523
428
395
495
655
404
459
654
598
364
630
436
363
593
437
403
618
462
405
427
558
728
311
993
556
662
240
430
992
561
994
617
594
586
595
435
597
585
848
343
310
696
622
458
557
723
663
724
406
342
651
631
239
650
486
490
331
817
278
761
816
629
847
627
653
619
679
390
793
394
656
843
365
792
692
85
842
960
374
729
849
201
234
207
455
487
837
815
180
246
147
661
279
426
760
974
168
398
574
468
518
371
569
277
711
1006
3
372
680
312
284
869
422
453
149
821
266
469
946
57
785
116
15
872
271
247
202
179
265
743
878
89
373
664
347
712
625
286
4
245
148
318
