605
166
579
646
381
313
446
73
71
242
479
88
312
485
483
4
773
77
259
680
286
430
426
258
458
634
431
771
649
456
665
75
63
580
124
451
539
593
606
747
524
517
66
484
277
669
663
547
481
380
269
363
396
409
330
664
460
436
80
562
512
776
463
103
519
766
429
662
271
138
607
270
102
636
200
428
641
750
400
329
137
695
427
723
691
768
404
478
741
737
764
107
461
74
648
176
423
739
546
371
395
221
117
298
618
105
333
390
407
118
70
165
307
491
72
707
745
668
220
193
104
422
164
228
91
743
772
770
106
464
450
335
693
78
706
488
136
195
172
279
516
722
223
145
490
690
62
708
90
709
721
489
251
394
712
144
710
518
716
116
714
434
192
717
740
408
640
711
746
719
462
713
718
736
720
715
334
738
694
362
435
222
278
742
306
692
194
250
