575
759
860
445
734
295
671
262
728
760
608
574
859
703
377
791
889
767
576
1000
319
727
849
848
821
847
565
564
533
850
925
359
534
562
580
880
444
250
883
729
577
532
314
594
868
326
282
597
208
888
881
573
844
761
566
395
605
952
894
991
561
261
596
892
448
251
990
477
792
529
188
696
207
697
702
959
396
817
394
790
530
229
776
629
296
919
758
775
852
242
327
665
294
263
563
874
241
819
328
578
351
818
1023
700
209
219
1022
197
875
376
735
502
863
857
186
408
447
628
206
884
315
187
609
494
501
877
393
203
462
846
526
240
956
228
344
531
239
545
989
409
283
1021
221
851
745
811
440
66
31
176
495
392
422
837
879
808
191
595
527
289
157
820
816
581
194
231
1020
777
695
661
712
237
426
662
882
913
260
861
293
177
362
634
57
593
345
789
430
679
417
211
238
876
626
827
32
175
558
807
814
627
998
660
659
865
858
154
828
48
249
195
360
1015
236
914
364
726
528
119
463
598
845
815
853
218
996
425
836
582
572
953
713
1004
602
603
579
497
123
329
441
912
286
905
391
353
155
878
549
681
871
673
172
612
120
496
611
429
764
204
178
280
243
427
33
65
535
503
999
202
170
744
694
210
375
544
125
1010
98
361
1005
650
1011
253
442
640
866
778
911
570
615
363
546
517
278
541
516
235
475
639
217
16
420
189
945
831
649
559
1013
49
832
1012
6
746
145
762
144
89
633
798
539
227
330
160
613
833
277
205
794
346
380
112
474
17
548
500
397
310
1001
900
230
641
312
34
1016
342
571
199
248
664
995
793
129
977
890
614
869
258
71
343
550
547
107
198
9
658
647
174
173
246
309
934
297
842
601
358
540
747
37
897
779
275
407
80
161
247
212
1009
244
910
139
84
13
313
64
741
79
24
955
428
316
706
455
140
757
725
680
979
538
267
390
50
693
193
796
567
67
870
970
7
773
216
944
165
867
130
583
276
978
643
18
22
423
856
111
610
909
993
213
923
806
630
141
38
350
684
81
25
424
864
974
653
182
196
714
920
507
70
683
410
470
843
41
557
709
672
56
648
800
95
245
799
12
515
707
937
607
151
142
268
413
472
135
53
931
1008
2
74
992
171
710
584
15
899
58
542
55
997
105
543
325
508
771
91
748
143
938
75
40
384
473
506
590
737
805
274
674
266
742
388
774
299
39
454
110
902
692
930
23
943
1014
46
134
11
711
946
234
103
788
682
804
270
646
106
537
461
961
44
78
716
675
969
88
654
604
21
298
994
478
663
90
185
973
124
82
42
896
76
813
232
83
907
8
164
780
743
960
99
73
929
739
651
45
841
476
932
1006
224
736
928
43
102
14
63
190
150
768
51
163
1019
10
147
20
72
374
738
273
68
498
783
486
964
835
600
302
504
19
622
1007
308
988
740
968
642
625
87
965
114
632
569
356
644
385
162
898
787
705
215
214
751
1017
518
976
521
77
485
94
300
824
927
257
803
311
556
354
554
269
52
156
321
279
560
769
838
85
126
439
320
471
719
975
717
505
184
183
97
47
386
220
159
331
104
589
519
153
108
520
704
802
708
522
812
166
872
1003
341
30
96
618
551
915
685
54
901
132
555
93
271
482
117
839
133
893
69
169
948
963
138
281
109
118
307
453
786
512
158
487
252
670
62
686
617
122
464
536
36
980
136
192
35
591
317
1018
332
784
5
226
553
942
525
720
469
829
936
585
616
113
365
962
947
416
272
287
509
484
715
499
357
180
318
690
1
552
984
181
0
862
701
100
373
131
691
59
749
149
288
621
921
301
750
652
398
699
168
645
465
687
772
587
292
785
689
935
588
152
412
101
966
116
586
146
904
347
781
3
254
406
810
801
115
233
895
967
887
908
201
823
678
431
676
488
306
86
568
631
167
223
657
418
840
782
179
809
718
60
256
200
822
1002
291
490
459
466
954
387
304
481
688
620
939
137
834
489
756
61
389
730
731
668
724
303
922
405
340
457
335
468
456
985
458
599
483
523
982
933
854
121
29
752
333
721
352
264
987
493
366
127
916
334
421
926
949
438
906
443
669
348
449
437
92
524
666
128
337
855
623
986
592
957
148
378
885
891
225
924
27
460
619
222
983
732
383
452
972
290
284
434
971
432
336
770
698
338
436
450
941
655
305
26
903
722
514
403
677
830
795
372
28
399
4
324
367
259
755
355
322
981
467
766
404
402
370
433
368
513
369
873
339
435
371
255
656
285
379
753
958
491
510
636
624
419
400
401
637
951
733
886
382
265
754
723
826
451
480
479
638
492
918
446
763
415
349
606
950
667
323
635
940
825
411
765
917
797
414
381
511
