524
522
567
503
554
529
492
533
600
588
568
565
594
534
536
490
752
525
751
113
502
557
750
749
727
471
367
593
504
632
521
758
566
726
759
553
400
498
368
499
589
118
745
114
330
49
753
82
81
818
146
489
720
849
748
664
242
1010
106
815
560
599
145
87
331
209
527
362
586
881
777
585
210
850
882
552
86
914
817
779
526
50
277
721
601
880
792
778
520
747
780
848
54
119
847
439
816
746
824
791
717
17
996
819
633
493
587
311
150
335
844
458
812
120
178
241
998
332
776
781
16
584
108
144
6
823
879
409
851
278
177
814
703
55
139
741
811
735
310
719
363
730
152
878
846
88
336
440
361
795
329
275
31
702
23
5
783
298
790
613
1011
813
376
977
625
151
843
500
995
4
301
883
963
201
671
344
105
198
343
696
334
713
29
828
324
41
208
646
796
978
508
913
999
28
928
760
388
333
243
694
299
709
808
809
714
789
274
234
107
153
697
408
734
258
102
835
912
140
1009
604
877
0
915
540
60
337
219
170
18
1013
1023
537
356
357
1
354
141
352
895
323
997
1012
903
961
69
420
260
887
412
62
608
220
165
307
740
509
1021
284
689
810
582
306
889
297
920
185
541
229
257
80
182
322
3
476
1020
37
389
390
1003
935
302
166
269
543
992
934
304
822
109
176
42
820
57
569
104
2
121
762
964
695
665
614
197
772
221
1004
112
960
612
300
276
860
74
292
321
30
473
253
931
215
377
771
442
766
127
1005
449
929
645
196
946
864
217
975
891
945
827
954
353
419
39
922
773
248
765
477
739
252
247
884
157
134
855
839
511
974
966
962
572
27
899
701
979
858
718
842
375
576
670
61
606
767
410
550
147
83
381
943
1019
445
731
744
444
93
89
261
732
351
761
188
95
845
290
544
1022
738
65
155
1000
132
578
228
133
1001
803
407
64
187
218
101
156
488
890
942
70
320
870
917
798
948
359
63
251
838
926
871
925
953
38
728
75
96
904
872
611
897
21
836
214
607
350
947
315
933
821
124
441
291
289
358
989
259
262
944
742
480
559
965
516
639
452
280
857
100
918
729
981
549
804
782
548
980
305
678
505
852
916
366
583
478
991
807
303
312
797
763
325
399
764
799
136
282
971
902
233
825
32
231
459
216
342
128
273
169
479
539
865
805
733
800
279
833
512
643
580
450
339
675
283
832
698
892
186
581
987
94
448
73
207
769
921
841
249
92
99
245
736
159
387
230
263
840
1002
22
985
867
688
385
901
235
911
246
801
868
271
894
317
98
972
1018
910
873
907
642
863
154
268
26
1006
266
859
875
222
610
34
856
453
374
421
829
91
976
250
226
189
90
206
384
316
294
558
919
308
211
707
97
932
380
802
853
888
834
244
183
988
205
952
51
861
66
227
973
125
123
103
993
203
191
896
58
110
416
190
379
481
485
40
285
417
900
10
644
893
831
967
25
414
267
347
286
484
202
164
8
138
68
806
874
349
265
199
36
700
383
223
737
571
293
194
940
955
295
959
956
575
288
454
705
1014
142
281
939
551
507
117
542
413
483
876
418
391
528
386
318
392
706
641
638
382
7
71
517
854
941
866
950
672
193
710
48
254
225
938
994
326
609
287
422
826
35
256
909
573
906
869
518
862
885
179
457
775
579
538
708
637
715
482
204
240
986
131
924
958
770
355
168
309
677
577
676
59
19
570
793
340
936
15
704
172
927
56
474
451
328
447
640
341
937
9
574
224
602
501
970
130
666
24
393
314
774
173
236
669
674
969
908
149
415
951
513
360
195
1008
784
184
510
364
162
53
605
673
345
768
830
785
636
506
443
957
949
272
898
135
616
378
546
990
171
348
886
158
67
930
923
72
137
126
255
681
837
212
319
668
905
47
192
175
456
238
270
711
794
232
296
160
264
514
200
33
237
1017
1016
446
617
239
682
406
460
597
163
1007
515
327
968
743
716
143
122
338
519
77
44
129
486
626
411
470
213
647
667
313
346
679
982
547
693
475
76
699
181
631
615
603
167
115
373
656
174
545
161
984
680
426
46
425
394
635
627
657
14
43
662
788
634
787
1015
624
628
423
592
983
20
687
424
754
649
180
648
365
620
11
84
148
487
85
712
786
438
395
598
52
369
45
663
116
455
661
79
722
13
78
111
630
461
725
432
497
12
690
427
658
372
757
467
650
755
686
692
468
590
629
494
621
466
401
683
618
691
685
723
405
469
433
591
371
724
464
619
756
495
465
623
437
428
396
659
655
496
684
462
660
463
370
436
434
431
435
398
651
404
652
654
653
402
622
397
429
403
430
