685
686
687
718
654
433
465
622
688
719
468
653
720
464
401
689
684
467
402
652
717
657
432
463
690
369
497
466
651
436
659
469
658
623
590
655
371
370
435
434
683
403
499
656
660
621
591
619
400
498
430
425
368
431
404
620
339
372
691
393
471
721
496
722
392
751
173
650
462
212
470
716
885
336
307
340
437
624
172
750
378
972
313
335
424
438
20
338
723
853
749
503
337
334
940
405
213
933
360
502
256
795
178
666
715
500
725
762
1016
264
794
515
346
825
19
618
39
899
40
941
21
676
852
204
982
439
8
294
383
908
625
774
698
983
801
302
1008
1015
267
912
13
886
192
415
704
263
823
932
724
295
984
806
930
673
971
928
345
831
776
641
7
281
931
726
293
682
123
909
1007
904
748
934
856
184
763
667
219
387
451
937
160
306
964
186
323
602
755
199
883
579
457
833
864
968
261
6
282
301
672
124
131
773
884
900
832
111
824
542
730
229
800
481
808
640
12
161
855
857
446
288
11
959
109
419
731
827
33
349
269
547
181
72
511
23
262
24
703
872
671
382
381
587
224
43
756
544
807
969
950
838
484
289
101
214
233
137
84
989
290
973
351
71
775
865
796
420
483
541
10
485
791
936
956
450
53
159
52
14
914
365
887
187
38
418
128
516
643
736
126
41
122
327
63
917
83
59
197
324
76
292
314
991
139
185
799
274
218
163
866
308
198
929
670
225
250
366
545
32
167
478
456
121
1002
320
216
769
988
702
628
752
25
905
51
117
188
709
445
28
512
135
859
768
348
99
479
79
127
858
154
110
326
902
634
981
350
238
1013
926
226
164
252
543
510
47
907
764
700
60
935
16
915
980
223
840
444
27
18
291
939
828
414
927
952
130
891
965
797
26
475
230
140
205
182
251
196
1017
249
787
31
77
919
45
367
642
949
975
1014
162
203
839
901
112
125
918
990
782
513
911
668
898
305
211
767
734
916
220
822
4
255
896
649
830
860
580
413
699
158
741
190
9
958
826
70
171
193
447
873
829
168
639
253
509
30
452
64
44
317
129
236
951
102
133
1
1011
985
232
924
1012
155
482
37
283
94
180
96
871
611
1004
268
967
708
897
153
380
854
957
227
58
1021
890
501
638
46
231
480
733
217
995
514
156
257
732
942
100
870
222
606
5
166
254
391
108
507
386
319
195
449
36
477
148
922
373
142
35
803
138
62
1001
694
637
169
742
546
194
948
61
67
421
69
228
645
165
151
328
91
576
78
85
947
1005
550
377
410
635
805
34
757
152
115
888
42
22
607
150
869
867
963
970
925
573
80
341
876
577
605
275
107
669
954
17
355
894
612
548
539
157
921
120
889
583
783
644
906
472
234
892
735
966
417
923
1022
574
2
286
237
48
287
753
174
626
82
15
636
73
248
629
353
772
765
710
861
0
141
770
893
570
675
979
143
938
260
863
113
116
136
259
777
701
379
943
1003
92
65
416
705
835
68
149
132
868
737
440
517
406
834
325
57
385
95
962
953
476
285
66
508
706
49
575
862
882
54
766
961
711
836
75
243
398
423
361
412
738
352
170
578
771
265
56
175
802
754
747
316
411
714
571
318
183
955
504
354
244
903
987
189
321
837
50
1020
191
88
549
920
89
538
841
215
134
535
333
297
809
90
707
258
609
1023
221
103
804
986
648
104
145
674
299
147
303
93
798
388
284
697
356
874
442
3
105
443
976
315
206
487
615
98
745
895
29
359
603
1000
974
627
242
426
996
97
296
506
729
119
322
114
304
86
55
74
87
1010
551
384
453
399
978
106
1018
266
118
851
397
604
235
601
144
613
647
280
739
81
913
273
177
519
740
781
994
586
944
202
270
276
454
245
946
572
298
608
960
677
610
793
743
678
407
201
518
1006
780
681
200
810
247
146
358
271
665
581
785
582
409
760
176
448
786
680
778
881
646
792
999
474
945
600
455
790
357
779
300
1019
312
758
179
1009
692
588
744
389
821
540
784
589
241
505
536
998
679
993
910
997
820
344
347
632
239
850
633
875
842
880
977
390
877
408
210
761
746
246
486
616
617
788
473
309
693
422
712
568
488
272
374
207
614
811
567
713
844
329
812
279
441
489
558
537
845
584
332
813
277
992
209
759
330
376
569
534
814
208
727
599
695
818
552
342
530
843
815
375
819
631
663
879
520
429
789
278
592
664
554
846
878
728
364
531
555
240
521
331
394
458
662
661
311
529
817
585
557
696
816
310
343
553
849
630
848
490
396
556
847
522
598
566
597
533
593
362
495
532
363
596
427
523
564
563
524
459
565
395
428
491
595
562
561
594
525
528
461
559
560
494
460
492
526
493
527
