684
440
333
716
315
1011
407
714
242
1006
274
98
275
977
438
347
464
65
441
306
737
332
384
715
974
849
627
847
706
248
914
401
1001
283
80
346
321
330
726
385
343
508
979
310
331
705
426
640
386
352
304
273
505
537
883
496
1009
682
897
95
704
49
48
329
210
746
282
31
16
189
881
945
913
302
113
1003
272
713
216
17
97
568
81
1013
816
768
47
232
540
301
788
538
749
217
946
999
476
354
2
942
183
888
709
230
735
683
303
122
569
896
796
276
874
448
215
177
848
259
75
892
316
764
1012
742
674
252
846
258
633
96
641
63
1014
152
1015
978
64
929
817
866
361
299
35
795
657
703
124
190
298
710
748
357
247
910
209
15
736
852
416
934
300
311
260
797
606
891
962
859
899
672
935
922
784
58
895
639
798
112
969
879
146
573
860
750
828
153
745
104
284
763
390
262
878
747
1016
920
221
379
875
314
898
200
92
418
919
782
741
197
88
903
228
911
204
581
845
90
389
66
261
814
841
744
807
575
868
475
455
220
615
422
280
781
973
907
29
194
717
270
783
74
613
93
127
201
542
902
322
943
998
30
291
926
139
103
157
251
799
227
776
233
889
184
18
271
823
808
890
253
57
580
678
73
572
266
145
119
520
353
610
842
46
27
760
350
880
779
582
1000
243
1
222
844
510
740
671
1022
767
614
869
89
452
355
267
235
356
445
858
236
292
182
279
775
250
446
834
840
951
810
809
149
185
196
583
125
612
241
800
290
604
960
692
511
148
864
269
551
576
925
158
1023
444
324
447
762
938
870
408
519
44
79
240
829
708
263
815
516
873
141
99
62
918
813
780
297
37
731
730
205
777
118
759
393
839
277
646
700
928
223
952
164
94
421
191
801
454
229
237
198
234
287
608
87
294
997
702
872
328
439
541
578
811
877
854
325
812
131
668
901
821
792
789
765
643
130
171
391
106
961
644
732
647
317
28
1020
827
758
67
970
423
477
170
832
676
134
804
778
965
894
921
411
479
206
906
679
126
1021
115
318
420
249
930
853
32
319
857
137
843
673
912
904
199
123
548
121
908
336
78
699
539
55
59
218
924
6
419
698
571
358
159
56
186
707
176
116
931
923
107
824
574
984
264
607
144
231
944
100
751
339
772
887
933
867
108
34
947
734
105
388
1017
412
91
752
136
967
26
915
68
293
976
1002
38
76
991
268
953
831
219
214
509
738
169
766
150
543
861
42
954
549
5
254
876
806
937
667
486
208
154
86
605
677
45
151
281
774
12
41
992
642
871
320
84
72
147
165
893
980
188
166
645
900
102
138
133
856
487
187
773
712
802
285
25
488
981
837
939
135
54
140
129
70
8
265
60
360
982
143
120
518
793
85
1019
950
255
830
238
727
61
681
9
417
132
936
701
69
822
278
826
836
14
987
958
383
296
838
791
163
246
443
101
638
932
155
351
50
109
611
603
450
634
77
552
484
685
83
917
517
863
905
453
666
128
570
743
637
239
156
114
506
862
478
695
711
71
602
941
544
117
577
769
909
927
36
485
545
584
955
207
733
181
142
579
451
326
470
257
23
885
456
387
550
794
675
202
994
82
988
295
986
636
616
286
968
996
442
203
40
180
855
167
790
983
289
739
805
13
43
24
3
39
975
168
211
993
323
609
111
392
959
53
4
288
195
884
244
11
474
680
729
1018
162
718
728
359
761
803
226
175
33
985
546
886
697
635
7
413
173
481
110
990
547
949
430
483
957
963
409
835
380
305
424
916
245
425
696
19
22
174
648
514
669
172
512
327
256
10
225
1007
414
825
670
459
21
833
940
415
665
160
513
377
632
178
956
785
376
719
989
553
52
600
20
966
664
378
720
449
972
515
213
410
51
480
349
948
382
521
964
757
348
212
628
192
313
161
381
1008
771
601
482
337
338
502
471
460
725
688
689
0
371
312
193
770
503
345
585
649
344
971
652
629
663
534
179
787
753
489
617
535
690
630
592
995
457
458
567
691
224
756
650
786
653
686
631
618
721
369
651
370
687
565
656
599
624
724
564
754
490
621
463
586
654
655
755
462
598
522
596
722
597
723
619
622
554
620
491
590
589
591
623
558
523
587
588
557
555
556
