564
530
594
533
534
596
565
561
529
562
532
597
494
495
395
595
558
463
396
566
527
593
557
496
497
462
502
629
528
394
430
501
628
526
531
590
364
500
626
563
848
847
208
426
849
662
880
559
661
427
589
850
362
363
242
207
429
881
627
209
393
846
879
206
535
177
503
556
241
851
727
176
694
759
650
397
409
329
693
913
608
498
295
745
236
883
392
330
377
683
679
712
237
882
580
239
776
408
282
1005
376
428
581
250
660
575
425
48
912
361
175
360
1000
422
819
860
1004
598
726
445
240
342
314
262
695
889
746
820
576
251
328
775
911
582
817
144
1015
178
205
261
952
1011
836
1012
1021
814
243
808
516
1013
1022
203
283
914
725
574
219
837
16
905
859
577
612
296
868
811
744
319
945
1010
275
188
229
734
758
112
448
197
807
874
713
996
327
671
17
579
549
461
1020
187
998
391
228
865
359
703
548
80
878
191
567
31
280
944
614
238
716
989
897
66
767
875
1023
977
32
260
195
857
315
477
888
956
778
186
13
247
331
145
9
98
1014
578
210
863
274
119
779
990
545
791
57
540
818
170
211
728
747
999
173
444
844
157
464
741
79
351
172
33
84
821
827
681
892
231
894
979
189
816
221
605
129
107
696
65
760
217
572
573
49
884
682
993
919
800
249
293
198
216
934
832
877
441
58
517
806
161
298
991
248
615
194
34
326
974
64
160
925
289
640
858
174
867
866
475
647
997
959
1016
420
23
805
263
218
294
24
417
953
125
937
910
845
735
38
18
890
978
1001
969
135
804
447
120
155
165
1009
871
123
111
603
308
700
609
870
861
764
607
792
279
706
286
81
544
6
37
309
643
71
63
89
773
227
380
202
346
902
299
853
193
869
828
709
67
539
762
630
876
190
796
476
353
196
790
673
649
267
833
246
794
970
150
777
973
900
602
541
995
258
90
923
968
793
388
22
95
134
204
140
139
230
799
12
702
920
50
938
7
270
141
815
547
824
154
542
235
151
41
25
955
543
946
344
182
220
611
325
864
641
856
1003
509
761
507
56
546
943
321
70
185
672
184
936
965
707
102
613
948
604
839
126
508
515
610
310
385
74
199
147
53
39
738
964
947
55
714
831
94
40
789
253
633
994
118
156
158
929
634
62
320
842
413
909
75
639
142
478
872
350
316
88
122
512
15
705
159
942
904
130
852
931
232
899
257
96
739
736
954
356
46
357
91
124
922
795
313
668
153
841
343
297
213
731
1019
105
924
798
106
1017
988
347
992
737
901
30
42
930
8
266
162
674
375
962
2
802
418
341
670
21
829
980
967
292
1008
215
730
412
862
318
963
442
390
114
374
774
93
354
729
183
895
697
143
453
769
742
966
440
893
87
887
921
1
164
906
383
701
984
915
99
699
704
416
768
916
387
214
708
748
891
838
907
384
68
345
771
103
555
932
927
11
358
138
287
312
389
224
386
926
352
483
823
317
163
192
957
636
571
97
646
171
278
550
110
288
843
85
732
54
226
78
113
45
675
960
665
14
60
855
454
127
898
801
20
446
482
