441
656
553
432
497
601
252
531
445
636
279
266
388
559
581
550
526
657
198
362
113
542
625
736
76
528
336
688
564
483
225
204
149
716
238
171
99
683
231
752
343
706
46
600
555
772
128
268
378
626
154
435
220
213
144
155
380
298
522
524
532
150
226
121
662
142
495
629
211
537
90
297
549
176
318
631
506
74
185
541
438
576
405
177
311
609
669
75
700
332
686
488
163
474
447
730
415
114
89
453
180
271
141
241
37
693
433
645
160
467
91
217
460
22
698
560
599
237
663
540
162
270
206
673
148
260
205
169
385
92
109
371
81
262
366
575
292
715
208
299
701
728
584
416
188
42
408
782
429
202
579
407
303
192
172
294
660
783
757
753
52
54
82
194
464
143
509
119
175
325
377
726
630
628
644
361
100
411
265
390
379
616
466
280
671
520
459
189
120
118
476
398
115
16
261
404
364
116
322
38
593
86
674
315
145
632
0
465
293
117
529
734
56
413
312
478
14
635
224
242
1
606
147
608
272
87
403
84
754
758
396
7
233
424
383
729
638
326
228
384
28
199
603
455
236
672
255
310
131
31
536
355
475
344
4
431
458
439
501
502
215
562
24
527
159
341
426
547
85
227
15
414
328
57
58
12
70
316
493
129
36
29
440
732
157
201
451
55
94
186
60
146
214
369
33
412
174
173
26
494
61
356
397
32
170
661
572
200
577
574
27
5
6
548
521
284
2
570
602
8
88
187
436
727
375
300
781
34
382
269
422
503
11
604
353
596
759
235
295
276
780
3
428
207
492
41
30
448
573
35
102
20
571
430
402
139
10
323
699
368
264
376
25
244
381
246
256
491
39
327
59
40
13
9
254
47
63
73
372
340
351
307
190
164
623
410
50
274
23
275
779
64
321
469
304
111
530
168
67
391
551
409
283
151
62
243
500
461
482
498
18
17
234
178
83
633
617
621
134
245
615
53
437
110
588
587
393
101
196
558
585
179
229
313
21
352
132
643
481
423
104
103
764
112
69
342
569
697
158
357
48
348
195
289
490
463
259
678
19
49
507
694
68
769
140
257
230
78
350
349
664
93
389
756
468
258
519
687
339
692
338
331
755
401
605
508
427
535
285
167
442
690
666
301
619
565
425
400
486
302
329
691
622
637
130
634
773
647
721
247
452
273
367
457
218
360
760
641
354
161
613
219
324
133
563
675
511
319
761
191
282
166
778
314
515
496
665
106
330
77
763
286
347
762
296
387
480
419
640
561
776
586
733
725
417
359
487
646
612
777
107
775
421
358
395
386
722
592
595
105
650
197
751
320
703
345
456
505
346
568
750
620
449
477
373
774
450
704
589
512
591
136
374
566
594
135
514
649
567
677
618
513
485
590
648
676
705
