595
564
596
589
563
562
532
531
530
565
594
527
522
588
491
521
533
523
553
561
399
528
362
597
556
557
367
566
490
534
554
555
529
494
526
460
998
1000
552
492
593
520
758
746
459
847
879
999
966
849
585
210
848
376
368
535
495
727
567
500
878
420
361
209
584
1010
977
87
331
997
408
363
721
427
540
81
458
688
216
1009
558
747
493
119
745
335
779
812
880
881
720
713
819
366
661
759
818
357
242
489
944
789
501
330
310
208
568
329
145
714
375
726
817
508
343
945
342
781
114
719
614
144
598
572
389
499
50
461
780
146
560
689
388
400
347
846
996
693
633
935
395
56
978
177
750
98
1019
778
612
1020
695
816
548
332
1021
844
263
1011
409
802
783
55
1003
524
428
22
472
344
811
176
278
241
502
946
228
696
610
664
1004
850
441
913
993
93
632
106
536
537
1001
280
412
217
851
200
448
582
298
903
992
309
814
516
690
665
834
920
741
86
311
893
66
749
862
788
118
277
608
183
604
674
504
571
836
325
336
976
609
260
581
315
897
54
835
337
249
503
986
97
385
507
150
843
739
877
275
258
42
845
748
377
113
74
995
304
285
569
356
921
952
943
322
407
911
92
963
488
875
49
947
1012
120
29
738
354
476
953
910
417
892
752
191
895
80
942
394
770
1
864
882
1013
64
82
954
105
165
10
102
744
961
100
314
962
152
104
967
677
151
861
88
360
616
31
1017
134
989
318
257
740
813
808
96
601
706
994
345
863
69
782
832
628
923
2
107
777
355
70
987
803
860
386
18
626
901
299
326
798
603
480
259
68
699
171
78
888
681
218
23
189
95
646
440
474
1002
988
868
287
103
804
636
539
276
600
894
1023
294
215
279
262
948
577
178
607
1014
473
250
273
384
444
155
312
274
842
90
580
231
248
170
915
1022
509
201
985
1018
1006
129
243
559
640
615
914
34
477
197
5
769
17
99
319
889
175
321
810
37
475
9
547
352
951
65
669
143
884
164
828
815
358
156
820
223
202
392
735
575
48
955
712
116
883
36
75
132
805
32
824
316
240
578
772
73
422
546
108
771
701
182
62
3
613
445
416
827
443
254
737
733
938
865
599
442
576
807
112
764
736
896
157
898
230
0
906
918
970
925
221
732
708
452
833
419
281
766
960
498
236
765
969
757
742
694
110
657
282
89
449
71
190
703
289
1008
1005
284
902
136
873
94
30
128
24
768
235
379
195
909
912
979
642
353
454
101
890
125
115
174
639
374
866
334
76
193
267
705
247
141
179
707
447
482
198
418
867
630
605
35
53
222
251
784
211
637
196
602
364
411
734
255
391
968
28
629
61
67
800
124
965
929
767
919
166
541
874
512
841
728
207
891
140
916
194
638
587
246
671
573
91
627
514
980
583
413
751
147
292
138
158
410
188
753
169
854
644
220
46
455
545
328
149
187
38
266
887
185
957
797
206
855
675
127
936
41
272
239
153
486
762
359
317
234
286
380
33
871
905
709
917
51
668
77
44
956
293
645
111
232
931
859
790
635
390
14
313
133
773
154
511
958
63
715
934
79
763
786
130
333
186
795
809
801
796
574
203
974
680
549
606
15
142
579
324
296
350
393
320
382
297
16
283
924
295
678
123
856
799
351
517
268
513
570
776
253
702
229
964
60
227
451
544
121
483
641
730
11
57
984
774
83
290
415
349
611
525
837
45
700
876
126
792
205
510
453
252
204
172
676
990
291
184
775
346
139
829
135
479
922
761
219
551
47
870
731
858
518
43
926
72
122
414
542
505
450
225
387
226
148
643
85
137
58
