248
277
334
276
249
278
250
304
193
642
107
40
88
332
41
723
221
251
745
746
742
39
106
78
717
741
37
46
136
38
48
166
90
47
50
110
62
331
63
738
341
371
306
639
587
138
724
709
284
34
769
105
369
36
743
35
315
722
534
220
713
45
707
744
247
719
333
359
718
303
49
343
294
137
71
312
770
223
703
667
739
194
342
362
253
281
322
12
305
685
585
318
368
108
75
13
104
165
42
716
768
761
533
767
345
69
710
674
192
688
72
64
91
708
670
116
347
763
764
747
712
339
690
691
715
195
556
641
293
420
582
753
219
43
684
357
592
737
386
370
771
356
652
594
595
51
706
87
123
686
392
372
135
620
122
449
532
335
367
731
604
762
77
360
687
588
692
340
316
317
92
555
230
94
74
70
191
394
275
520
398
402
297
721
760
666
682
622
346
499
222
288
290
521
695
224
321
680
571
89
608
773
714
252
480
766
660
128
750
465
54
505
314
273
113
661
287
659
373
683
150
375
772
477
675
364
147
765
422
102
27
60
319
120
576
669
668
460
313
344
289
774
510
323
543
23
538
237
212
57
616
752
486
653
112
384
664
121
461
66
383
574
778
464
217
619
58
133
548
479
3
694
188
500
160
21
583
73
280
647
672
96
751
300
260
735
577
516
435
298
130
211
197
229
393
458
168
617
61
404
401
780
187
609
613
700
358
270
146
301
385
679
266
164
119
2
395
633
20
775
711
421
540
727
400
32
776
552
603
365
8
244
596
245
52
265
149
6
161
777
701
699
10
413
28
645
145
101
575
374
462
82
307
140
749
754
236
9
643
783
644
337
755
103
255
196
17
649
782
274
781
758
302
227
309
599
366
681
427
512
4
397
131
24
560
258
175
416
476
438
429
443
295
246
615
182
163
363
231
190
396
497
173
423
411
504
310
338
677
