194
251
14
769
659
79
859
929
96
214
864
549
112
253
171
828
442
140
127
6
514
47
764
757
482
210
957
443
507
963
190
902
1017
1013
450
163
901
703
99
9
121
179
380
952
538
245
230
320
126
637
855
154
124
292
580
252
177
156
197
32
638
187
605
1011
629
188
702
218
77
643
270
138
115
570
223
407
167
927
721
418
704
345
67
671
102
413
481
755
291
672
475
642
606
158
199
85
226
207
934
1014
453
544
950
990
854
973
440
871
454
168
505
506
832
101
479
502
22
713
70
504
225
965
391
289
38
184
327
820
928
414
206
905
510
936
1012
111
890
129
324
758
175
426
18
137
667
969
128
574
63
633
351
535
198
831
981
421
971
873
53
135
711
968
299
313
700
193
162
83
931
959
43
34
174
900
25
948
975
579
400
186
995
827
743
381
676
419
780
51
833
807
511
937
219
229
295
899
472
445
109
33
288
10
300
730
541
23
41
792
543
117
349
203
348
519
159
545
826
858
290
123
547
387
131
178
333
24
839
382
139
626
12
647
980
84
932
729
988
410
916
11
809
670
52
641
406
71
516
19
130
930
801
781
984
760
213
224
673
731
982
261
293
933
72
495
478
904
824
172
697
323
244
615
451
211
887
915
947
1016
746
851
956
383
487
914
634
173
204
690
423
243
727
13
989
160
790
205
192
415
964
628
762
256
1015
484
236
857
592
542
821
983
21
602
305
7
782
446
627
882
306
378
972
601
551
517
808
838
485
853
778
911
242
759
943
698
776
885
515
212
775
665
884
912
823
795
773
276
39
439
774
161
237
745
360
275
335
725
267
763
550
40
274
20
1008
872
658
373
883
806
8
886
856
666
500
694
470
822
368
777
238
336
583
334
941
940
1007
301
794
825
852
438
503
791
596
456
337
648
437
302
435
372
471
403
750
393
625
392
747
308
269
405
434
681
341
469
268
617
689
751
371
656
404
624
498
457
338
726
402
436
496
749
424
466
649
657
468
425
340
307
748
714
370
499
655
467
688
684
720
532
339
431
563
685
432
497
369
401
719
716
715
682
686
554
653
531
654
586
621
620
433
652
687
683
591
717
465
623
462
718
650
430
464
618
558
564
619
590
651
463
589
555
622
557
587
556
588
