57
763
252
330
872
85
261
48
63
308
17
543
455
574
233
122
321
347
161
141
189
72
49
103
130
58
302
1005
710
422
760
672
40
792
820
473
698
279
256
80
882
1006
673
902
291
705
192
700
678
590
425
421
1012
575
253
461
159
510
203
147
1007
137
768
116
943
290
808
67
339
309
34
18
934
791
162
299
731
911
104
821
694
965
73
221
839
807
316
248
870
230
190
173
138
796
874
148
194
613
266
115
641
679
930
269
35
883
423
74
980
776
775
693
922
288
393
842
823
112
478
794
158
479
994
806
475
284
453
487
445
706
88
858
379
662
113
981
973
357
946
485
311
859
541
1011
20
75
852
643
232
12
1016
644
975
83
822
865
888
1013
840
486
297
384
551
628
25
910
959
667
220
1014
907
737
199
962
259
65
131
646
890
95
324
98
826
222
476
389
711
244
149
801
153
605
825
742
764
912
545
735
260
717
1001
71
135
668
493
411
505
991
507
352
580
519
777
732
140
268
90
443
927
857
229
795
838
713
121
924
96
214
666
180
127
743
39
323
707
1023
913
511
671
500
477
746
730
1004
845
960
44
517
89
484
454
892
378
681
899
773
729
982
1022
828
854
926
355
873
251
320
634
928
947
292
837
350
868
298
889
52
900
267
637
380
225
856
276
891
942
351
126
197
46
915
708
157
983
160
375
810
544
198
744
383
581
804
234
867
670
270
969
13
504
26
134
990
829
518
168
325
656
774
549
702
896
59
932
929
353
674
217
647
875
287
527
925
767
748
879
356
799
265
293
726
452
277
578
611
31
177
227
550
184
904
79
819
385
508
675
813
154
963
246
676
937
638
640
212
958
642
538
125
447
124
501
418
515
906
201
984
129
319
328
639
607
576
238
976
123
847
846
91
516
354
191
957
117
448
629
451
956
314
901
699
419
615
41
793
219
618
734
740
761
536
391
102
271
583
703
70
206
242
1020
99
509
27
759
936
608
306
945
908
514
881
226
790
317
132
310
871
800
772
318
105
296
728
895
211
762
830
358
853
136
97
954
33
68
441
955
2
171
903
188
582
243
844
450
213
712
414
831
416
951
8
988
187
407
636
645
1003
223
778
250
923
386
950
258
649
413
884
933
938
107
898
916
66
992
156
878
36
81
677
1010
612
440
21
548
182
996
919
472
322
897
166
92
1021
264
540
410
215
887
967
827
167
941
275
886
196
736
843
245
254
163
987
444
848
481
939
118
183
1009
146
572
798
348
193
824
152
797
866
745
77
286
701
993
64
273
860
224
818
143
569
274
334
282
101
144
1017
30
614
781
579
697
255
228
128
439
814
32
546
387
186
207
952
181
766
28
769
133
832
285
918
343
185
474
55
657
512
547
602
539
978
94
6
109
836
935
953
3
610
727
604
635
986
765
894
738
164
537
280
782
417
749
60
62
733
833
506
1008
633
571
815
9
972
412
876
905
849
968
603
106
382
82
940
470
695
779
880
680
295
278
931
142
970
998
949
200
415
69
964
289
788
442
216
609
179
864
747
861
218
863
989
885
37
43
483
4
178
513
817
893
176
155
381
855
19
669
257
240
725
977
303
921
482
805
1018
29
108
361
241
449
780
811
100
816
1019
239
948
577
803
917
997
944
999
175
480
1002
338
741
456
14
165
56
119
359
45
210
169
834
151
388
570
145
420
294
262
120
86
231
877
568
770
520
920
78
93
61
249
1
272
76
281
648
1000
739
961
263
51
42
665
195
327
349
111
24
488
758
525
50
304
971
663
835
696
360
7
784
862
172
812
909
985
174
114
326
0
802
687
471
771
424
313
789
558
616
53
87
601
209
785
995
305
312
202
664
11
617
170
757
409
5
600
552
632
392
966
408
400
756
150
23
787
54
718
110
208
584
630
366
631
783
399
335
369
377
345
692
786
621
724
619
344
751
376
337
503
10
368
336
750
599
755
531
752
689
595
367
457
691
597
567
22
688
690
502
533
719
753
535
720
620
585
532
596
563
754
723
598
565
721
460
553
459
489
722
534
566
521
458
564
586
492
524
589
557
554
587
490
588
522
523
491
556
555
