511
762
681
622
555
594
335
538
119
223
645
20
566
127
512
540
235
648
574
456
236
549
75
606
68
186
605
57
231
10
470
682
262
399
539
65
318
469
212
98
27
510
534
497
252
672
385
575
482
160
158
623
246
760
129
632
373
244
651
746
548
413
237
122
289
189
383
468
3
568
9
316
272
625
173
671
508
372
130
181
156
465
102
551
715
295
287
624
157
208
210
328
560
427
730
355
30
428
587
99
768
687
777
492
691
608
596
290
23
523
155
509
104
521
288
494
439
118
28
400
341
711
234
218
322
147
495
128
680
376
484
52
728
553
344
184
713
603
264
741
112
302
76
377
679
280
185
21
781
604
113
353
17
758
382
536
243
524
209
311
82
101
307
133
744
451
19
115
177
138
578
8
710
440
449
183
656
480
766
595
658
589
767
709
684
125
520
219
467
547
657
532
546
676
73
631
618
279
277
630
783
225
215
100
362
620
712
364
109
103
621
131
305
301
146
426
757
421
487
726
404
192
739
765
646
442
136
516
653
652
356
161
454
191
350
260
635
458
195
354
432
779
519
663
405
117
72
525
409
459
86
488
479
406
278
446
357
745
579
182
380
563
313
325
447
433
378
42
698
448
735
361
670
474
567
197
396
742
705
460
259
693
162
391
665
431
557
171
678
132
590
697
637
345
775
352
707
436
381
363
324
329
163
617
417
772
407
143
505
517
390
708
706
463
477
226
450
393
144
737
738
379
736
199
389
616
323
491
435
588
434
535
69
253
464
351
530
254
422
164
461
418
145
478
408
489
249
142
71
490
70
462
507
506
531
250
114
559
194
558
222
586
