499
838
381
148
948
323
916
519
922
947
273
840
666
301
906
926
780
887
677
740
891
772
954
743
770
711
4
487
506
648
980
826
809
554
946
927
271
618
551
957
659
855
472
921
810
715
538
873
822
504
622
537
645
719
885
644
908
473
1003
667
406
365
987
600
470
825
749
632
1017
520
555
958
569
439
783
560
658
939
521
505
522
456
781
340
272
788
886
984
553
635
471
617
536
552
306
333
488
591
464
918
750
405
616
949
1018
586
563
585
982
917
981
983
588
530
338
1002
398
782
951
458
985
631
986
1006
457
372
787
720
587
692
339
599
303
976
337
334
1007
459
568
489
950
431
335
494
621
972
336
465
653
619
490
975
438
784
718
532
786
366
304
940
971
367
371
523
654
305
941
652
368
592
689
620
685
785
756
370
369
724
460
491
687
496
657
690
688
399
752
686
623
524
531
691
469
721
493
404
466
437
432
624
462
495
468
755
722
400
403
402
753
433
656
754
434
401
463
655
467
492
723
436
435
