81
87
119
114
145
540
50
347
98
146
22
56
228
144
610
93
508
55
118
106
86
183
200
412
448
216
572
54
150
802
260
608
609
862
385
97
258
315
66
74
388
674
113
42
92
996
29
152
893
356
322
120
249
80
741
177
532
903
834
739
531
151
280
417
49
1021
993
82
527
104
191
165
738
105
354
1
64
107
997
102
835
530
507
895
897
257
533
836
88
96
420
134
386
78
476
770
100
604
318
70
23
259
217
2
522
563
95
740
564
861
69
892
480
345
562
31
798
523
571
355
706
860
262
995
314
103
989
189
68
285
10
18
231
888
589
210
155
832
863
279
90
287
176
491
218
344
577
384
607
215
596
864
594
534
894
399
595
509
963
565
377
171
129
1020
362
170
521
961
803
367
1023
197
17
75
37
490
612
539
901
992
526
994
444
528
248
669
321
352
603
65
529
556
312
99
164
477
178
566
588
209
376
156
561
278
73
263
999
553
962
201
557
9
868
1000
494
699
32
409
116
1022
535
701
223
48
495
735
62
828
889
554
250
460
5
640
325
34
636
555
578
547
520
546
442
443
230
132
865
474
459
567
920
361
998
416
492
597
108
875
316
746
977
408
552
441
143
548
923
768
575
182
419
368
736
112
311
804
208
879
475
445
737
576
310
343
771
157
772
935
847
759
319
458
330
242
769
500
410
363
331
584
764
747
427
758
329
357
633
335
960
848
688
0
921
366
727
713
878
254
36
849
721
593
585
493
808
277
558
524
714
881
1019
944
720
559
400
461
516
202
665
221
880
375
945
745
966
3
501
988
906
884
661
978
789
779
489
805
499
812
819
708
719
506
614
946
910
342
502
781
807
833
294
689
395
179
696
693
780
332
241
1003
818
1009
925
766
1010
986
750
896
817
298
537
560
778
1004
110
428
783
598
877
1001
488
175
568
733
846
976
89
811
309
664
844
913
677
582
336
726
473
952
71
947
816
954
953
289
749
337
898
570
503
882
569
742
824
883
690
304
703
695
943
814
94
850
748
987
211
942
275
601
1011
284
449
360
616
472
843
581
136
632
243
394
1017
752
915
681
389
504
788
911
765
536
30
276
842
948
744
845
602
851
299
777
985
392
1018
1002
407
782
1012
440
813
615
951
128
273
967
646
1013
827
240
810
712
600
525
274
1006
820
874
815
422
938
642
452
626
918
24
970
628
599
955
190
784
757
657
538
236
694
498
195
914
1014
969
583
866
912
454
1005
1008
235
374
267
207
728
979
334
909
587
790
391
634
272
364
35
630
174
753
328
786
751
980
627
239
580
486
455
968
787
245
353
115
206
244
359
266
732
791
326
333
125
890
247
613
680
308
67
358
902
625
710
715
629
936
505
776
821
101
268
393
517
282
341
549
631
297
919
586
518
551
697
76
234
411
647
873
423
496
678
296
679
809
390
929
645
303
237
193
965
307
658
974
453
663
639
300
662
305
431
270
238
550
716
949
605
852
519
692
295
198
984
269
785
800
975
141
418
916
644
205
327
421
281
485
306
867
1007
398
1016
482
666
204
981
922
760
271
743
648
707
424
617
222
711
876
379
621
265
934
734
950
426
439
917
53
301
973
983
725
471
941
246
255
841
709
251
456
792
447
487
939
1015
775
682
203
462
937
196
754
432
722
971
396
166
497
373
457
718
854
573
61
620
637
338
691
822
340
232
406
158
512
590
705
853
956
194
413
484
124
140
823
756
317
28
767
339
982
188
972
142
147
660
425
292
649
302
671
463
38
514
717
220
138
729
957
891
905
659
91
724
541
264
41
638
153
187
887
755
149
940
369
169
797
365
470
429
46
761
545
675
127
773
635
924
233
723
687
762
656
185
871
464
774
698
286
931
855
111
51
33
63
801
964
27
683
859
592
574
77
380
293
44
133
606
730
172
438
397
579
130
313
430
79
958
933
469
799
618
907
186
14
483
668
837
324
11
224
