279
94
583
556
704
668
127
689
156
455
176
173
677
330
113
181
259
442
682
316
138
490
503
147
100
257
346
295
728
709
427
518
162
419
607
410
465
415
441
653
713
393
580
469
679
128
371
98
16
456
655
223
231
748
483
184
741
267
714
424
241
681
56
553
611
99
662
746
685
436
122
673
461
686
210
452
753
520
229
177
268
650
654
354
743
186
131
310
307
711
562
148
565
683
414
299
204
578
344
209
747
523
206
163
31
409
438
273
381
671
1
537
757
700
326
749
146
246
782
659
657
4
433
546
245
636
652
26
680
153
572
155
718
274
574
777
627
575
663
55
375
372
541
84
15
568
380
379
599
738
417
216
302
649
717
466
24
684
7
205
437
695
149
548
536
547
260
239
521
208
227
598
552
188
82
493
192
494
573
731
526
29
540
356
374
576
783
778
542
667
236
688
179
343
623
742
373
658
158
183
384
235
550
212
720
601
538
735
603
244
339
600
519
754
413
258
491
382
766
52
69
468
463
234
159
411
624
154
408
412
150
602
635
385
225
0
232
759
17
737
479
134
719
760
132
457
577
771
524
242
97
71
207
672
160
102
182
320
428
329
42
85
545
175
632
715
11
781
561
152
579
266
213
633
729
605
20
740
125
190
261
660
571
338
6
639
189
522
560
597
625
716
492
140
629
101
530
28
238
772
734
606
32
164
352
464
10
768
104
337
355
180
220
489
628
511
19
53
407
325
353
324
83
303
656
367
687
430
23
631
644
129
765
752
2
112
570
280
378
168
621
604
770
549
218
423
9
661
345
215
319
551
301
21
462
61
584
775
240
495
736
111
637
440
75
496
217
262
3
664
397
298
68
739
399
286
569
439
727
615
264
27
275
638
586
630
328
400
211
761
370
185
187
277
609
214
323
116
294
434
699
191
634
500
383
780
543
513
435
250
272
196
467
756
296
453
312
300
253
755
358
532
136
454
776
219
366
243
387
265
178
360
340
694
641
406
364
692
51
665
224
643
252
481
504
123
691
151
314
369
297
593
285
488
59
517
293
612
161
336
60
690
732
365
124
12
248
263
308
45
133
613
395
666
640
769
247
37
723
764
332
315
287
87
773
368
534
292
721
290
533
341
318
386
585
103
309
544
13
139
762
587
763
750
342
751
317
291
36
313
39
49
774
725
722
66
106
487
516
77
485
110
304
281
359
34
392
166
105
50
167
515
88
38
78
514
486
96
394
40
420
47
62
35
48
41
46
276
63
107
703
135
