0.023524761
-0.11005163
0.12962914
0.18580008
-0.09404659
0.05192423
0.06470394
-0.0540452
0.10575342
0.14892817
0.0930562
0.04979658
0.50329685
0.74461603
-0.2485218
-0.063307285
-0.2247119
0.024870396
-0.022928238
0.10094404
0.060201168
0.16053247
-0.10155487
0.11994314
-0.05624008
-0.14875603
-0.08582735
0.20410347
0.07807922
-0.030673027
-0.0026407242
-0.11776066
0.08788967
0.1403718
0.91162205
1.2068052
0.80897856
0.56883764
1.0459192
0.82079697
1.1276875
1.2705555
0.044960022
-0.6009922
-1.0180788
0.53349924
1.2795336
1.1821969
1.2205255
0.8282194
0.9502251
0.353539
0.001914978
0.10212612
0.021906853
-0.06934929
-0.19988585
0.09290695
0.30595398
0.45976782
0.48003674
0.166605
1.194454
1.398561
0.19271183
-0.30879307
0.8446801
0.14460802
0.18947506
0.0030002594
0.06020546
0.03492546
-0.5118737
0.09119272
-0.48374462
0.17672873
-0.24496698
0.8703954
1.0502758
0.24583149
-0.842525
-0.62445354
-0.036148548
0.10955572
-0.06399536
0.045958996
-0.3328743
0.60925007
1.0363908
-1.1844215
-0.45782232
-0.72396517
-0.7065573
-0.2745371
-0.3660121
-0.5336523
1.0794468
0.033858776
-0.22535086
-0.19530773
-0.27044535
0.074151516
0.039093494
0.71822643
0.09395313
0.94912314
0.8497174
1.503345
-0.20992756
-0.5333667
0.8935423
0.17259169
0.13305902
-0.3172469
-1.2146149
-1.0062094
0.22392559
-0.98064375
-0.94163275
-0.5244632
-0.4526558
-0.097044945
-0.18779707
0.4256425
0.48502064
0.061104774
-0.34379196
-0.349082
-0.23483944
0.12306166
-0.5712795
-0.15362597
0.029790878
0.53665066
0.02685213
1.671772
0.29694557
-0.62639904
-0.2833662
0.74756145
0.072439194
-0.12636757
-0.5670724
-1.0535455
-1.3275247
-0.6596503
-0.1010313
-0.27053928
-0.1386838
-0.048516273
0.017159939
0.43462133
0.0538249
-0.084653854
0.013843536
-0.08097553
-0.34026003
0.22060013
-0.014235973
0.0060019493
0.038809776
0.46788406
-0.25998974
-0.11777735
0.08890152
-0.44109917
0.93924785
0.9939923
0.14031982
-0.9217911
-0.9116616
-1.5719366
-0.6116319
-0.33554554
-0.57308245
0.04802847
-0.33673573
-0.16784286
0.3134842
-0.018538475
0.09579754
-0.30864286
0.039700985
-0.012773037
-0.21017551
0.21717072
-0.15452147
0.21783781
-0.036346912
0.0683794
0.06196642
0.22745371
-0.033908844
-0.3600726
-0.28548574
0.16955185
0.26686
-1.3533263
-0.5431175
-0.6394081
-0.50926685
-0.4947524
-0.42401457
-0.14066696
-0.13437414
-0.05079508
-0.11833525
0.035633087
-0.04288864
-0.12787437
-0.18069553
0.21391821
-0.011069775
0.0558877
0.2233491
0.1549635
-0.058280945
0.18029213
0.14745712
0.30096197
0.09751129
-0.9379854
-0.63356924
-0.21711445
0.36545038
0.022856712
-0.47111416
-0.041532993
-0.82060623
-0.17163181
-0.271801
-0.21439075
0.023757458
0.017463684
0.0058875084
-0.012083054
-0.020653725
-0.0067634583
0.078086376
-0.044157982
0.16821575
-0.20218563
0.031234741
0.30514526
-0.0022335052
-0.09250784
-0.1008172
0.56693697
0.51195765
-0.52395916
0.25983477
-0.3926096
0.4103732
0.27749348
-0.6803465
-0.6132879
-0.9170737
-0.2703185
0.0001244545
-0.30348396
-0.04631138
0.06266737
0.18439198
0.5124364
0.20223713
0.30727196
0.055410385
-0.20577145
-0.16449499
0.2917757
0.22661781
0.01682949
0.2652893
-0.11635542
-0.07843447
0.20435858
1.3061423
0.22118092
0.20954037
-0.37128592
0.13496208
0.8972225
-0.7103982
-1.4035263
0.07082224
0.44903278
0.19207239
0.60911226
-0.4452443
-0.39358997
0.6519418
0.7859626
0.64646053
0.4627452
0.22408724
-0.2677598
0.26992893
0.4440446
0.18751669
-0.13602781
0.2748065
0.1602974
-0.05783081
0.11014509
0.8943906
-0.73588896
-0.9936676
-0.14615774
0.52413845
0.72987366
-0.14971304
-1.1105709
0.27347994
0.81797457
0.43644714
0.60216856
-0.28343678
0.784894
0.665431
0.1570692
0.040729046
-0.029500484
-0.18366289
0.22367287
0.10943937
0.1060853
-0.106565475
-0.24624157
0.2112565
0.0440979
-0.32589436
0.16723967
0.60106134
-0.52305603
-0.50271654
-0.6222768
0.4754815
0.09488535
0.06465435
-0.002049923
0.32482862
0.66331816
0.77675056
-0.018465519
-0.13140202
0.1542263
-0.26833487
-0.067335606
-0.3931737
-0.20872593
-0.49282694
0.0005645752
0.08939743
0.10885
-0.15646267
0.09503603
-0.02944994
-0.39631462
0.29173994
0.90650773
0.31373882
-1.1506777
-1.3232841
-0.62002134
0.3485098
0.48394728
0.30460787
0.11564064
0.621624
0.44017267
0.21676779
-0.22786951
-0.06612444
-0.015642643
-0.029145718
-0.06852293
-0.30001163
-0.39026403
0.13812256
-0.06012726
-0.06081295
-0.11525345
0.001455307
0.23457623
-0.01264286
0.020139217
0.6756005
0.30705595
-1.0836844
-0.8501239
-1.4269681
-0.9388151
0.93915987
-0.24743938
1.0812593
0.5557046
-0.3897667
0.18730593
0.18862772
0.19140339
0.21383667
-0.14359903
0.04187441
0.02710247
-0.51801157
-0.11686802
0.3428111
0.10568142
0.014070988
-0.11674118
-0.25501204
0.006570816
0.015290737
0.00011873245
-0.13676405
-0.25091362
-0.08748913
-0.059717655
-2.01233
-0.2597084
1.1297271
-0.6493311
0.20732117
0.14774275
-0.20238972
-0.56417894
0.019032001
-0.2649393
0.043243885
-0.008841515
0.117486954
-0.13201904
-0.10316038
-0.09290409
0.22530985
0.24989843
-0.18914366
-0.04945326
-0.11649513
0.19579792
0.17580128
-0.25021696
-0.296391
-0.5510864
-0.4899063
0.15764952
-2.3641486
-1.2924747
-0.37539577
-0.95619965
-0.80972624
-0.5203285
-0.1745596
0.27113485
0.29735422
-0.3382182
-0.22456884
0.029874802
-0.008284092
0.17078161
-0.6139817
-0.18110514
0.16575241
0.005230427
0.09002209
-0.2528062
-0.056316853
0.2672205
0.003068924
-0.24439192
-0.39339685
-0.79064083
-1.0625381
-1.4568172
-2.5053196
-0.8437228
0.02257204
-1.0101352
-0.5050154
0.025472164
0.077485085
0.41770077
0.35021734
-0.21099281
-0.5614252
0.87568474
1.073184
0.8523474
0.45739317
0.09777784
-0.27362442
0.0007648468
0.07235336
-0.035428047
-0.033224583
0.16891813
0.1798048
-0.16840649
-0.17513084
-0.27432442
0.23319006
-0.36493683
-0.5795498
-0.271358
0.41977167
-0.92307997
-0.9114666
-0.5889101
0.06968498
-0.23891115
-0.073067665
0.10026264
-0.64630985
0.24382257
1.0508845
1.0269492
0.85779834
0.45985317
-0.26237488
-0.0006971359
-0.17289543
-0.043975353
0.06948471
-0.11845398
0.031153679
-0.53513765
-0.031407356
-0.12307119
-0.42325687
-0.9913058
0.076900005
-1.6232638
0.2922902
0.6629944
0.63107204
-0.9866953
-0.047017097
-0.107400894
-0.008364201
0.031440258
-0.030520916
-0.06474161
-0.022593021
0.23905468
0.74165154
0.046734333
-0.09259176
-0.0470047
-0.047350407
0.14681482
-0.011262417
0.15832233
-0.03722191
-0.19890404
-0.18122053
0.046276093
-0.35696077
-1.0531383
-1.139657
-0.9718895
0.069785595
0.050100803
-0.14328861
-1.2129598
-0.6697035
-0.13817835
-0.57120895
-0.2986312
-0.061965466
0.19500828
0.13401508
0.064278126
-0.0812583
-0.03252077
-0.077531815
-0.07530594
-0.024306774
0.030642033
-0.13342285
0.055228233
-0.24498415
-0.13596678
0.02006483
-0.36215544
0.16681051
0.70000553
0.21024704
0.76154375
-0.10303688
-1.0747976
-1.8252707
-0.8308053
-0.1681552
0.44771338
-0.04293871
0.07434654
0.037383556
0.07005596
-0.03773594
-0.05995369
-0.0009355545
-0.0085811615
0.017491817
-0.0055422783
0.14372873
0.059515
0.08723354
-0.25923586
0.28525305
0.22278214
-0.3228402
-0.19840002
0.46417665
0.54820776
-0.66975784
0.19936705
0.09931612
-0.21132946
-1.535121
-0.42708158
0.022741795
0.14299536
0.24481964
-0.016223907
0.010731697
0.07047033
0.04541731
-0.07591772
0.098097324
0.07404947
0.21116543
0.120646
0.048943996
0.057762146
0.2283392
0.019600391
-0.08648157
0.17573833
0.20815372
0.065826416
0.56655884
0.3392291
-0.025521278
0.40351248
0.12221289
0.02797699
-1.5358853
-1.327703
-0.8242874
-0.057246685
-0.16392565
-0.5107012
-0.08633995
-0.25015306
-0.16290855
-0.21765232
0.110599995
-0.0947032
-0.0144701
-0.09575033
0.06289673
0.15161753
-0.1932602
-0.072068214
0.18694401
0.36161947
0.5623083
-0.021652699
-0.35383606
-0.33052635
-1.7947035
-0.11444616
0.03735113
-0.18438578
0.019155025
-0.9029417
-1.0951247
-0.335207
-0.6280303
-0.24357748
-0.08485699
-0.2016015
-0.28609705
-0.13731289
-0.055477142
-0.19068575
-0.1810093
0.116178036
-0.020335674
-0.3457427
0.4826479
0.4288454
0.35001993
-0.5620966
0.33541012
-0.049310684
-1.2367873
-0.8266754
-0.57012653
0.22647619
-0.10686064
-0.013842583
-0.78564644
1.6552227
-0.35474205
-1.188065
-0.6601901
-0.61403036
-0.8519473
-0.26612616
-0.45481825
-0.14596272
-0.4627471
-0.2487483
-0.20368671
0.049312115
0.071694374
-0.056809902
-0.07854843
0.027168274
-0.008934498
0.64872694
0.8441148
0.57502556
-0.30397797
0.8345318
-0.7764454
0.1975112
-0.26702213
0.058831215
-0.122509
-0.03249407
0.48292255
-0.43555975
0.07840061
-0.007828712
0.17092371
0.025238037
-0.059802055
0.19048786
0.060395718
-0.20921707
-0.01595831
-0.15576077
-0.4599223
-0.45223045
-0.19180202
-0.122391224
-0.21260738
-0.10380268
0.7758012
0.7832756
0.128335
-0.17414856
-0.0005502701
0.28510952
0.26815414
-0.106921196
-0.09625816
0.024288654
0.027337551
0.2162695
0.7615442
0.7633333
0.5780821
0.12697983
0.0018248558
-0.23765087
0.09374237
0.56675434
0.14553404
0.031112194
0.07826996
0.6151128
0.8308778
0.16780996
0.29890728
-0.07610035
-0.023488045
-0.47286797
0.23843718
0.049838543
-0.10080433
-0.023528576
