520
724
273
326
457
391
470
629
249
584
951
282
29
789
68
925
439
717
803
919
313
294
887
907
295
906
418
583
377
306
381
281
182
744
935
388
358
765
982
458
1002
328
779
743
948
183
419
905
387
572
302
312
916
78
184
776
896
989
0
733
552
834
10
216
712
46
200
635
19
263
408
385
36
920
1016
100
483
532
4
72
30
809
380
242
1019
876
488
957
21
250
296
730
170
94
515
451
976
23
847
603
150
2
201
13
512
339
567
610
105
500
599
456
604
215
725
210
258
862
958
176
286
226
285
514
73
585
953
151
101
968
696
990
171
198
82
223
186
602
152
577
609
93
954
482
814
111
924
238
192
664
81
904
983
632
665
12
1009
702
614
805
830
999
450
412
102
608
956
37
80
893
966
938
667
202
701
952
867
947
124
921
988
217
742
110
866
764
142
177
895
196
270
149
771
187
984
546
120
880
297
480
133
274
114
64
317
548
801
14
262
415
615
28
960
845
54
45
69
61
60
349
414
538
409
959
382
861
77
154
894
892
62
172
762
707
452
859
775
132
97
930
254
224
927
290
955
386
993
745
669
992
357
213
227
185
898
915
265
798
191
51
674
155
119
601
700
255
703
53
535
109
631
74
232
181
92
175
256
228
79
288
417
20
218
616
668
711
612
576
997
770
197
888
799
780
325
1003
165
427
195
121
926
923
43
206
87
897
1021
389
748
670
710
804
55
5
126
125
166
547
370
636
18
734
998
832
516
484
27
71
1020
350
407
869
39
153
540
259
963
684
837
666
1022
680
280
190
826
766
348
194
75
994
112
76
123
965
106
772
38
50
257
899
481
996
383
41
11
865
59
1008
890
88
580
797
508
70
146
767
827
995
56
314
321
858
647
967
180
773
7
248
222
289
449
421
781
578
361
145
761
211
448
84
479
978
641
961
118
855
511
864
671
793
219
735
842
478
736
113
551
698
169
645
794
557
65
932
354
860
605
796
379
833
891
872
243
47
903
981
795
607
900
33
134
613
83
307
868
685
873
637
933
245
931
24
699
573
677
444
225
173
639
393
922
800
199
675
802
440
103
829
244
178
642
571
131
104
164
570
8
741
1023
353
870
253
52
901
934
902
740
519
836
3
416
356
390
579
144
148
477
293
541
67
863
648
549
854
287
168
147
214
322
410
44
634
438
825
732
229
640
130
716
188
758
179
143
638
203
763
509
99
156
141
86
351
846
828
726
167
738
852
318
261
49
831
204
32
329
582
347
568
991
713
174
384
135
889
946
569
423
883
311
264
731
517
266
425
747
581
853
277
140
85
928
768
678
513
510
709
739
600
315
138
644
679
42
115
275
806
230
542
962
108
316
643
446
158
611
769
157
128
279
91
447
550
269
35
378
260
706
98
292
301
122
445
708
472
808
871
813
810
95
58
355
476
212
352
26
539
874
40
25
237
812
136
844
231
929
545
66
676
34
606
656
189
233
333
633
89
778
537
487
652
737
117
159
411
107
729
790
90
116
838
346
283
507
774
205
913
839
129
441
474
276
628
319
505
1015
486
193
57
139
234
221
324
127
320
504
284
973
485
298
856
375
841
840
443
746
453
247
543
544
506
857
278
63
343
300
6
246
291
1014
442
163
330
964
96
371
235
575
469
1013
807
686
697
251
268
162
455
705
422
473
617
323
681
881
299
518
236
694
942
824
715
619
160
308
574
309
401
943
267
536
310
663
646
31
822
252
15
468
454
1004
220
48
137
672
17
695
475
673
704
843
823
811
728
406
980
362
340
879
727
820
975
161
436
16
649
492
792
821
332
331
365
435
426
1010
1007
404
403
394
875
850
714
882
760
759
1012
974
341
914
1006
653
342
467
374
979
1005
372
851
433
682
912
683
618
402
373
397
1011
437
405
434
596
464
363
395
791
524
911
626
396
364
627
499
429
650
590
651
461
563
595
466
558
498
562
465
496
594
430
497
531
495
527
493
528
625
530
525
655
494
529
463
526
654
561
593
622
462
559
624
560
592
591
623
