119
528
548
604
211
498
653
256
632
599
546
531
681
379
545
581
614
337
159
44
160
123
219
157
589
124
273
649
779
650
575
540
608
465
541
435
636
325
563
250
243
42
126
537
381
115
510
89
393
274
529
118
571
570
482
364
190
162
408
209
507
760
201
142
409
583
127
278
380
509
698
316
128
335
344
284
158
122
87
161
137
592
191
117
686
311
508
353
437
753
580
103
638
568
726
51
595
416
637
641
603
275
312
631
639
109
567
12
611
602
100
572
648
156
113
333
102
195
95
696
77
247
166
569
43
566
538
36
99
136
613
143
473
479
536
723
50
618
556
45
674
98
444
392
305
138
108
591
105
64
169
49
669
451
69
421
472
277
557
610
647
70
192
251
93
223
646
79
224
88
422
761
90
47
724
91
97
78
362
68
94
76
193
75
505
66
96
65
38
450
37
92
590
477
73
197
104
449
71
642
74
675
46
72
670
306
67
334
