418
446
697
474
475
391
447
503
696
80
529
531
419
501
590
65
558
473
612
67
611
557
360
171
79
702
226
68
66
139
614
584
198
389
44
733
734
81
668
695
618
583
667
640
282
228
64
591
170
559
417
666
621
142
586
693
118
91
361
646
565
14
390
451
566
93
388
528
564
199
662
143
502
425
740
530
665
748
664
59
732
379
619
167
330
283
351
694
752
478
257
115
638
554
637
445
200
563
663
323
539
359
726
89
254
751
720
181
669
639
698
15
651
256
452
705
121
286
209
95
329
527
689
298
308
328
636
303
589
77
182
358
556
650
567
523
114
158
454
655
189
485
324
51
514
622
580
623
555
255
472
448
210
457
238
749
458
86
31
508
207
76
479
582
128
471
561
162
7
453
484
399
195
186
87
60
336
434
225
22
262
407
736
759
387
731
169
120
692
522
511
332
653
661
30
202
629
756
355
144
509
92
462
684
578
489
243
513
549
56
83
18
613
148
224
406
53
483
340
85
579
208
481
450
763
153
69
94
0
652
673
295
730
266
25
658
33
671
727
96
594
627
216
444
378
656
660
546
214
29
687
352
58
551
603
5
596
122
601
641
218
690
285
55
261
1
630
109
553
520
770
504
8
141
154
161
574
757
550
2
187
111
26
626
150
84
10
331
309
486
215
234
433
159
271
231
160
16
461
205
233
237
540
302
428
602
259
188
275
537
236
258
132
466
572
699
47
74
357
45
176
647
654
274
704
165
657
270
593
547
242
11
179
4
43
196
526
314
632
500
764
755
405
465
517
562
241
297
206
157
269
185
213
595
134
635
301
719
487
581
272
152
100
246
575
728
548
600
649
683
203
507
490
123
299
515
644
482
415
681
700
48
177
174
35
63
659
714
783
180
155
519
455
149
380
19
6
560
99
435
356
232
598
327
350
127
615
367
729
516
498
183
782
97
631
577
212
39
377
610
460
24
430
168
300
440
735
20
599
780
217
244
754
426
521
21
119
129
771
721
235
265
725
17
518
510
267
701
691
28
633
476
204
264
625
98
552
36
229
678
410
541
404
628
147
190
326
211
685
439
82
470
758
469
645
648
672
413
525
634
175
354
294
239
441
40
23
296
576
163
643
480
54
126
570
688
32
459
676
424
538
512
57
429
117
260
368
9
739
412
524
61
616
140
606
464
543
682
495
467
506
201
456
592
573
27
597
125
146
112
716
325
245
345
313
52
311
408
70
365
403
491
711
494
307
744
130
608
737
227
437
585
605
680
781
349
568
431
386
609
398
488
496
364
767
13
715
50
427
124
381
536
178
620
436
571
316
492
263
762
710
624
156
73
279
383
463
686
101
3
291
776
397
400
319
384
338
493
339
385
75
288
747
766
230
395
374
750
382
617
768
293
373
289
411
409
542
49
353
545
535
251
223
432
569
423
240
151
252
90
468
72
442
344
588
12
268
166
532
184
34
