466
353
579
387
301
347
314
656
273
215
731
519
550
598
599
522
665
772
144
666
573
774
500
511
691
547
116
490
494
373
434
543
661
578
575
752
385
545
259
210
302
216
255
608
514
324
606
438
630
493
213
164
342
635
214
175
491
235
628
518
157
570
398
298
344
658
492
272
623
291
452
269
370
139
541
182
601
258
261
262
233
655
777
24
295
544
634
627
607
694
484
225
174
567
196
271
487
296
460
245
597
286
224
445
381
609
148
244
748
111
125
155
463
548
206
243
5
437
154
289
242
755
181
409
720
551
485
549
411
4
602
187
591
776
163
218
626
461
537
178
553
730
33
401
581
435
439
388
629
186
757
430
287
644
482
654
605
231
9
263
232
580
781
354
669
483
86
436
236
318
395
699
400
611
476
326
53
636
464
227
533
568
169
205
26
85
202
489
526
44
31
16
98
83
539
638
766
65
1
517
535
84
18
237
749
97
266
0
673
458
208
180
778
133
693
662
459
307
162
524
268
240
508
179
25
211
596
234
189
410
203
711
30
462
382
149
455
621
56
270
132
200
265
7
264
448
523
473
759
613
201
721
525
167
632
542
135
671
624
267
515
536
640
184
372
345
260
692
756
428
503
29
355
22
327
566
453
241
426
429
569
729
383
285
55
238
297
356
472
530
228
442
158
239
689
185
664
257
696
643
497
610
576
663
495
488
725
516
371
577
559
212
300
496
486
288
11
183
396
637
374
615
646
649
15
317
427
589
366
498
557
414
417
14
423
750
328
454
79
647
590
732
424
726
562
170
412
172
703
593
467
456
618
254
603
625
506
118
134
299
190
698
316
457
397
450
702
502
648
171
290
561
81
173
650
563
564
443
308
604
256
309
440
394
504
199
441
343
416
740
529
773
415
59
651
391
614
733
705
468
478
315
470
612
338
80
399
279
501
469
283
336
425
226
678
565
310
419
676
475
677
444
734
198
447
531
282
704
474
697
418
446
