804
447
858
982
297
963
94
1
906
810
206
931
257
106
8
823
302
819
78
360
410
222
547
20
668
862
26
930
316
903
649
610
325
604
55
45
666
757
211
984
938
7
454
450
90
53
854
353
553
1008
544
387
74
162
383
864
935
828
515
920
127
413
484
964
301
1017
736
948
320
197
75
919
567
147
158
512
955
704
266
156
14
898
700
334
286
259
103
995
105
969
150
352
706
853
452
174
636
40
966
42
954
738
708
968
929
141
542
806
296
79
95
419
769
336
126
292
965
1023
762
118
389
68
661
378
62
46
138
578
731
718
125
268
504
443
96
446
923
337
752
947
69
990
137
170
799
943
187
193
300
643
115
88
258
728
937
306
205
894
70
861
1016
924
165
795
483
936
397
380
543
517
613
980
12
347
324
417
768
418
64
184
545
231
311
730
792
453
274
705
356
89
248
973
796
665
934
751
81
333
881
857
750
760
945
339
102
615
71
577
777
749
888
833
217
824
346
208
135
190
411
408
953
123
735
884
554
967
1001
134
262
867
9
425
6
357
63
442
587
625
679
385
805
859
293
712
39
139
878
837
693
717
32
388
715
31
67
261
33
65
914
119
539
220
474
56
814
744
203
874
219
343
195
640
997
721
246
832
614
189
321
688
461
120
709
634
910
428
22
703
229
157
237
588
525
38
216
582
671
277
999
579
276
48
1011
764
892
890
173
811
37
191
18
476
993
280
66
221
942
140
566
251
80
681
989
314
315
767
351
882
405
319
84
406
34
228
444
572
979
974
555
605
23
176
431
627
820
98
629
607
178
741
866
24
282
689
800
748
426
502
716
734
427
808
289
243
16
821
129
713
17
172
725
283
576
905
420
573
775
650
1020
897
827
998
682
160
250
340
944
57
807
509
549
996
209
501
868
13
865
719
236
145
107
241
603
540
422
548
58
260
791
1022
863
161
332
1000
299
377
836
112
448
849
581
295
683
779
267
498
633
247
516
848
507
1021
441
602
747
574
499
776
745
475
278
1012
714
851
1015
662
626
559
720
279
612
477
912
575
956
331
778
1014
429
889
535
860
445
144
913
1013
911
307
952
310
393
1004
883
846
364
850
361
503
695
879
565
589
309
758
597
177
373
580
396
880
363
464
409
628
298
329
556
275
608
242
746
590
534
308
362
528
1005
500
374
533
847
694
726
394
497
527
395
759
330
341
727
593
430
526
342
557
496
494
558
529
595
561
530
531
495
596
564
463
563
462
594
532
562
