654
464
653
687
686
463
465
685
497
688
433
430
622
689
432
655
657
652
431
401
720
468
972
402
469
690
719
718
658
656
369
651
659
684
466
623
436
371
467
370
470
717
590
434
498
403
683
415
621
383
496
502
660
940
400
941
435
619
481
462
503
971
499
471
620
404
368
339
722
515
372
721
776
673
437
173
1007
591
650
691
725
726
307
795
751
438
446
340
794
542
336
511
723
365
703
172
973
579
671
825
624
774
323
762
335
378
382
334
381
20
338
750
704
716
982
313
256
852
1008
337
425
349
204
264
405
178
749
775
672
212
676
641
346
666
192
670
219
715
424
618
763
773
937
853
885
351
831
547
295
21
213
698
19
387
302
500
439
702
131
293
39
40
184
912
478
267
161
823
186
485
123
682
808
290
933
908
282
543
516
724
392
289
541
8
160
827
755
327
484
791
856
450
748
445
667
306
199
451
301
288
983
261
625
324
824
731
281
1016
806
294
886
479
730
969
13
857
181
801
932
109
124
964
984
1002
602
756
345
799
111
899
883
950
263
7
930
909
510
269
233
128
24
587
1015
229
513
350
348
931
84
137
320
366
126
203
414
43
23
72
159
483
71
218
225
6
545
968
224
736
11
101
640
83
185
884
393
63
855
197
822
52
163
694
769
418
274
934
838
33
900
544
457
796
53
959
989
314
512
262
904
917
887
187
643
99
121
981
292
12
139
198
205
939
928
59
10
456
223
226
122
130
164
214
639
859
991
975
25
216
308
915
800
833
252
797
135
167
117
250
858
752
238
420
916
76
419
905
291
28
14
110
360
832
38
828
1013
41
162
27
768
700
734
980
642
936
872
764
634
51
914
956
305
171
31
127
517
911
47
196
475
1014
154
16
787
807
140
26
710
413
918
990
949
367
550
865
112
79
18
891
929
188
919
907
255
1011
60
866
948
580
864
926
988
193
927
251
782
830
649
952
77
153
860
444
268
826
129
253
236
9
951
70
829
32
421
965
767
45
125
709
449
4
902
211
482
452
901
1017
854
958
100
898
985
182
890
896
924
840
158
220
230
94
1012
922
249
447
168
839
1
699
227
174
326
576
373
142
44
957
935
757
317
897
180
777
58
507
869
942
391
30
410
635
156
190
195
5
954
232
35
64
386
871
96
803
328
873
995
1004
102
37
222
546
85
921
923
638
870
133
283
275
34
91
925
888
69
148
611
22
947
36
882
257
894
61
889
509
341
254
876
155
535
606
733
108
377
1021
237
333
892
549
194
67
472
732
741
867
645
46
42
62
138
166
231
17
967
548
539
783
228
151
805
115
514
2
953
380
1022
150
417
868
583
955
92
165
668
963
1023
753
987
0
835
299
570
143
920
15
637
169
80
903
120
742
78
480
863
152
141
895
893
440
82
906
48
714
986
107
836
966
54
711
56
113
834
319
837
65
962
708
406
217
57
809
735
504
303
68
243
961
234
423
747
157
1018
265
960
175
49
416
50
538
95
607
355
66
116
353
3
754
361
297
841
1020
648
244
73
149
90
697
979
1005
260
259
605
442
132
571
675
612
861
170
75
874
477
487
89
1001
136
644
206
851
385
970
242
93
804
88
729
501
304
636
802
296
359
745
770
453
615
603
913
55
506
669
248
938
325
443
103
551
270
87
134
577
74
772
286
454
862
273
285
145
352
574
519
235
287
586
119
994
388
573
411
601
298
266
29
1019
189
114
705
280
628
647
781
104
398
271
276
97
86
678
993
177
312
780
681
943
426
476
575
81
183
202
105
221
147
518
407
629
743
191
358
613
245
771
626
765
760
399
316
321
258
247
409
300
793
384
118
992
98
701
738
785
680
665
737
144
474
779
379
354
778
600
179
810
792
508
106
284
786
790
1003
455
215
201
946
766
582
318
241
784
910
588
821
758
356
581
578
176
589
677
604
740
344
239
246
397
609
945
505
976
200
632
875
536
315
996
572
746
820
1000
850
798
210
646
389
279
408
707
608
978
706
761
616
744
357
633
322
617
674
412
390
272
679
486
146
627
1010
488
207
558
309
610
1009
713
788
329
881
473
374
422
394
489
812
811
977
813
568
441
712
739
584
944
845
999
537
814
209
277
540
880
376
759
208
877
592
330
552
569
614
815
567
818
692
520
375
342
974
842
458
278
846
693
727
448
819
695
554
844
664
789
531
240
663
555
599
998
521
311
728
332
817
631
816
585
343
557
534
310
997
347
696
553
849
879
1006
490
427
848
843
662
847
556
459
522
429
661
530
878
362
630
331
364
532
525
396
523
529
524
598
491
395
597
559
566
460
593
533
428
564
492
596
495
461
363
563
526
493
565
494
560
595
594
561
528
562
527
