708
770
705
707
742
706
744
767
738
740
768
741
743
737
766
745
771
529
739
736
171
735
96
676
557
709
731
525
144
531
516
95
702
667
418
696
765
71
505
94
362
142
710
406
130
695
255
143
44
591
712
434
772
172
363
43
559
462
460
677
515
216
333
97
733
670
556
72
378
361
554
221
285
390
199
169
678
499
582
249
435
405
305
110
76
668
714
328
517
377
461
450
197
64
558
675
167
528
501
583
388
433
91
70
277
592
170
552
283
555
92
569
524
23
503
53
74
217
535
746
407
611
584
200
75
83
711
502
621
432
111
408
62
704
188
526
42
228
374
380
436
446
568
165
567
659
679
447
580
570
123
313
131
391
98
454
394
384
195
184
287
573
99
645
155
672
