46
47
48
63
107
35
38
248
41
40
39
304
50
332
276
78
62
34
88
359
723
36
360
49
371
45
87
277
166
37
167
13
64
60
51
110
667
220
224
420
445
139
639
66
386
106
357
12
398
369
642
619
193
331
247
249
75
392
666
77
397
695
135
387
321
561
620
303
365
703
343
587
372
652
370
79
342
157
116
691
275
611
221
61
90
292
59
608
150
152
422
154
630
223
582
68
690
427
593
592
105
731
122
429
58
356
191
629
121
219
165
159
763
151
364
251
400
664
297
428
595
123
69
638
153
320
315
309
647
694
278
585
575
643
352
358
160
416
601
740
91
291
401
325
259
250
602
71
67
768
631
594
644
699
245
54
394
762
155
603
499
195
158
324
129
284
399
293
33
161
192
323
722
780
430
554
622
513
609
500
534
57
70
461
615
460
261
552
645
2
205
721
333
27
216
610
663
624
385
727
351
464
383
108
120
555
767
341
473
149
218
755
133
489
368
404
732
573
52
265
294
242
241
76
764
3
532
739
23
32
103
112
0
236
746
209
488
326
227
635
102
637
636
596
689
774
28
190
97
665
533
270
234
719
581
231
204
21
591
511
273
476
496
73
426
729
720
423
217
567
94
168
649
741
771
717
299
127
235
350
314
329
681
344
380
148
232
485
538
384
119
5
7
521
413
85
672
613
395
465
623
175
572
72
527
43
551
435
238
725
436
692
196
272
298
494
680
8
300
716
486
111
156
456
128
756
600
243
381
653
783
126
773
407
213
189
93
541
92
327
553
490
339
239
124
547
6
180
583
491
520
574
186
203
206
576
334
20
770
607
141
715
322
402
628
580
544
210
140
662
9
524
408
82
712
455
230
1
179
743
512
262
18
31
571
178
125
336
10
674
233
781
237
640
516
130
437
604
431
700
184
522
463
759
287
548
568
207
782
229
481
19
269
579
11
4
510
713
540
492
208
260
17
212
556
355
657
577
263
625
136
711
539
288
493
682
443
255
84
328
131
565
215
550
378
658
301
53
95
757
414
701
415
526
745
353
147
718
305
406
753
515
271
562
296
29
354
337
616
710
164
648
181
714
519
484
730
44
549
438
546
382
240
536
578
754
258
56
632
458
244
459
266
74
679
560
650
772
16
761
683
264
24
83
453
543
655
22
409
214
750
668
163
246
471
744
687
42
462
172
760
377
302
457
274
528
758
751
709
25
518
30
252
671
537
319
617
752
508
598
542
308
281
425
188
26
686
330
113
487
55
146
280
584
621
633
724
379
201
411
641
290
412
367
349
497
599
14
467
765
483
316
669
634
728
403
517
313
569
514
405
588
606
441
211
15
101
432
410
434
673
312
286
614
685
182
433
468
393
104
704
183
162
98
444
366
267
396
776
626
523
707
466
778
176
564
661
735
495
134
498
142
173
748
482
99
509
187
659
373
439
185
440
651
570
501
100
132
742
138
454
612
597
340
654
749
480
688
766
375
268
660
388
702
747
469
545
738
65
289
202
96
605
470
376
285
566
677
736
257
177
295
737
348
317
424
525
144
89
656
346
504
472
200
137
627
442
589
374
777
646
174
318
225
86
684
775
283
769
706
118
563
449
117
529
452
310
503
586
