46
66
47
48
473
38
64
65
445
35
51
366
50
79
60
63
167
87
91
166
223
611
73
62
75
139
49
360
591
34
76
77
78
45
195
619
37
107
36
647
70
71
365
72
637
376
90
422
61
777
529
110
88
614
697
349
416
387
93
610
392
646
403
527
13
478
404
59
41
92
74
732
501
359
348
459
511
388
69
553
58
420
702
528
397
581
103
648
580
605
554
432
102
39
592
161
179
193
12
555
97
487
508
590
328
159
451
667
583
119
664
564
172
33
354
563
665
620
635
536
178
472
398
444
567
607
220
157
639
509
608
642
483
450
121
454
499
377
636
425
606
206
40
629
427
723
618
158
431
160
108
353
262
597
537
249
235
399
165
638
520
318
556
201
381
426
234
142
207
156
154
481
726
364
105
516
491
192
518
455
695
539
627
106
783
510
52
263
471
458
492
5
691
332
18
690
561
699
595
175
565
460
98
144
582
757
631
208
634
405
200
54
482
596
453
538
663
447
625
593
326
14
180
375
698
442
19
120
89
476
755
218
369
118
17
380
468
32
728
644
645
652
344
443
628
317
408
494
3
488
164
632
415
526
28
100
551
8
467
22
290
584
626
391
409
666
291
2
1
155
382
23
141
662
7
562
379
358
289
417
151
609
681
725
355
229
756
25
370
203
407
162
463
190
486
430
566
371
0
498
589
531
489
598
319
85
129
329
275
727
56
11
57
261
149
573
552
147
111
519
604
688
99
384
94
383
465
29
544
140
20
514
568
521
730
729
780
15
292
128
123
68
660
615
493
6
557
574
495
433
31
540
547
406
630
356
21
643
782
125
236
464
515
385
402
579
543
731
759
152
233
701
525
251
671
500
104
122
347
413
112
461
53
10
441
649
309
343
131
658
226
30
490
150
616
153
437
436
603
512
116
781
101
84
456
623
440
352
435
439
113
524
124
298
522
653
314
82
316
327
438
378
168
9
673
694
400
546
196
83
560
613
260
273
245
297
545
188
303
396
497
758
304
633
624
244
410
470
507
135
617
466
204
163
44
133
657
656
324
669
191
27
331
684
414
126
469
288
672
569
523
541
654
16
24
345
535
754
228
372
320
330
517
132
395
127
484
612
650
692
700
117
577
337
265
227
247
170
300
225
602
4
259
219
763
181
457
346
173
474
621
434
272
411
215
313
43
264
674
271
651
26
559
333
599
205
393
55
600
315
130
683
689
424
661
532
576
342
496
419
287
513
176
241
548
703
428
148
622
243
774
475
301
682
257
753
479
659
202
299
230
578
594
268
217
187
302
325
237
232
570
720
194
274
254
350
246
571
762
96
412
575
373
542
270
587
401
374
655
550
210
184
286
351
231
183
221
211
679
239
462
283
185
214
341
588
423
715
189
222
693
336
687
177
134
601
389
169
485
686
146
284
572
549
95
704
386
680
174
182
240
80
722
198
714
285
269
321
740
357
761
506
258
186
760
295
250
675
212
772
452
585
296
213
242
238
266
276
255
480
429
696
768
312
143
293
267
209
678
716
586
323
216
256
322
308
668
421
677
446
710
670
706
86
640
721
171
394
685
767
711
248
764
109
340
713
449
641
367
503
136
717
294
339
775
719
280
779
776
368
751
534
418
448
778
735
361
115
42
278
707
138
748
734
718
746
739
197
736
67
252
505
558
277
305
741
749
765
282
771
773
137
530
