304
306
332
333
277
276
305
362
248
334
136
220
221
192
249
164
307
508
250
582
165
194
456
138
335
484
528
288
717
506
193
464
416
562
686
723
246
137
266
274
275
244
147
716
674
648
740
630
610
640
696
712
188
714
435
642
676
568
457
118
632
710
713
684
620
342
278
315
378
611
690
472
247
750
634
682
134
146
711
536
239
718
434
715
704
649
720
267
628
613
363
653
534
462
583
612
414
207
719
655
106
680
190
314
396
652
744
390
485
107
238
161
483
105
722
162
72
251
689
444
654
470
748
222
406
555
709
218
681
174
596
687
245
685
708
368
216
163
272
407
527
553
592
369
692
509
436
219
665
609
151
135
601
211
316
392
468
279
556
721
166
660
576
675
603
191
74
705
480
184
471
724
631
507
691
195
242
460
668
463
599
545
495
554
150
602
600
702
541
273
224
563
670
683
189
182
768
573
569
658
641
543
160
343
629
481
535
618
128
633
217
597
590
639
571
688
214
148
119
598
78
524
289
415
185
455
439
677
698
742
656
133
340
540
627
400
102
595
317
564
549
80
341
661
234
496
552
179
187
739
202
465
108
139
697
544
458
210
261
452
594
132
203
491
284
370
743
593
738
433
127
126
585
100
625
73
75
512
467
570
2
432
215
183
741
605
379
526
260
580
669
637
567
604
539
404
664
523
525
624
180
76
8
547
79
646
129
431
373
58
237
175
607
659
235
498
616
394
295
372
240
678
177
635
350
606
401
542
657
77
287
621
241
438
529
551
408
223
520
90
393
123
264
213
572
581
428
499
513
643
181
577
405
519
345
156
522
103
236
703
749
466
619
469
208
482
521
546
494
584
548
730
497
97
209
626
429
82
729
168
27
693
159
206
706
473
731
243
492
575
371
459
233
745
453
59
265
258
347
617
212
101
667
550
176
336
441
186
344
411
537
294
445
430
125
517
232
351
322
679
728
579
109
440
318
699
302
83
417
303
751
157
99
769
515
538
96
565
337
442
623
504
766
285
505
557
57
398
319
11
383
122
403
153
451
725
205
355
131
732
56
98
707
149
518
155
647
413
231
566
578
270
26
638
397
574
281
204
500
754
437
230
382
375
225
81
778
478
767
591
268
733
154
22
65
259
662
561
560
671
6
24
178
169
280
758
16
34
84
412
493
14
385
516
313
384
501
487
426
387
386
