761
211
108
354
683
603
58
381
457
394
344
370
753
462
183
437
606
674
96
404
464
116
408
95
184
74
486
627
397
409
461
655
593
780
76
300
647
188
97
628
264
289
373
68
317
649
387
160
488
104
650
623
61
516
382
192
190
575
485
400
699
491
33
643
185
244
762
100
168
161
427
487
644
540
179
350
42
149
101
3
710
601
645
591
32
615
403
365
600
738
445
85
133
67
499
195
517
581
405
206
59
156
328
544
263
711
288
239
70
406
428
554
580
99
413
266
670
552
213
119
272
755
500
52
510
82
207
0
407
416
71
125
113
6
476
599
512
366
729
5
327
696
604
28
765
269
395
210
701
326
782
432
543
216
299
20
433
235
574
353
140
737
287
241
709
377
571
262
73
290
321
477
378
293
234
349
568
72
265
380
1
434
430
102
637
708
399
675
307
355
401
707
215
111
777
383
204
682
209
98
773
9
30
541
566
754
429
318
415
505
7
56
236
576
201
732
84
337
298
237
756
758
169
625
598
515
159
270
578
325
131
376
781
783
426
577
493
238
205
242
671
504
256
336
17
18
565
422
679
11
25
527
375
203
261
596
560
624
155
776
492
542
164
526
453
180
402
421
681
549
162
374
243
19
310
471
443
176
518
175
725
704
130
757
55
444
456
29
772
680
545
271
157
626
579
547
285
484
128
736
134
379
550
346
163
614
214
197
186
648
465
438
129
548
109
728
472
103
158
673
410
508
153
536
208
651
524
22
496
537
562
297
520
187
482
498
440
546
291
348
570
553
414
569
597
467
494
117
412
126
396
519
654
521
441
423
181
495
173
522
393
118
509
513
514
319
352
182
283
15
14
292
589
706
225
320
425
132
127
439
65
497
338
424
466
324
363
468
523
652
411
653
154
702
311
564
677
646
450
473
779
454
279
347
618
172
194
529
469
676
525
470
535
442
590
282
222
563
501
705
698
726
678
478
226
171
390
558
447
198
391
531
697
474
446
418
