495
557
525
556
526
494
524
462
558
463
588
527
493
589
555
587
559
461
496
430
492
590
564
586
563
523
431
595
554
596
620
1018
986
460
619
464
585
985
503
535
458
617
597
621
661
693
954
976
429
727
491
490
600
632
629
553
944
664
953
426
745
591
977
694
663
459
778
457
628
598
759
1017
631
489
630
946
536
427
912
981
947
522
442
599
987
1019
594
978
662
584
844
922
618
471
278
823
811
975
568
915
695
696
972
885
633
879
878
374
1020
886
938
803
810
948
601
779
817
521
758
847
21
904
410
1008
995
963
996
24
979
425
854
665
246
395
611
916
144
772
726
143
955
937
310
906
311
190
569
266
992
279
842
234
567
792
377
855
744
42
732
785
54
22
997
903
980
10
911
207
251
502
257
816
713
945
982
766
998
771
3
51
943
277
643
193
644
101
746
824
383
344
804
883
848
179
219
86
730
914
221
994
181
577
0
256
672
482
835
777
1003
225
382
439
247
965
445
65
53
187
443
224
926
220
475
613
421
113
373
440
793
678
142
41
175
609
531
697
913
999
189
265
325
993
132
115
935
505
9
188
316
376
406
110
245
441
39
23
862
87
728
240
297
34
576
409
145
712
167
389
515
64
448
324
157
760
235
961
765
733
843
881
276
155
351
516
428
738
776
770
252
32
218
233
570
452
70
893
289
704
208
69
112
876
608
967
791
872
25
470
413
33
57
156
610
180
642
481
580
74
507
68
542
798
356
111
966
375
552
606
29
734
795
669
701
381
66
964
390
378
414
55
671
146
213
764
528
192
160
412
936
259
214
196
176
905
236
773
159
612
988
449
191
537
281
217
83
960
380
1009
131
253
453
138
968
574
203
258
871
239
267
140
845
833
890
19
161
544
796
141
79
740
517
162
202
480
415
454
921
106
637
298
178
177
483
280
320
512
100
28
85
548
614
197
581
768
231
424
133
767
616
931
35
702
206
504
158
473
675
134
866
910
834
36
104
605
287
573
350
139
174
78
147
420
859
317
291
166
667
604
52
343
485
514
182
801
71
194
2
62
762
50
322
94
863
170
209
731
416
550
20
199
84
242
82
241
711
136
668
212
216
105
285
290
118
815
607
545
286
513
645
119
357
836
328
543
761
108
877
226
355
735
729
4
450
38
103
539
8
582
319
260
484
116
451
417
153
169
37
739
865
227
40
72
102
99
546
411
506
456
222
763
952
902
186
706
639
56
860
165
88
92
168
93
299
638
201
800
135
248
917
703
898
292
447
129
518
120
1010
95
933
148
323
200
444
11
874
173
295
293
1
870
124
130
547
125
313
352
89
43
223
296
243
171
579
388
867
837
797
163
446
575
670
708
622
880
419
90
422
321
114
284
30
636
353
809
830
769
899
934
873
73
479
151
238
6
707
288
1000
254
198
832
962
541
578
164
282
478
666
172
603
384
565
18
264
150
67
77
354
314
96
841
237
736
249
315
185
348
825
509
98
59
897
477
318
149
829
228
379
268
44
571
137
81
312
1021
723
123
61
126
327
75
26
846
889
875
128
14
358
838
709
510
349
329
152
476
305
990
262
7
346
677
828
13
58
255
805
991
205
250
91
184
386
826
360
799
673
27
229
508
699
107
46
117
306
566
928
705
572
929
549
827
858
455
263
538
5
109
895
275
330
646
347
676
1013
700
121
364
806
511
802
261
283
359
674
737
345
408
391
394
884
338
794
308
519
615
822
839
47
45
392
849
741
211
393
210
232
486
244
269
342
958
894
474
97
932
12
487
385
939
307
949
562
122
831
540
790
300
215
387
930
271
204
1011
927
901
195
60
76
326
407
959
361
31
63
230
520
907
294
808
861
868
418
892
80
183
309
641
423
896
640
864
154
900
680
882
813
48
747
341
127
49
743
337
17
869
362
956
635
753
648
887
273
488
807
850
853
274
649
15
840
1007
891
742
551
698
363
918
814
16
270
532
710
923
602
989
950
331
340
775
1012
812
583
970
774
920
627
634
752
679
857
405
397
1001
339
396
957
272
336
472
1016
780
888
332
304
856
647
302
1014
650
851
940
1023
925
1002
919
301
909
1022
821
969
749
971
681
438
725
818
754
398
372
722
852
924
593
560
781
333
714
534
748
1004
365
786
660
691
303
942
592
783
755
715
683
335
724
951
784
984
623
368
757
908
682
651
371
983
820
369
789
334
782
404
941
973
819
561
366
751
367
626
750
370
1006
974
625
692
690
1015
756
787
788
716
721
399
1005
437
717
624
530
533
652
500
720
529
499
501
689
657
684
718
659
432
497
658
403
400
719
469
656
436
688
654
655
468
653
401
402
687
685
498
686
465
467
435
433
466
434
