122
222
260
246
757
270
27
240
620
236
216
214
172
515
55
185
730
382
767
64
121
321
377
286
547
155
459
492
762
249
706
744
176
451
53
521
727
668
662
22
124
181
141
748
698
512
651
755
708
266
297
554
644
457
353
766
10
438
183
89
693
180
234
281
17
125
322
29
217
179
294
406
759
624
126
261
178
302
117
490
21
350
763
195
486
539
86
739
230
463
452
458
657
152
215
231
412
258
177
24
487
700
354
280
442
184
714
623
378
4
478
356
262
493
622
454
593
425
561
520
776
431
218
461
250
83
151
385
563
211
31
626
244
243
528
26
570
479
7
551
596
343
317
313
70
546
196
209
640
115
143
507
403
460
118
527
232
746
300
571
252
256
513
259
500
148
504
433
14
139
725
705
555
525
435
15
480
340
301
484
174
702
616
326
316
462
147
557
494
595
227
514
384
191
738
588
696
325
338
175
225
772
190
564
405
366
567
202
298
219
341
568
572
145
485
614
229
434
488
120
592
411
489
566
327
132
774
355
506
67
752
255
569
368
69
529
357
733
336
220
332
282
146
745
695
81
621
584
277
247
253
257
775
448
565
388
299
742
308
144
734
331
502
735
737
80
170
114
66
329
65
68
254
171
771
199
390
770
501
474
142
751
417
328
276
736
200
391
330
248
447
358
503
228
531
419
359
697
361
559
226
198
530
389
475
586
446
360
558
418
