514
515
516
513
320
376
349
248
348
276
541
485
347
321
488
487
486
357
318
65
319
346
542
540
329
377
468
512
440
249
275
304
538
330
566
429
400
342
569
247
401
375
484
274
303
291
543
292
544
285
273
333
302
366
331
721
221
539
300
688
489
517
219
687
358
92
35
301
501
479
617
511
691
689
0
193
163
473
481
7
420
510
509
196
475
716
62
111
341
756
15
83
616
446
29
112
107
13
167
18
264
88
445
40
699
6
278
528
77
556
106
727
9
39
369
80
500
284
140
723
159
67
644
695
36
72
38
160
417
729
389
137
257
251
194
253
587
482
166
483
136
664
258
109
170
748
168
340
198
199
694
293
599
532
37
335
639
223
226
670
254
19
757
89
61
85
142
161
309
519
780
17
191
50
133
139
311
3
23
640
504
75
145
57
195
752
779
98
728
480
364
197
719
492
641
52
14
113
584
60
732
96
775
751
743
90
665
313
586
443
766
464
120
764
453
34
81
703
91
462
97
419
472
95
312
425
336
359
771
436
643
422
49
8
763
518
42
724
363
20
10
463
762
365
423
27
131
731
21
672
2
110
281
45
138
444
115
73
734
48
46
164
32
105
415
69
491
704
70
733
76
630
416
490
545
744
104
735
454
71
172
386
738
455
