71
67
670
72
69
70
66
65
68
142
75
93
76
96
557
559
531
94
143
74
117
97
197
642
450
477
114
621
90
92
73
505
529
422
64
145
586
79
588
278
613
118
223
591
335
364
698
144
724
616
86
421
761
649
617
363
38
449
361
115
578
507
620
532
635
569
199
43
760
571
608
222
636
628
162
603
108
171
87
113
125
146
541
585
211
556
577
634
582
619
598
167
579
765
183
194
576
147
127
587
472
42
707
542
82
3
583
566
708
645
650
766
629
58
671
641
463
141
539
779
28
782
109
525
604
693
29
762
523
684
495
728
498
476
755
16
19
540
17
524
241
25
279
709
203
526
55
522
379
535
497
4
743
56
172
81
307
697
174
173
154
469
441
468
470
418
677
705
