690
51
354
657
355
271
460
691
683
217
221
608
245
447
652
505
9
193
511
260
146
233
659
327
388
413
270
458
654
342
265
216
129
289
251
290
243
611
199
603
524
244
358
443
375
596
693
523
634
685
609
535
638
287
353
274
237
19
346
249
669
710
687
602
414
50
151
487
513
435
125
23
247
376
398
232
234
605
579
681
108
254
711
552
236
656
490
440
250
279
349
548
686
627
689
242
442
631
189
105
408
399
641
161
357
625
680
176
79
486
658
268
278
21
37
606
214
15
187
241
369
259
322
7
179
153
324
121
127
607
629
725
47
152
632
434
39
343
714
11
668
446
171
173
550
573
593
167
515
345
715
139
592
145
77
763
124
666
556
623
130
248
207
571
119
303
551
769
762
335
419
503
720
239
123
751
213
316
735
310
206
104
185
598
636
147
35
150
46
380
188
295
773
569
181
38
49
14
200
572
43
400
18
361
198
549
363
22
427
347
425
544
42
721
426
36
779
318
178
475
352
344
640
667
48
372
514
212
13
567
128
325
183
20
713
118
397
684
529
319
389
8
600
767
566
649
166
630
765
424
17
307
601
462
775
724
209
379
10
391
502
34
612
543
246
580
706
545
63
240
542
716
718
712
201
777
404
708
208
540
417
120
75
709
370
266
292
473
331
719
277
41
707
276
628
360
717
73
170
211
180
626
126
71
76
385
282
771
78
621
45
390
305
6
210
541
138
584
70
40
91
186
371
624
778
501
478
418
184
766
334
557
12
103
768
764
450
238
65
648
366
182
737
739
745
741
362
101
622
749
122
90
772
747
338
102
396
44
67
570
100
594
69
776
595
774
62
750
333
743
770
445
348
74
95
568
98
72
332
16
99
93
304
94
294
306
620
92
736
64
738
68
66
97
748
740
96
744
746
742
