531
530
564
532
563
562
465
498
589
497
432
464
533
499
719
688
463
720
368
535
657
433
431
716
714
529
534
746
718
400
683
590
689
335
726
749
621
717
503
369
747
715
500
750
748
242
307
745
361
334
336
758
210
658
682
339
557
367
759
558
392
340
751
462
337
594
727
781
777
401
502
360
588
851
399
778
596
561
496
779
275
466
521
713
565
393
690
341
626
267
684
472
595
808
780
268
989
1000
633
424
308
471
795
177
687
274
209
553
501
852
832
883
408
276
516
338
178
420
504
23
1011
236
999
1021
882
425
782
864
721
228
329
812
243
301
602
911
935
694
665
827
681
18
507
620
269
567
776
145
583
615
625
216
22
298
763
204
440
741
197
807
879
211
299
1016
330
1013
1004
952
801
912
1012
988
1008
880
966
881
87
445
914
703
71
828
333
415
762
865
933
81
833
884
508
566
969
601
824
345
407
419
554
119
1020
791
218
984
70
947
144
856
901
31
102
205
10
774
1001
366
640
773
931
24
230
80
99
943
223
124
39
547
56
819
888
96
1014
942
548
171
50
98
671
475
114
260
983
511
64
8
783
850
944
314
964
860
1010
123
289
934
897
101
902
113
262
409
172
996
552
128
542
1017
764
915
295
241
250
641
903
129
666
1002
151
186
38
42
541
995
63
446
184
820
540
112
517
1015
237
899
198
1
146
752
376
21
383
892
164
32
257
152
373
377
418
107
536
582
249
612
309
584
388
34
485
520
1023
176
439
293
362
980
968
775
853
263
355
441
120
385
219
571
161
229
476
40
509
580
165
53
923
100
929
768
954
545
9
69
386
614
20
203
217
831
873
410
956
467
607
190
302
33
699
150
382
800
261
346
963
480
921
66
572
92
430
155
412
628
82
292
351
41
49
866
887
183
484
187
76
444
17
158
319
19
72
698
965
417
802
111
174
294
477
890
54
328
259
156
127
454
391
451
581
898
769
642
736
803
976
951
674
290
896
997
78
306
193
1022
313
893
356
206
930
859
37
175
282
1003
125
315
110
708
834
936
188
277
238
918
378
130
609
67
251
706
332
805
139
235
806
913
811
634
447
731
632
189
744
796
287
909
889
813
587
575
810
108
608
539
941
325
442
522
191
730
650
676
1005
280
550
473
231
945
836
2
131
16
891
160
349
639
673
900
515
55
732
421
794
248
576
115
394
904
95
109
305
452
709
835
579
977
212
920
972
375
324
48
185
695
546
140
116
868
940
757
304
122
823
885
36
651
905
1007
254
196
104
967
735
734
143
636
895
83
35
948
551
220
387
7
288
443
456
258
88
906
51
616
767
300
549
28
610
93
738
593
173
537
323
809
255
652
985
928
700
937
855
222
97
118
862
342
1009
126
413
352
638
65
613
863
858
742
244
137
770
11
182
68
916
479
606
568
838
154
389
194
962
159
43
134
73
894
79
448
347
953
74
600
544
225
252
62
978
946
799
772
932
917
478
570
350
979
320
543
702
14
878
573
281
457
354
854
670
986
103
121
733
693
841
512
423
861
919
577
264
86
510
818
317
6
5
321
605
637
30
867
153
106
291
94
1019
157
857
482
647
13
374
790
474
358
138
47
646
224
648
357
556
449
669
603
326
77
27
90
672
987
450
327
710
253
135
737
380
117
649
247
200
381
411
344
789
871
141
414
195
574
569
839
25
283
285
208
643
925
822
886
416
75
659
353
488
845
627
797
170
604
514
105
982
58
84
132
804
470
166
578
907
91
232
667
46
849
199
990
844
668
519
874
739
644
12
957
273
712
973
379
370
970
162
422
955
233
740
44
981
163
322
279
922
142
910
926
958
961
384
975
788
505
221
846
705
453
0
136
226
677
704
924
814
215
645
316
169
950
310
179
256
481
303
538
318
678
697
821
664
506
15
869
998
483
60
635
52
133
59
629
927
455
297
826
359
701
45
372
207
675
840
938
89
270
707
875
513
26
312
296
870
192
661
390
792
426
147
214
167
949
685
872
85
784
331
227
771
266
829
348
29
908
213
825
202
495
877
149
847
3
760
729
765
994
971
61
