588
461
113
70
580
278
508
717
733
607
478
92
91
95
76
610
274
136
617
241
724
567
777
572
94
641
156
471
489
93
616
600
746
344
71
216
539
741
333
640
636
760
221
388
249
675
165
664
322
147
454
581
473
517
257
393
753
611
329
404
639
523
316
494
651
252
599
73
200
385
719
400
14
718
579
356
578
575
667
598
158
280
144
457
574
433
512
521
481
612
326
160
688
767
595
192
648
108
518
412
218
102
424
193
455
181
458
436
660
468
757
730
498
230
456
665
119
638
570
527
161
82
90
554
467
262
379
408
545
582
601
513
546
573
179
215
613
759
650
568
67
352
339
17
159
634
23
245
442
565
440
56
131
453
701
201
380
632
211
550
553
413
672
53
551
163
614
431
637
661
761
273
223
520
42
151
754
83
150
146
635
571
141
341
229
275
239
547
18
24
132
19
782
22
378
603
511
432
232
327
268
84
21
428
466
679
666
542
372
470
5
205
624
602
15
29
260
605
1
435
526
491
355
501
608
330
720
234
463
299
305
207
411
606
532
295
465
487
426
407
152
695
576
68
4
743
540
31
325
727
9
469
516
647
497
384
552
609
781
3
548
654
112
85
97
658
233
271
20
6
519
524
437
439
168
289
441
652
592
522
596
776
324
123
288
631
577
492
630
287
300
164
27
191
444
476
649
674
180
484
2
244
57
462
406
569
425
438
434
734
153
493
483
69
485
206
157
52
140
694
190
323
691
515
495
28
310
240
54
11
270
490
778
111
125
353
604
409
185
219
597
645
331
626
543
328
0
403
625
261
121
294
364
7
383
514
544
627
628
750
729
690
351
780
302
196
272
77
499
755
301
284
277
756
298
103
148
337
175
242
32
763
290
704
772
644
33
541
459
376
496
173
343
620
402
629
699
75
619
37
154
227
414
149
486
549
349
269
585
247
79
762
587
265
395
500
562
133
296
124
430
319
396
769
58
315
375
105
771
401
768
348
64
358
366
642
346
615
317
360
61
293
178
291
297
534
429
321
292
166
281
243
365
415
220
443
66
51
593
423
643
308
732
373
721
722
172
12
740
332
422
725
445
774
387
139
731
106
224
78
677
392
342
36
13
368
533
416
318
110
345
59
398
723
60
320
374
87
386
359
347
248
336
309
96
304
34
45
369
49
50
561
88
370
116
420
38
167
773
62
397
40
276
39
41
107
35
135
394
63
47
48
703
46
