297
699
346
752
56
575
391
324
483
684
579
217
553
243
586
376
419
726
321
523
131
68
562
270
225
665
244
21
500
118
81
364
128
253
573
505
356
700
603
6
247
3
24
32
587
281
91
264
698
363
17
725
43
125
129
147
31
551
119
177
531
447
252
232
689
268
150
585
636
780
234
352
614
224
103
84
455
30
655
269
100
121
634
557
781
685
390
14
123
728
361
567
635
265
692
446
85
58
615
663
468
242
607
275
517
130
424
467
42
334
533
662
357
559
176
336
475
108
399
454
2
425
296
101
584
568
418
532
102
313
412
686
672
556
560
504
503
389
495
688
16
343
697
724
666
558
218
93
124
489
580
92
163
502
292
529
530
490
362
306
80
667
314
79
280
178
122
427
98
641
120
474
99
371
97
669
94
95
491
501
518
612
613
96
315
426
359
464
221
388
350
164
384
398
668
414
305
136
385
696
528
333
360
107
387
386
249
358
640
106
78
277
332
276
304
248
