209
210
230
421
28
241
112
740
791
67
817
869
775
852
945
520
356
153
828
741
233
671
247
473
134
496
1023
266
217
764
221
127
999
892
106
744
929
243
352
868
271
68
96
870
859
582
1022
277
699
164
260
452
615
311
37
736
538
926
235
866
922
200
973
823
960
795
130
196
549
89
918
290
100
907
38
418
448
938
726
745
997
118
672
641
475
612
145
2
146
969
420
204
700
125
698
946
441
36
777
891
262
279
149
227
261
962
899
860
59
978
148
297
141
177
388
119
416
291
393
821
511
943
889
158
853
251
657
445
731
864
263
912
206
234
157
730
350
898
919
829
834
708
280
604
976
1016
634
314
444
644
610
643
182
873
355
583
126
931
322
788
812
778
551
358
762
901
1
328
6
792
832
751
46
702
800
144
105
843
510
928
752
70
519
930
205
292
811
970
998
477
925
801
353
170
324
87
34
924
294
325
199
541
951
815
121
423
961
391
171
732
677
137
123
339
975
509
890
673
439
159
958
1021
115
1000
56
44
991
608
454
317
408
877
1020
107
32
944
992
676
411
264
668
517
223
836
229
645
62
692
734
915
647
571
102
738
578
484
980
69
208
318
116
679
26
419
933
854
728
176
544
91
804
947
707
941
867
908
568
539
55
822
140
94
602
101
607
827
824
802
336
412
758
79
198
76
479
861
789
150
443
727
129
5
532
701
293
894
994
765
923
772
287
839
165
642
147
984
143
222
214
769
954
904
71
446
138
965
952
60
486
574
937
893
858
711
485
537
993
417
450
45
108
246
42
33
545
136
319
231
921
505
506
453
185
3
570
603
766
638
831
927
9
481
132
712
637
133
474
876
953
743
84
128
968
244
191
729
442
835
447
967
207
120
988
188
696
72
351
990
987
114
790
296
667
793
202
900
203
169
963
178
577
611
856
932
543
41
695
833
265
430
936
514
39
955
939
1017
14
830
906
187
360
518
151
546
733
959
826
665
142
278
1019
50
569
211
409
697
323
249
666
254
166
1007
884
855
154
857
78
872
111
371
285
289
628
135
957
605
181
1002
109
487
550
950
326
82
257
175
0
380
863
255
982
180
956
887
413
669
794
981
83
218
989
470
383
905
739
675
449
916
996
184
281
478
295
377
4
85
1008
451
803
972
40
600
195
483
513
376
871
410
387
680
909
250
12
837
636
245
173
986
13
8
885
862
359
512
86
685
77
305
172
761
787
110
670
61
174
25
720
664
1018
286
579
226
995
940
179
609
480
757
163
320
219
327
19
488
635
43
238
774
239
167
256
725
392
681
632
601
225
663
552
771
52
338
20
213
471
212
10
652
971
155
806
312
370
24
690
917
503
54
825
515
838
168
948
592
53
21
7
378
23
459
773
985
983
482
382
756
344
535
381
337
494
689
629
117
949
631
414
770
567
966
186
719
345
805
547
691
369
349
688
886
51
785
160
313
616
648
11
415
718
964
288
22
156
502
348
599
786
456
584
630
162
424
565
161
624
753
534
462
460
564
192
656
595
224
521
596
193
425
553
461
651
721
493
653
687
724
686
526
495
620
597
566
621
649
458
755
463
754
489
655
654
589
559
598
650
525
457
490
722
585
522
723
557
617
622
588
590
492
491
591
623
558
554
618
619
523
586
556
524
555
587
