107
135
703
313
46
38
35
47
105
41
106
62
63
455
37
481
482
103
665
13
420
774
167
48
40
136
289
341
392
39
77
666
34
456
483
725
288
166
110
484
454
394
637
36
640
722
395
690
694
612
161
359
88
224
263
78
66
590
317
692
365
691
750
638
285
314
287
357
133
732
664
427
291
589
721
68
358
104
139
73
751
292
428
423
50
509
60
342
403
195
290
510
368
102
157
369
723
533
69
639
643
12
59
534
525
315
508
397
61
191
49
9
453
276
360
205
440
422
252
479
410
164
273
485
220
615
318
497
763
417
308
309
19
18
634
87
511
375
445
275
23
613
467
3
51
312
248
641
780
101
281
402
609
429
219
83
426
304
480
755
316
340
163
635
112
585
160
439
478
111
762
661
33
415
470
438
523
286
699
608
587
21
756
339
441
264
8
196
398
636
376
411
134
187
175
324
11
495
17
663
776
203
67
605
192
32
367
159
524
5
588
129
53
58
412
466
632
512
364
465
10
761
413
247
215
537
218
258
409
2
271
687
190
233
688
457
660
424
401
536
577
140
30
546
430
262
404
715
70
302
777
206
158
132
633
260
781
476
727
563
498
349
278
57
593
500
442
45
337
469
297
545
584
443
606
332
783
279
204
274
522
382
223
462
435
468
75
168
355
436
408
532
385
303
336
301
729
548
611
280
471
667
575
461
20
452
486
329
434
603
246
566
331
232
630
547
27
272
162
576
759
437
561
602
460
564
527
599
581
662
628
521
189
459
85
560
644
629
604
244
194
431
458
551
565
381
493
188
414
539
672
553
217
250
579
550
757
552
366
631
6
384
572
28
538
433
356
407
504
549
544
520
24
578
393
52
591
185
379
601
432
595
600
610
347
562
193
658
444
596
25
298
245
261
623
348
270
616
625
419
626
277
54
451
494
29
526
249
344
464
681
84
351
540
519
674
491
372
622
580
499
22
330
541
592
764
214
338
697
686
207
211
598
383
607
656
754
567
416
141
463
555
543
55
645
370
683
673
242
265
353
492
388
701
0
108
624
680
720
627
542
734
571
574
396
154
617
586
684
235
82
657
671
758
695
728
352
405
300
669
716
371
778
284
487
155
243
730
597
15
374
229
489
325
760
518
26
594
554
319
773
713
201
399
326
689
131
1
568
569
299
380
373
64
65
269
354
570
490
700
236
711
582
775
240
79
76
528
116
56
685
213
425
496
113
257
620
782
488
659
652
227
216
343
693
406
31
346
400
202
150
231
682
573
100
165
506
717
323
222
772
156
621
99
251
234
535
345
183
296
230
149
241
650
642
147
556
583
714
128
98
71
710
74
387
259
327
649
293
109
221
653
7
72
731
765
513
212
173
225
719
507
698
753
186
654
148
530
268
448
739
736
377
389
679
226
208
501
238
769
16
237
450
668
619
253
655
704
749
718
119
733
321
779
320
295
737
182
677
740
180
176
178
179
146
768
322
4
651
726
138
709
735
14
378
184
42
307
121
738
209
517
449
153
126
386
391
678
239
152
614
127
174
254
712
210
97
124
421
200
151
748
177
767
328
472
333
648
172
90
741
310
294
122
198
86
137
702
91
514
305
771
130
706
350
766
503
125
93
647
94
