608
295
712
576
580
776
745
679
262
327
577
775
1010
359
837
836
328
197
261
203
612
868
744
579
578
808
326
66
194
533
195
296
1011
229
545
597
865
228
562
609
564
565
534
566
897
211
594
532
98
832
848
172
561
849
170
9
263
178
32
395
529
847
198
629
448
235
294
596
422
65
84
394
530
204
119
867
628
208
249
396
611
33
880
807
360
777
231
900
870
640
673
563
217
462
280
260
207
391
501
526
107
806
17
706
778
494
250
866
741
120
293
502
173
874
129
727
161
242
289
277
817
660
230
800
495
227
595
531
241
13
905
661
206
713
209
593
850
527
393
202
417
329
239
430
282
626
659
934
643
310
240
34
362
196
71
426
881
64
364
160
344
598
993
662
278
558
57
139
199
818
6
746
165
846
627
911
48
851
343
875
528
244
804
408
177
176
463
392
575
258
248
193
544
49
879
805
363
883
816
236
41
175
429
238
497
186
546
913
445
353
237
833
427
89
820
641
141
358
535
496
871
819
695
814
696
882
998
1022
37
7
243
376
425
16
24
581
937
1023
821
420
440
758
860
397
859
409
312
582
500
377
503
671
140
707
246
844
74
1021
869
216
218
67
297
38
314
1015
979
914
516
996
210
815
773
889
728
990
266
864
912
390
213
212
734
572
1012
70
574
80
945
1005
135
991
549
361
989
573
759
151
703
977
145
1013
50
547
1004
1000
997
1020
154
559
444
959
658
188
692
251
605
630
79
884
313
205
319
811
925
978
428
650
857
952
144
53
130
878
330
693
112
726
31
477
540
877
888
681
902
615
709
219
992
25
827
938
247
157
729
969
470
919
517
315
852
1014
845
221
779
944
700
760
892
767
761
187
111
694
283
567
794
858
647
447
956
351
388
125
1016
189
894
702
182
995
541
649
23
953
946
375
441
633
999
764
876
548
863
380
539
791
602
90
342
174
191
861
899
856
142
793
910
994
735
122
684
828
155
475
853
796
965
970
762
123
923
664
607
890
672
22
842
18
920
309
275
56
603
683
253
286
955
831
904
646
680
968
873
792
725
799
58
798
345
907
974
610
927
171
1009
542
906
1001
653
943
476
639
543
95
909
824
604
921
350
91
81
325
634
316
571
346
274
478
1019
508
190
757
614
267
124
423
973
298
922
407
94
63
318
413
954
665
143
442
1017
949
670
15
829
895
570
270
697
30
893
126
317
668
747
2
62
156
988
862
159
789
984
158
185
550
936
93
220
287
46
153
701
947
55
252
40
276
887
731
78
669
1008
613
507
455
1003
474
648
924
461
699
790
412
59
299
663
454
42
254
766
983
654
12
710
926
891
601
855
916
830
557
763
915
1002
509
651
957
105
223
732
347
383
245
150
843
583
584
939
985
962
813
795
716
730
302
826
424
60
1018
682
479
510
636
410
127
590
625
637
958
733
886
964
951
742
980
285
854
234
284
255
908
268
918
14
748
765
986
27
446
222
538
273
885
780
61
823
378
841
788
737
415
825
982
987
751
92
453
714
638
632
606
498
331
26
348
75
1006
88
931
666
975
472
232
110
972
967
719
783
29
308
300
674
839
976
443
963
382
797
271
774
515
485
717
269
981
521
506
99
698
691
917
622
39
47
537
471
486
948
966
106
1007
685
379
942
414
384
667
28
473
600
787
950
739
618
374
560
103
736
411
321
332
554
349
365
520
469
511
556
307
929
617
589
686
930
504
341
711
439
272
635
518
87
464
522
935
164
519
147
569
971
512
822
551
802
940
555
784
872
720
21
113
487
163
616
381
373
536
320
652
750
901
505
553
301
591
499
8
786
941
134
738
215
749
705
585
552
118
257
311
812
715
279
406
781
718
631
184
398
689
960
525
76
465
306
183
785
162
114
102
586
743
356
687
281
782
354
932
587
756
690
44
292
385
621
68
458
303
599
431
724
405
704
459
678
416
54
488
333
96
457
588
838
568
466
489
357
45
214
657
688
421
438
340
456
334
387
226
675
386
490
468
484
85
73
437
620
72
389
961
11
304
117
192
642
224
20
97
896
771
335
933
619
138
493
167
69
83
10
1
523
721
366
708
752
338
482
372
305
592
769
337
43
623
436
722
403
768
460
288
82
352
755
434
481
524
121
404
432
201
928
336
801
840
169
449
339
5
132
152
233
200
181
371
655
133
418
467
402
180
399
370
166
676
367
168
435
108
483
256
898
433
291
754
723
136
0
368
369
86
810
35
513
131
149
656
264
51
324
903
753
835
101
225
116
52
491
400
290
624
3
104
419
803
401
100
452
137
128
480
179
19
514
677
450
36
809
115
492
451
834
146
644
109
740
259
77
645
322
355
265
770
148
772
4
323
