571
608
223
570
181
662
93
466
577
464
230
163
588
277
147
82
73
594
459
155
551
730
581
757
701
611
200
573
278
30
436
783
160
595
635
141
574
159
631
582
463
250
624
266
176
645
576
739
554
407
599
121
29
692
663
632
207
322
180
348
633
236
522
320
606
205
75
579
620
405
720
52
258
625
552
524
493
225
575
227
623
349
376
203
479
476
602
433
154
431
294
347
422
11
560
215
374
273
217
547
0
146
264
260
375
546
206
209
601
628
458
229
639
7
54
656
429
660
402
508
6
597
129
598
616
351
321
435
9
28
373
492
629
168
5
494
17
8
434
57
20
462
687
491
718
232
770
408
275
32
19
539
214
220
237
23
3
204
731
641
157
53
661
70
218
112
10
208
572
644
187
638
27
621
240
191
33
540
377
2
609
636
605
532
319
461
83
630
219
379
634
432
727
372
780
465
364
667
622
21
356
637
344
428
211
555
245
541
615
561
370
545
527
185
345
403
231
111
613
79
453
769
259
699
116
398
343
423
496
756
736
383
65
776
61
287
755
179
404
303
695
196
58
723
580
523
263
12
489
371
719
482
195
178
177
593
397
366
133
643
161
530
585
764
285
340
460
314
504
490
248
500
584
252
543
288
292
534
37
427
247
45
694
224
542
316
518
488
690
395
481
290
51
445
511
64
369
586
587
722
665
732
103
773
365
318
331
750
69
721
336
612
291
483
105
60
59
392
640
487
342
315
87
666
304
13
456
533
762
106
309
36
88
308
317
67
110
289
49
455
341
78
512
763
34
386
544
387
368
77
166
357
420
276
517
725
332
38
313
281
358
50
41
39
139
774
484
40
68
751
394
485
167
62
46
486
35
47
63
514
48
360
513
516
135
107
515
359
66
703
