590
670
197
474
362
477
676
96
446
283
449
505
171
618
675
646
306
114
311
705
390
647
143
169
115
450
708
334
589
696
531
305
335
472
421
557
648
563
678
418
363
535
221
137
707
256
44
706
117
89
222
473
92
95
118
130
779
282
712
566
109
43
72
591
333
506
447
144
744
81
170
279
145
709
507
726
702
724
74
704
710
251
199
80
138
94
564
651
529
471
193
249
443
444
559
123
689
556
741
698
558
693
125
228
393
86
361
679
502
165
255
174
194
307
156
113
391
525
173
127
254
743
713
745
747
569
451
98
91
201
425
677
119
470
243
124
568
388
682
406
668
669
99
767
650
610
162
711
396
268
142
655
753
686
210
108
400
681
748
310
192
97
653
467
567
42
424
654
583
441
274
241
475
126
346
642
172
619
440
90
685
746
104
448
350
674
100
649
749
766
71
617
592
186
439
378
202
691
578
738
536
469
664
216
128
267
733
399
478
659
728
389
323
16
614
499
120
442
765
497
272
354
56
151
122
184
76
270
131
714
246
297
717
265
607
295
495
673
498
565
671
415
242
520
269
777
604
683
528
158
452
549
296
538
680
758
299
782
414
234
1
760
652
438
239
25
627
300
244
302
596
152
293
55
468
742
401
284
537
553
212
235
190
778
149
337
715
410
261
153
768
150
509
684
761
14
298
325
416
688
603
134
381
238
716
754
657
4
213
198
550
188
22
700
84
26
600
412
326
426
102
526
182
352
148
183
697
31
257
380
409
521
781
413
24
658
301
233
772
312
136
519
737
382
327
338
510
101
729
339
735
548
164
140
740
226
324
367
759
672
562
85
271
385
18
384
189
280
503
15
457
626
328
411
480
771
752
132
437
286
353
775
262
253
430
734
175
501
355
330
419
329
417
454
