742
734
736
732
738
746
740
748
744
667
762
721
720
508
737
705
184
760
735
666
764
481
704
763
692
640
694
584
516
707
770
480
733
182
741
348
766
509
765
537
739
275
706
186
210
612
743
209
668
436
745
543
208
761
454
294
181
749
693
669
776
747
53
718
703
29
55
711
613
49
713
28
183
717
774
466
709
710
52
482
153
708
35
54
767
62
702
641
639
48
780
25
695
589
34
754
503
679
50
90
728
524
84
777
722
24
504
756
21
112
585
142
677
91
295
151
768
619
559
144
712
750
751
593
465
27
108
19
145
782
114
676
505
771
678
59
179
178
26
63
723
15
772
675
281
80
419
440
81
624
83
531
729
730
150
8
7
618
778
725
0
298
14
82
494
56
558
116
502
321
643
475
775
467
674
65
117
625
752
320
280
441
64
446
525
418
592
697
414
92
322
495
469
530
470
724
415
642
496
468
474
586
590
696
534
562
