522
589
521
553
523
596
566
595
534
491
554
533
399
367
490
565
564
588
532
535
531
563
562
567
555
530
594
721
459
368
527
597
362
720
458
376
556
552
460
879
209
361
210
849
688
750
847
335
758
746
880
812
719
366
208
689
584
520
661
747
783
489
693
878
690
50
727
87
819
848
780
881
749
789
745
145
400
999
408
500
561
502
781
501
779
759
557
242
1000
585
598
752
540
814
81
503
811
726
336
409
304
816
337
344
818
713
146
377
329
748
568
846
920
330
529
614
504
844
997
114
56
664
10
633
42
119
420
696
241
817
877
714
23
216
508
144
572
695
106
632
966
782
150
802
1010
177
54
616
93
741
310
345
499
228
249
977
582
862
778
298
1019
834
22
571
921
388
427
343
55
176
665
935
610
788
98
1004
280
998
864
600
183
273
851
80
784
903
86
787
1021
412
152
49
472
850
118
757
536
263
272
944
952
275
612
331
845
1020
448
835
599
893
739
1
165
278
299
262
604
386
897
375
29
1011
581
1009
813
78
200
953
274
75
860
64
407
151
360
548
107
609
978
832
895
100
267
31
516
657
326
861
92
97
507
1003
942
334
294
347
69
5
217
66
120
577
996
539
257
385
989
985
640
240
113
961
105
218
1002
282
258
744
909
37
836
417
281
537
392
892
488
178
603
945
815
1001
674
70
164
738
777
356
894
480
608
215
155
110
102
1017
2
810
703
923
901
1013
342
863
88
250
444
875
476
197
441
74
111
9
314
322
827
95
231
770
239
99
260
803
843
808
615
315
354
824
82
918
18
888
440
62
736
191
976
509
970
32
96
389
798
30
419
285
171
24
134
868
124
17
259
805
699
185
170
865
243
751
988
733
882
182
786
276
753
828
68
223
639
1014
866
143
104
947
765
601
61
954
195
694
669
355
797
196
289
910
986
416
547
318
771
740
951
993
602
898
992
913
987
946
995
76
248
919
735
128
357
28
631
254
1012
129
769
1023
94
762
546
175
607
917
967
1005
889
569
742
896
201
911
833
706
202
319
938
287
65
931
1018
332
677
452
948
1022
474
475
418
442
189
90
969
630
270
737
312
358
53
449
447
708
309
795
36
855
962
311
968
636
101
891
295
807
0
482
27
230
873
325
800
125
646
764
963
352
156
277
3
943
766
73
232
1008
905
701
157
391
671
772
583
576
188
477
575
132
578
883
313
317
925
445
804
902
915
186
929
580
349
187
492
303
48
820
884
512
876
906
112
255
681
887
103
734
174
292
890
384
305
454
528
198
1006
184
89
511
190
127
169
60
912
874
136
133
513
251
541
767
732
91
321
379
123
108
316
859
628
41
579
955
415
35
642
206
38
483
934
33
211
799
353
193
393
115
71
301
141
776
220
153
712
51
149
350
166
382
680
8
638
916
984
34
413
154
140
549
854
172
227
856
359
914
768
207
635
450
936
473
831
730
158
63
790
222
796
219
351
306
867
238
307
668
842
514
801
194
774
268
960
899
871
320
235
1016
707
958
221
773
763
637
126
284
956
443
387
994
709
116
327
286
422
613
236
67
675
79
293
676
229
6
964
933
645
333
451
179
545
702
644
163
328
692
904
234
271
785
949
979
658
58
121
853
907
269
455
980
728
926
142
841
852
122
43
965
939
957
77
573
380
424
410
45
517
870
840
885
605
264
941
829
924
641
710
629
928
109
4
266
363
775
922
46
308
411
59
663
226
544
181
203
950
381
324
479
279
225
858
26
346
252
830
837
940
611
900
296
383
839
57
705
486
481
131
253
731
484
908
7
643
138
135
974
498
167
414
990
510
246
551
606
130
291
700
971
793
14
137
261
283
290
973
587
975
857
570
300
199
826
542
937
515
423
927
204
160
11
983
44
162
421
39
518
297
247
550
214
159
838
662
670
886
972
288
930
634
697
761
574
428
519
806
543
809
224
932
323
981
398
647
991
233
478
205
348
729
83
148
869
667
505
672
431
237
1015
265
506
168
25
743
40
673
374
678
147
794
394
117
446
180
485
245
704
21
456
698
715
821
982
453
72
792
538
1007
161
439
648
390
823
679
487
666
244
341
84
378
822
760
716
872
593
139
52
791
192
302
173
825
395
471
213
256
959
725
627
85
16
586
212
711
19
338
626
457
426
47
364
340
620
339
425
754
495
691
722
432
660
15
621
461
526
558
756
20
625
524
718
406
365
12
659
13
373
496
649
396
497
369
494
617
470
724
682
560
493
687
755
717
438
559
464
656
723
467
429
590
469
372
466
397
468
463
525
370
462
405
401
465
437
619
686
430
683
618
435
434
433
684
371
624
436
685
404
650
592
403
402
622
652
655
651
653
591
654
623
