674
403
346
464
210
613
154
188
731
699
542
460
215
119
162
582
595
293
375
581
276
336
238
292
251
555
580
318
488
627
571
185
441
497
568
237
344
52
645
214
755
762
98
468
585
96
643
596
291
164
690
288
465
402
284
182
761
635
467
404
54
413
260
644
401
3
780
511
524
756
5
201
470
773
650
536
229
646
120
547
377
140
508
466
2
20
454
11
500
152
133
659
626
628
265
701
89
123
337
513
290
476
783
691
287
104
239
484
455
483
1
587
43
607
652
153
514
316
233
18
111
450
317
753
782
57
604
314
217
219
541
490
528
56
141
556
227
634
438
632
495
433
218
294
321
225
168
583
240
400
551
319
356
453
385
173
431
724
156
609
289
677
144
118
702
134
436
163
471
434
493
491
669
379
579
117
31
99
29
44
463
523
196
636
565
147
638
456
730
155
160
539
517
131
181
654
532
14
478
781
220
515
27
395
540
100
658
333
200
624
728
341
358
522
633
545
15
128
21
84
426
560
10
457
203
432
8
697
576
458
329
666
671
383
562
192
25
158
129
543
754
653
688
157
675
112
382
577
656
101
430
82
758
639
113
327
142
9
180
241
273
726
23
492
234
124
664
520
538
546
4
247
435
437
190
409
267
371
159
165
768
148
405
30
660
161
616
380
407
721
548
563
681
439
764
442
564
462
303
425
700
482
665
518
342
230
83
275
760
411
623
606
308
525
657
353
537
451
672
684
378
521
622
673
232
204
207
126
176
485
146
24
573
549
694
704
594
262
617
245
550
369
603
125
352
55
399
396
651
408
244
428
679
384
629
26
487
618
440
510
600
16
509
312
248
381
406
208
334
575
578
588
655
589
574
132
663
263
231
313
412
641
235
719
324
661
127
255
205
720
393
285
772
256
300
264
343
486
322
306
602
130
350
228
584
206
670
410
226
662
236
298
259
257
417
566
398
427
281
533
286
605
271
767
301
42
326
268
277
330
716
283
557
689
202
272
297
516
354
169
776
535
174
544
601
424
682
429
179
534
368
246
765
504
778
296
178
280
686
367
270
339
775
683
692
370
302
221
325
242
678
447
198
421
351
590
243
328
170
459
305
715
366
479
680
480
278
254
777
258
687
323
717
252
714
531
718
177
274
751
340
269
299
507
86
559
769
640
747
752
419
735
736
711
779
746
685
503
750
136
505
80
250
739
282
452
448
138
734
741
668
475
397
143
696
707
743
145
506
713
391
449
194
171
199
710
222
335
706
249
693
109
474
749
310
572
279
311
586
115
530
748
197
137
709
766
676
737
733
338
770
712
477
745
253
389
744
363
738
361
502
114
81
705
742
558
708
307
446
418
362
390
