398
621
480
650
466
226
297
324
68
775
445
437
543
736
651
487
239
494
741
562
488
410
725
118
641
64
535
417
200
707
454
545
413
571
475
713
202
467
565
173
752
766
572
453
695
107
141
649
397
425
460
209
670
732
531
442
668
497
770
469
706
296
739
224
574
636
679
266
522
708
723
750
576
495
415
310
529
441
558
174
528
117
709
564
283
774
743
599
452
280
776
426
747
440
496
502
705
267
677
749
557
444
481
745
414
697
586
424
412
585
676
172
468
678
145
642
474
116
704
530
722
740
418
396
640
613
612
734
470
772
584
746
696
416
282
694
738
144
742
748
744
