529
561
466
530
498
363
497
395
434
562
364
465
593
367
435
658
467
661
399
433
366
396
400
365
625
427
626
659
394
594
333
428
373
847
432
332
436
528
850
362
468
560
341
340
334
851
331
372
660
406
398
684
819
405
397
499
879
374
437
820
693
846
431
531
849
848
301
335
368
716
403
882
845
330
404
307
342
878
302
402
500
1004
426
759
469
422
315
1005
300
614
306
329
662
881
390
746
1006
582
880
304
581
913
714
1011
347
974
429
914
346
810
248
464
813
308
232
31
80
401
646
910
613
844
818
809
508
777
98
745
266
979
865
438
749
16
744
814
504
299
563
540
283
189
389
808
821
713
454
789
536
1003
303
942
776
49
683
816
75
74
945
501
361
235
81
496
615
977
811
715
1010
357
259
1012
17
122
476
709
678
274
473
139
694
472
1013
273
807
760
233
201
272
95
48
768
455
247
779
874
177
58
841
279
507
204
796
252
706
