418
446
198
558
530
502
390
199
475
226
419
389
531
474
338
282
506
171
254
705
228
559
330
253
586
366
447
503
361
114
200
81
448
697
417
170
391
257
734
504
733
310
281
308
328
677
144
145
279
307
358
80
295
363
329
336
174
533
202
771
775
736
299
256
770
388
751
442
501
752
778
773
255
676
411
146
437
311
777
776
779
735
252
410
766
394
684
280
737
132
283
572
678
285
267
368
769
412
440
464
774
627
231
525
227
409
651
268
452
258
562
301
172
173
465
466
327
134
772
708
599
148
26
300
685
177
15
309
302
175
229
468
454
750
360
355
176
201
203
439
621
480
4
272
483
742
519
541
55
478
117
225
456
512
339
24
415
266
340
83
438
322
196
455
31
673
359
462
484
7
16
500
230
745
514
700
385
534
29
395
142
430
189
485
337
111
131
53
382
11
759
84
414
560
22
116
179
431
493
313
511
551
760
496
738
17
396
147
781
588
141
331
344
725
319
756
640
317
10
384
294
672
245
476
729
383
486
316
615
423
20
341
755
32
644
0
21
273
743
59
643
28
318
265
120
397
112
721
27
403
513
357
532
387
374
320
356
561
293
762
321
740
370
343
369
373
135
315
372
342
386
345
731
347
703
