647
614
44
40
444
565
165
39
473
561
416
696
472
669
675
137
224
668
503
446
445
471
41
537
45
408
388
91
300
425
387
474
564
528
590
611
509
79
415
533
89
481
220
443
303
150
47
92
151
510
566
583
221
323
694
666
95
610
329
59
538
451
247
501
482
381
556
283
306
567
618
106
689
399
452
123
449
311
284
527
64
330
257
667
639
391
424
356
591
724
309
398
275
419
193
169
248
105
339
441
80
650
201
272
302
367
380
352
397
386
204
646
719
301
716
704
688
778
508
475
638
87
418
498
589
324
453
697
414
500
652
641
464
130
536
121
554
148
46
562
295
102
447
271
529
619
90
124
351
470
710
60
357
51
581
37
108
43
109
648
349
674
653
717
654
568
360
612
563
325
499
358
540
176
404
369
285
202
726
96
580
469
320
312
643
372
595
94
168
331
409
423
702
174
243
483
713
18
314
353
6
592
48
274
127
126
526
299
56
715
576
511
664
11
88
684
85
160
267
516
317
304
553
486
411
149
690
454
286
190
177
515
104
38
218
682
390
134
328
14
140
63
437
58
1
136
282
203
699
365
49
61
436
318
440
359
232
192
615
431
458
395
354
115
296
99
577
129
258
25
33
270
720
294
119
376
459
197
513
662
230
676
539
191
655
178
555
244
332
722
651
74
780
683
413
263
31
152
54
290
468
711
728
32
15
410
98
552
337
714
718
623
368
241
293
487
235
139
187
427
319
455
170
291
251
316
93
497
188
50
695
289
256
480
113
681
5
496
205
23
597
596
582
625
233
266
237
155
420
198
321
340
97
732
173
327
753
680
640
135
607
661
723
7
9
754
231
727
128
265
700
189
748
22
276
84
776
542
426
671
752
179
548
382
30
693
213
547
0
578
234
373
264
326
574
644
759
171
175
756
81
53
16
598
672
729
478
460
733
731
4
385
111
673
118
740
35
730
141
196
389
593
417
229
476
624
442
734
65
245
55
396
83
167
705
584
637
120
755
665
757
370
29
26
361
677
24
448
172
67
226
502
338
228
525
200
504
132
66
506
774
254
227
255
116
518
68
751
435
336
308
725
531
489
199
735
144
490
771
621
736
142
530
558
559
586
