824
420
808
32
300
476
889
411
883
832
540
730
418
897
37
450
657
140
289
768
193
910
612
504
776
903
559
865
338
475
461
713
745
627
969
260
944
553
280
276
942
993
956
836
112
1013
394
247
758
952
847
512
64
868
67
406
912
427
405
934
364
242
1014
103
428
279
879
905
608
107
626
363
335
306
718
866
432
693
98
709
71
396
800
498
362
779
681
373
738
267
65
334
996
393
968
695
527
751
310
662
1005
965
935
966
759
333
1004
70
96
650
727
535
937
339
134
395
554
807
805
337
368
750
38
778
705
717
68
625
361
336
503
911
752
329
555
749
299
725
494
628
587
525
1001
69
936
39
497
997
429
309
741
999
716
683
340
129
332
102
588
275
298
688
715
526
1000
331
682
726
721
431
747
719
528
748
746
374
160
307
967
530
161
308
998
714
529
689
448
593
330
342
499
556
561
694
594
464
341
562
430
590
720
500
495
589
557
496
462
558
564
596
595
463
531
532
563
