723
435
467
592
492
722
624
460
491
691
686
468
436
655
493
402
656
403
401
754
400
434
370
753
623
687
721
433
690
685
724
399
369
755
404
367
459
688
368
490
366
371
657
437
304
620
305
469
466
336
619
652
524
457
654
432
458
337
303
653
1007
179
4
272
756
489
752
523
338
372
456
785
339
77
599
971
438
335
271
689
560
635
398
488
334
631
718
975
621
505
1006
782
659
784
146
323
569
264
616
637
941
972
480
148
940
591
786
586
797
976
1002
568
29
981
487
692
585
28
950
518
27
265
511
552
225
333
645
47
809
381
481
617
787
109
743
781
551
180
711
365
3
152
465
473
52
537
19
638
514
306
917
485
259
918
291
349
667
439
322
233
770
825
181
985
136
36
908
169
355
273
618
506
520
1018
108
587
301
