39
40
47
561
614
309
46
79
63
503
41
48
45
87
224
416
35
59
44
139
150
533
64
394
444
415
445
752
332
60
359
387
51
408
121
647
565
666
151
49
167
62
360
386
50
379
369
345
668
650
420
473
36
407
501
34
464
436
303
352
66
500
435
431
381
330
443
529
135
58
371
397
148
721
694
368
611
655
388
267
750
740
577
276
398
149
667
13
619
107
684
652
527
315
773
38
247
654
77
257
358
610
404
519
585
351
378
658
165
406
723
437
731
304
380
33
168
504
409
526
263
582
441
6
554
578
656
432
669
763
425
354
88
484
344
405
643
481
85
12
123
242
68
778
331
342
764
215
483
453
591
413
770
699
392
771
583
593
703
471
780
612
370
32
285
659
299
410
458
152
248
631
110
411
546
232
403
275
640
548
592
653
140
294
54
720
399
255
61
520
719
56
457
336
639
283
762
649
220
78
7
690
550
498
11
264
622
376
116
459
776
547
696
31
615
689
414
1
65
722
395
0
644
235
581
243
4
704
613
633
677
727
282
286
155
190
754
580
782
475
308
645
5
201
756
755
196
365
729
95
549
80
18
111
14
15
84
189
53
651
337
244
118
632
227
289
419
671
25
638
203
621
256
648
366
202
97
9
508
470
30
134
198
562
634
564
759
472
423
476
553
733
228
22
711
310
233
673
55
412
734
173
29
200
424
83
702
589
338
170
725
279
172
732
618
502
675
426
81
676
705
396
