557
556
524
525
494
526
495
555
558
492
462
493
461
523
527
587
463
491
588
460
586
559
589
554
430
619
620
1018
590
986
459
429
985
564
522
503
618
490
661
977
535
621
595
629
563
954
663
617
585
596
458
953
664
632
976
631
457
693
597
598
600
630
981
591
496
1017
694
628
662
944
972
599
723
470
471
553
998
982
442
745
727
886
426
987
778
1019
885
584
803
772
947
785
759
665
502
278
489
968
978
425
922
904
410
427
946
997
906
938
536
999
439
696
903
823
916
963
872
967
771
948
917
955
344
862
912
633
980
569
793
1020
915
842
24
374
996
1008
855
443
995
979
601
21
732
428
804
377
936
965
246
622
937
310
921
935
266
3
975
770
890
966
1000
609
424
257
810
207
766
482
859
22
817
835
10
256
224
143
42
193
144
383
893
643
376
730
440
181
225
251
277
611
738
190
51
421
382
949
952
311
792
64
9
811
54
994
844
279
672
515
773
616
101
712
0
167
414
240
752
576
413
132
406
577
695
744
234
175
415
265
728
281
568
905
964
180
53
992
160
614
669
697
179
505
642
580
613
644
221
316
192
481
878
110
65
68
213
848
245
448
306
289
480
187
671
32
854
219
445
667
33
381
701
733
847
542
34
351
86
704
449
189
603
765
521
795
356
218
441
452
23
70
993
945
142
512
155
324
608
25
36
115
734
514
87
552
325
188
516
39
57
380
451
41
798
29
100
131
668
960
753
637
196
220
389
338
214
409
815
871
111
373
485
297
199
758
74
197
547
764
761
412
350
258
217
55
85
239
161
317
678
483
328
729
267
517
913
182
1
174
159
837
84
259
247
56
156
454
475
191
4
375
28
567
702
544
157
961
66
833
779
233
78
134
305
194
2
208
291
253
796
252
860
227
610
760
322
186
639
355
450
19
378
285
286
