491
556
523
587
588
524
722
554
492
555
522
754
490
589
721
557
586
723
619
753
691
620
459
489
599
460
598
565
755
690
720
564
597
724
752
719
502
756
534
369
521
689
688
458
567
786
457
566
336
344
337
596
367
687
535
751
621
376
692
368
630
750
503
785
787
366
631
470
305
400
399
377
718
335
345
471
656
272
784
326
725
757
313
783
424
533
338
208
370
553
312
392
303
304
456
409
618
359
327
408
600
294
439
281
240
360
218
213
239
816
663
271
686
231
585
815
488
202
306
532
212
568
249
782
11
817
263
245
185
717
885
10
657
241
334
262
525
632
186
207
1008
274
215
264
273
789
442
295
483
270
209
219
349
617
788
655
648
449
886
601
293
216
265
61
296
348
917
482
181
537
481
150
805
381
982
7
238
811
855
616
22
649
282
234
172
43
569
6
179
506
474
664
5
410
971
214
54
178
771
972
286
200
289
387
45
695
513
749
30
182
174
226
175
450
187
584
977
93
948
42
909
151
169
167
170
155
579
184
944
415
224
985
280
570
29
382
19
949
257
94
8
165
388
391
110
417
480
60
920
76
328
14
173
812
180
254
538
358
53
227
420
4
853
24
577
1000
546
206
940
62
246
871
255
199
918
111
285
133
793
378
950
51
77
512
921
862
188
166
195
758
877
547
23
680
765
37
739
966
120
876
696
515
86
635
100
1002
109
968
770
28
818
908
939
797
766
665
0
371
941
603
21
802
1
837
101
887
1003
117
697
970
413
733
1018
824
669
69
339
386
9
905
602
243
552
761
741
835
831
59
142
514
145
863
13
416
825
961
830
843
967
27
193
50
919
176
78
87
803
414
604
904
951
894
126
762
39
196
769
931
163
893
160
20
834
201
736
959
953
933
989
864
278
937
164
861
451
114
995
52
123
152
1019
198
440
932
412
798
836
738
799
916
938
292
833
986
701
154
734
323
964
26
539
168
192
79
711
958
383
82
957
676
444
936
609
900
727
418
493
935
928
611
3
899
124
578
829
225
772
143
800
91
44
987
702
991
860
866
571
645
827
983
41
317
46
183
33
322
926
12
140
952
634
675
108
576
670
743
767
612
955
779
990
32
136
156
901
128
857
832
595
703
999
898
906
984
36
930
956
728
884
56
633
838
998
923
131
677
927
636
610
132
929
666
988
903
993
64
211
642
638
867
350
730
550
699
729
2
639
804
302
92
25
895
171
925
125
129
544
880
954
897
773
647
740
844
320
99
256
640
548
896
607
121
992
351
518
228
447
97
353
608
924
443
572
135
963
712
774
960
318
780
83
425
891
105
814
667
854
509
1021
452
68
106
583
868
324
582
258
66
162
141
637
907
707
875
801
643
149
96
671
157
873
826
146
354
934
962
540
889
380
865
614
107
223
1020
668
1022
965
55
138
641
549
840
65
996
708
828
810
674
673
119
1017
516
942
672
269
419
605
130
144
137
615
978
852
644
148
994
581
89
821
662
794
545
795
710
81
732
112
737
997
472
75
704
870
768
679
511
735
922
194
475
629
102
856
70
859
31
973
229
507
1023
80
796
890
580
874
822
40
742
319
760
858
508
127
709
678
969
250
706
613
118
646
251
161
476
385
520
778
267
747
764
705
484
35
288
731
98
700
487
1009
34
85
113
448
698
291
197
551
519
541
268
57
314
454
486
153
134
823
892
477
910
790
411
343
445
115
517
902
58
71
352
389
806
191
845
203
74
478
290
775
356
222
849
275
606
355
325
438
479
287
573
47
84
159
147
232
590
776
453
90
872
915
139
681
266
839
48
505
18
384
190
1016
744
976
38
759
1010
116
485
244
808
792
88
888
878
981
574
446
73
259
842
401
217
869
72
421
67
321
1004
536
103
95
104
726
510
49
357
15
122
407
297
791
361
17
16
813
177
947
158
745
763
975
379
781
846
807
542
841
260
943
777
393
660
501
713
220
233
575
543
63
1001
809
210
848
945
242
1007
441
189
1013
221
913
422
558
912
423
284
746
911
881
714
235
455
205
432
1014
1011
980
461
748
301
237
1012
253
715
204
883
628
316
563
261
248
693
277
230
946
298
974
504
650
682
500
279
346
685
819
1015
820
694
252
311
390
1006
398
310
375
879
247
236
1005
276
847
882
307
716
283
531
473
299
652
653
979
624
623
300
333
426
661
308
347
914
850
683
315
659
469
499
330
309
365
427
627
654
431
622
651
851
428
684
329
559
332
340
402
403
468
658
406
527
591
342
437
526
404
372
362
331
467
495
464
374
429
436
496
405
341
435
592
494
463
373
528
397
433
394
430
396
364
625
560
462
363
594
395
465
626
434
498
497
562
466
530
593
561
529
