281
773
769
366
533
253
394
530
338
310
502
198
504
677
418
279
307
282
199
778
766
308
750
336
705
363
506
419
448
335
770
390
446
145
776
676
226
534
777
173
309
775
252
779
771
257
81
280
285
368
503
703
174
772
311
337
202
704
256
205
765
232
227
231
747
576
469
575
258
548
761
518
630
213
500
687
467
760
341
561
762
496
55
203
272
11
393
230
201
229
313
615
560
544
712
140
225
86
284
84
545
149
516
495
6
32
729
764
273
490
413
286
546
168
241
214
20
543
522
27
755
25
312
204
10
103
671
780
628
640
650
587
600
215
598
274
753
625
717
244
571
106
599
573
614
505
477
572
629
169
247
570
613
422
568
409
633
364
410
437
277
197
12
39
40
13
192
107
49
