562
594
530
532
564
596
495
561
529
462
558
527
563
494
533
463
526
531
395
565
396
628
557
593
595
497
556
590
191
559
496
597
430
534
500
394
528
364
342
58
177
501
31
242
847
409
445
589
727
57
498
626
363
566
629
850
330
880
157
209
362
310
275
208
848
429
144
759
746
408
846
849
726
555
627
393
377
329
241
84
694
426
502
879
309
278
243
236
662
464
298
361
608
427
176
575
913
695
189
112
48
477
295
17
145
503
580
250
190
319
441
758
851
341
13
883
351
24
16
574
683
178
397
267
535
1005
745
107
881
499
860
282
343
9
912
581
276
422
747
1013
123
308
251
237
314
6
125
633
650
882
262
911
38
889
374
221
63
778
315
1004
120
119
602
820
206
22
1012
1000
277
207
247
80
260
392
612
283
376
475
779
819
776
791
952
814
279
671
331
461
525
261
956
734
95
428
1015
576
713
516
161
172
444
775
37
360
588
18
661
540
712
549
228
219
996
229
573
39
821
1011
66
548
1021
605
299
203
728
448
98
725
89
23
703
71
714
836
160
211
679
716
507
1020
818
582
1022
328
425
246
603
188
865
79
195
868
577
1014
440
682
808
129
173
681
289
998
139
175
817
126
346
693
719
863
210
914
859
56
767
187
140
217
760
944
614
665
280
539
811
897
945
807
800
989
572
205
789
375
373
49
420
579
307
197
216
827
509
65
34
993
296
878
905
979
578
332
832
293
696
474
741
790
744
640
664
286
837
892
81
607
231
615
33
634
174
554
170
777
32
7
545
67
388
442
884
910
866
70
735
792
135
890
748
999
888
476
53
997
990
720
844
248
894
90
709
74
874
194
258
220
165
517
186
934
857
274
12
391
974
609
141
806
266
380
88
1023
193
875
867
417
327
321
357
953
833
204
64
925
134
102
311
805
706
751
543
643
198
764
1001
567
845
673
447
700
824
861
453
50
40
571
316
647
42
227
757
995
613
853
297
705
991
1010
969
864
542
641
877
923
1016
919
762
799
385
977
601
41
105
353
356
544
828
326
55
936
610
649
955
150
876
717
75
937
454
541
929
156
625
852
796
858
942
359
697
968
111
413
263
184
350
611
239
965
973
294
959
970
938
967
68
547
773
702
804
46
639
235
964
736
103
768
943
268
704
240
672
158
