563
564
556
562
595
588
594
557
555
521
589
553
531
596
535
530
532
554
534
489
503
522
567
561
996
523
565
566
502
849
759
490
881
498
850
533
882
499
552
529
847
880
585
795
963
752
491
720
520
995
914
751
730
745
524
848
536
568
367
998
776
792
368
471
777
209
727
879
791
504
600
335
750
779
895
336
961
828
846
400
210
883
362
812
586
758
778
796
818
601
749
878
332
851
633
702
500
331
242
1013
721
964
746
860
817
808
815
113
278
632
999
765
146
584
823
997
337
671
593
1010
809
472
311
106
946
811
145
201
1003
29
234
790
717
719
747
333
458
114
409
827
277
330
913
816
587
664
753
177
780
760
310
979
935
835
844
726
824
912
1012
28
81
903
537
241
334
344
82
1011
363
376
965
178
208
87
992
934
118
105
119
689
741
978
748
41
703
977
139
947
915
49
928
819
439
569
599
735
31
697
966
843
54
150
1001
701
440
813
23
120
814
144
6
60
665
170
88
343
152
733
962
501
301
931
279
399
734
613
275
696
732
55
713
50
709
783
473
86
329
17
929
102
505
176
810
165
714
945
670
389
1023
243
151
1002
538
274
258
420
408
306
766
858
30
247
608
820
219
960
0
5
948
62
307
1009
877
943
1021
108
492
646
361
388
604
354
304
781
321
27
442
357
198
390
789
284
220
39
377
324
298
1004
69
889
240
612
839
140
698
508
884
412
297
740
891
980
185
920
944
257
300
509
104
216
859
121
280
215
157
4
476
356
353
558
22
744
1020
221
166
217
731
101
352
1022
899
785
322
922
112
18
762
864
74
410
80
246
926
784
782
975
229
525
441
70
488
981
197
37
540
196
141
323
539
954
871
645
16
925
342
541
252
375
764
1
407
2
248
73
572
260
339
100
497
477
548
132
312
419
582
694
153
315
83
147
971
452
527
989
290
325
93
516
803
251
772
976
933
188
228
543
89
1019
65
276
421
134
570
21
445
42
57
61
107
449
38
738
804
155
299
10
211
182
133
845
292
3
695
797
678
187
578
897
444
253
1000
305
358
1005
381
245
606
942
872
739
271
63
351
261
580
262
773
156
887
239
259
836
715
207
767
544
103
68
320
549
109
911
985
506
607
218
90
610
136
124
576
95
289
71
244
829
127
894
834
359
291
798
991
742
771
842
273
226
214
550
801
269
484
99
91
51
853
805
142
186
614
233
643
92
974
98
448
511
40
987
231
480
302
36
164
802
453
642
110
316
602
268
800
611
865
901
96
66
138
892
478
94
644
183
380
953
707
822
832
34
283
769
190
890
309
19
235
385
507
203
53
840
249
230
483
852
154
179
988
838
833
26
374
350
222
910
123
392
512
675
417
282
266
416
265
64
8
72
47
736
48
870
189
384
308
223
293
551
393
583
131
577
450
786
581
902
117
904
716
387
763
191
481
1008
485
737
206
35
573
194
688
227
59
479
125
706
799
347
263
609
250
77
482
225
345
193
418
288
641
1006
868
169
15
97
143
546
128
542
317
518
867
285
326
294
386
916
574
705
1018
159
58
474
841
199
32
821
571
75
579
406
379
115
130
972
286
443
919
956
287
7
787
873
202
869
575
338
25
162
674
382
378
519
888
272
952
728
20
349
314
195
46
254
413
56
67
807
957
875
517
863
184
528
24
224
857
355
149
270
172
318
267
788
256
876
383
866
212
673
605
340
861
281
855
921
341
456
513
672
710
232
454
636
295
14
918
79
135
718
391
973
896
514
959
204
856
924
958
967
76
163
955
729
348
238
360
700
414
704
319
451
475
85
676
1014
515
631
893
874
666
640
200
510
328
171
1016
205
192
560
447
457
854
768
411
708
1007
346
237
9
770
173
990
78
175
446
84
637
682
625
236
415
825
422
663
122
526
950
677
993
545
986
44
111
52
158
603
761
994
681
938
547
923
862
13
826
137
313
213
167
626
969
487
168
424
775
129
255
941
837
616
126
680
909
33
885
181
1017
754
45
160
907
917
366
939
668
116
669
373
900
303
831
940
161
711
174
936
937
757
180
886
486
898
615
296
423
932
597
927
667
647
432
951
755
43
638
679
657
830
327
906
264
639
806
455
369
148
949
11
662
425
661
774
693
617
970
459
620
712
908
635
634
984
12
722
743
438
725
470
905
690
628
648
756
968
559
793
621
394
627
649
982
364
699
598
465
493
983
1015
930
496
590
460
372
426
658
794
495
630
687
365
433
466
683
464
494
629
405
371
401
723
395
656
724
427
467
468
461
650
431
660
619
469
691
437
370
692
618
686
428
592
398
624
435
434
436
684
404
685
462
591
659
652
402
463
396
651
655
403
430
622
623
429
653
397
654
