422
46
38
193
306
761
107
88
642
106
277
37
47
105
670
78
62
48
49
276
50
104
392
41
305
703
110
420
304
34
416
675
166
773
192
674
278
248
72
90
723
194
108
394
136
223
75
35
337
224
73
71
443
376
371
173
334
249
393
63
45
12
284
347
36
722
116
534
365
499
760
375
197
348
220
432
209
13
61
92
191
94
647
250
273
414
370
87
505
753
40
312
281
251
113
343
133
369
172
60
70
74
137
497
51
42
349
648
724
536
135
97
379
772
592
477
221
421
320
468
423
620
39
438
219
247
707
333
181
397
427
201
335
364
386
287
459
445
717
387
449
775
222
3
76
403
575
587
119
444
52
434
532
462
398
433
117
498
122
382
774
77
548
441
292
741
436
431
467
547
96
385
164
574
208
262
404
469
463
411
182
596
442
58
98
230
472
617
679
487
579
95
190
150
604
99
450
315
409
645
341
413
229
236
549
32
496
779
54
538
526
140
470
138
377
175
342
633
383
588
686
415
280
677
295
781
195
632
227
149
688
649
395
765
309
64
709
426
595
384
260
357
288
293
321
514
352
476
123
66
544
577
147
57
203
545
485
593
758
607
322
245
553
17
701
542
762
33
644
28
537
157
43
729
407
27
533
780
782
783
353
327
643
616
657
437
112
82
244
6
769
406
728
551
188
691
9
351
380
713
527
344
23
132
699
5
523
168
319
231
11
378
316
508
546
439
510
235
626
69
381
91
19
323
430
400
755
580
67
635
659
300
165
522
525
482
93
163
555
396
176
161
120
540
167
615
21
20
481
511
725
408
1
435
412
567
757
25
619
121
2
141
509
500
18
85
399
727
324
29
111
56
84
0
634
196
233
410
730
562
471
453
625
473
144
591
756
561
53
59
698
726
7
646
79
759
554
68
22
31
637
610
454
624
488
355
83
539
614
148
202
388
200
460
528
563
151
451
298
329
359
651
142
731
118
358
15
336
478
297
425
565
564
65
732
664
257
139
328
14
621
618
228
254
330
665
611
308
170
740
702
559
529
360
417
695
590
501
226
586
198
584
282
389
531
171
612
447
419
734
391
80
503
697
558
475
474
446
418
