492
434
659
624
685
655
652
402
660
592
491
435
623
620
466
467
686
304
656
401
272
524
654
460
619
271
816
523
433
436
691
366
493
437
817
653
400
490
690
403
489
459
399
815
784
621
303
722
782
457
658
468
369
469
370
678
470
753
818
458
522
367
813
710
404
398
4
505
537
598
591
631
819
618
941
305
940
822
569
538
47
599
109
52
622
809
711
946
692
438
77
977
43
648
439
552
179
506
743
723
520
207
585
44
359
131
645
661
560
73
371
473
83
632
345
600
586
376
82
456
27
783
617
729
687
754
698
843
899
803
755
583
291
932
29
175
440
521
976
407
225
488
3
240
148
487
510
951
908
646
616
10
1010
657
511
344
551
110
358
785
76
568
327
909
780
684
86
570
54
2
264
518
611
36
939
933
835
0
348
326
918
876
133
11
971
210
28
313
323
142
697
797
100
239
553
950
254
390
171
928
108
104
212
845
181
99
117
834
761
786
59
907
852
480
733
724
770
391
154
514
194
455
424
200
226
130
877
787
756
91
281
584
949
651
199
238
132
975
201
317
1007
235
408
481
900
384
1009
642
163
471
196
180
788
550
252
635
679
885
152
72
479
644
322
630
186
740
927
121
92
432
143
188
224
669
844
629
536
472
677
128
381
601
482
772
167
192
255
350
101
696
234
19
111
1002
891
781
146
637
85
230
609
485
802
155
765
921
265
349
801
124
151
285
61
992
699
164
153
312
414
513
360
896
675
25
244
925
960
972
382
707
673
812
49
1018
169
702
87
766
842
978
962
667
318
233
1006
423
676
893
519
486
290
5
701
961
166
546
986
922
737
571
798
664
114
674
204
41
478
392
256
504
21
183
882
732
830
375
93
985
287
269
991
449
959
958
386
641
116
915
197
328
881
174
421
829
957
74
78
355
149
136
253
218
680
994
103
284
728
60
227
739
50
465
983
412
987
213
610
639
1019
789
831
771
670
211
223
215
263
79
578
790
926
249
410
1023
760
712
245
895
454
647
51
106
577
316
606
672
452
666
638
232
198
288
214
963
981
1003
113
94
451
541
182
193
742
141
15
862
162
354
810
517
122
988
159
68
416
945
286
547
1011
930
990
222
7
982
704
387
864
856
257
413
168
984
757
931
97
379
35
886
875
700
736
294
1017
820
894
273
544
158
823
368
970
1016
828
545
139
30
297
929
206
447
917
484
849
668
127
383
512
614
515
415
898
735
75
335
613
825
995
105
636
450
643
861
799
706
170
539
901
604
208
20
95
582
205
209
738
969
185
989
372
966
855
708
118
150
442
508
353
581
90
767
378
26
48
266
138
443
542
935
973
965
55
389
980
70
640
543
446
1020
120
979
45
734
419
259
8
671
53
1001
974
258
993
964
665
703
839
763
1
126
296
115
796
202
147
203
1008
968
474
453
397
938
123
1021
605
554
261
567
955
190
769
764
69
573
1022
548
1012
380
634
863
156
579
89
731
292
576
948
347
325
125
417
914
320
1015
311
176
221
251
62
572
919
425
804
422
840
88
814
997
357
276
999
352
607
315
119
954
217
705
187
663
39
549
943
388
967
768
365
1004
444
277
319
377
40
343
346
195
137
65
483
867
14
173
841
246
934
157
219
649
953
262
189
293
575
81
1000
268
248
441
84
71
833
887
411
356
418
66
1014
63
42
574
996
98
314
385
792
324
602
859
236
902
1005
998
220
603
566
321
947
924
832
231
1013
420
9
250
96
897
31
37
140
191
102
773
916
612
229
334
216
540
476
237
184
615
165
923
445
228
351
502
709
282
884
172
135
283
32
448
744
920
853
794
80
6
559
112
247
338
64
516
580
870
848
336
608
854
838
280
910
793
633
278
718
811
888
129
774
509
906
826
904
160
134
46
67
337
409
936
866
937
865
243
329
289
507
295
869
33
944
178
107
393
775
878
725
12
300
892
913
301
477
267
590
260
751
34
903
339
824
850
730
762
872
800
868
309
795
777
851
956
942
270
912
752
144
177
161
890
361
871
836
38
362
56
279
475
873
860
145
527
883
428
241
821
805
858
58
874
310
846
808
693
22
837
302
18
857
889
695
879
16
565
791
23
274
779
525
333
306
716
741
880
426
827
57
24
17
758
299
374
750
501
911
806
681
713
406
298
242
952
427
717
330
749
776
807
719
627
905
587
534
332
503
625
688
721
745
461
597
340
535
555
847
405
13
307
331
341
558
533
650
715
662
747
556
588
394
464
308
373
275
500
748
396
364
626
727
689
778
431
682
683
363
494
342
429
498
628
759
714
726
495
395
528
499
589
720
497
526
746
694
593
430
496
557
529
561
532
596
530
564
595
594
531
562
563
463
462
