565
392
440
239
240
408
533
376
1010
238
186
817
816
660
597
154
598
207
155
659
407
680
249
977
188
230
566
360
455
48
199
881
583
91
501
208
849
124
630
270
470
629
424
151
710
927
375
819
661
692
262
743
946
175
653
93
815
658
153
345
200
818
914
197
611
327
359
171
391
761
885
584
711
646
550
198
344
971
733
1011
510
991
696
870
654
648
502
913
348
384
978
848
618
326
882
925
534
928
729
206
179
959
766
546
49
699
142
27
1023
679
82
875
702
622
281
839
1009
907
241
570
194
669
877
765
684
1018
856
4
826
678
560
783
900
637
850
872
511
886
196
44
110
471
514
473
167
423
774
825
218
945
111
712
61
73
798
797
921
182
169
992
317
254
235
788
840
269
313
581
282
899
975
876
677
843
83
830
59
838
609
960
577
831
538
537
273
209
1002
183
481
673
261
578
524
962
990
635
506
212
518
617
940
632
820
663
201
143
790
901
932
941
803
170
43
520
517
225
701
793
859
893
226
896
647
675
591
961
77
439
252
29
181
323
918
130
541
789
187
844
30
176
79
2
291
76
480
871
845
426
52
522
986
99
891
939
837
674
601
642
644
86
328
358
742
829
390
251
25
902
131
698
60
224
908
794
707
318
909
47
263
645
438
571
1019
904
41
639
740
576
957
972
651
3
521
264
425
513
54
787
569
0
100
994
479
10
951
919
545
813
822
371
227
482
192
28
322
732
582
852
122
670
149
294
128
985
50
835
11
842
478
109
1007
664
250
215
888
253
472
773
1006
685
780
770
976
697
933
873
894
641
447
210
412
204
350
567
895
728
880
421
354
1003
802
87
166
700
232
804
806
600
185
237
449
672
152
397
869
580
983
579
174
548
180
9
739
195
926
286
164
219
211
858
163
857
706
771
757
486
949
649
958
74
801
855
551
737
203
544
508
353
7
828
382
454
15
168
485
193
867
125
970
244
229
287
887
1016
931
386
255
223
547
114
32
963
614
922
256
21
989
53
66
615
106
312
55
734
416
97
846
5
851
257
234
132
916
133
613
938
549
934
834
610
539
995
35
676
930
760
8
65
85
288
413
767
214
920
575
874
667
988
236
162
414
159
377
862
417
141
915
987
285
917
640
72
231
217
101
841
493
104
314
703
955
736
75
64
671
316
290
964
258
108
325
861
36
319
33
90
836
775
542
119
608
969
505
136
80
1
202
612
643
906
146
814
512
604
953
884
117
302
735
993
296
1020
772
415
165
948
410
103
864
515
105
98
16
221
984
965
474
929
78
213
121
177
923
892
832
228
389
791
811
94
42
284
71
543
349
668
178
444
70
380
465
950
51
320
519
812
638
763
652
966
113
704
452
205
792
84
222
1022
81
173
744
898
799
1000
398
387
40
997
297
484
1017
383
6
487
1012
665
883
572
1001
606
381
777
943
973
605
365
808
868
805
979
968
1008
139
14
293
266
379
853
355
796
627
147
292
1015
996
96
889
954
19
982
34
135
453
897
937
138
352
974
552
443
17
95
442
999
451
809
245
762
433
37
233
129
396
847
890
947
650
89
289
1021
172
878
516
150
738
422
346
776
107
666
148
38
259
709
769
585
980
786
745
833
860
69
866
821
137
321
574
903
378
134
450
935
220
573
102
39
1004
981
758
295
764
145
418
540
92
315
905
924
536
602
420
243
372
795
633
409
161
26
708
616
446
823
705
242
476
634
160
116
62
626
385
441
260
879
388
827
265
12
910
248
118
865
810
768
998
20
936
343
274
283
56
448
603
944
45
713
854
246
731
311
357
46
525
607
88
277
784
1005
824
189
730
419
68
18
184
636
912
394
942
507
347
271
268
370
863
22
800
67
112
621
586
967
140
191
395
523
483
280
324
216
1013
411
351
190
300
469
123
727
57
445
952
693
158
683
276
24
568
356
278
779
144
156
631
662
120
427
599
406
741
759
681
695
475
126
393
625
23
115
1014
488
247
628
428
956
504
807
781
301
267
437
429
402
782
157
405
477
401
127
272
63
497
457
31
509
724
553
756
279
13
778
456
785
691
590
593
461
751
466
489
373
458
687
690
561
529
718
310
535
306
686
657
364
58
911
329
338
430
717
725
363
503
303
682
554
750
299
432
559
361
619
333
362
335
749
726
334
309
716
555
558
623
404
304
620
498
490
298
305
339
528
526
752
434
459
275
746
468
587
747
748
366
715
332
462
337
719
755
340
557
592
331
722
369
374
336
588
494
594
307
714
527
399
367
688
460
368
330
403
308
721
694
431
753
342
754
467
464
689
530
655
562
589
556
500
400
723
436
499
341
656
720
492
564
435
491
624
496
596
532
595
563
495
531
463
