251
661
349
257
407
189
287
371
152
486
112
267
228
381
297
458
432
403
500
672
720
455
716
179
412
752
710
372
530
745
264
520
182
272
296
577
700
680
300
548
83
405
111
186
196
576
233
213
395
748
141
774
342
315
457
261
288
461
319
460
321
406
462
430
175
350
318
165
202
227
682
357
370
268
575
398
473
220
603
20
756
759
325
326
742
693
417
181
215
746
427
377
383
413
426
725
212
345
9
402
688
214
464
236
4
323
209
207
713
770
31
550
293
327
241
270
28
243
643
269
262
353
736
80
730
419
16
615
235
292
249
492
749
0
633
146
237
385
373
375
578
211
744
216
177
74
84
24
547
379
463
757
777
200
253
7
210
782
440
26
658
428
1
148
98
384
263
714
351
729
201
355
328
380
781
625
754
495
11
681
475
29
776
604
174
728
434
600
552
598
592
737
401
119
617
388
192
732
723
456
56
420
565
55
176
526
376
348
308
134
132
642
574
291
298
316
571
378
673
307
767
619
741
255
15
471
242
169
81
130
674
324
718
546
164
149
221
536
501
14
404
131
735
650
22
549
553
743
498
352
499
659
43
163
771
632
433
711
496
524
631
277
649
347
738
605
240
256
747
715
346
96
731
448
135
289
337
306
702
559
562
369
502
170
362
390
295
523
271
317
356
686
290
368
477
226
697
299
505
254
114
491
423
722
421
561
709
765
721
750
564
248
534
197
198
740
778
336
415
504
250
772
374
768
733
276
533
414
334
424
660
472
199
397
320
708
281
311
618
766
651
447
416
468
145
779
194
425
734
442
441
497
444
393
478
222
589
679
450
366
469
335
646
706
707
116
42
687
531
525
506
703
563
422
173
144
282
470
396
363
647
418
535
171
338
394
704
648
443
107
670
279
675
769
172
283
446
678
310
773
305
705
676
474
677
67
