676
823
300
842
317
895
30
622
108
386
110
674
666
701
234
352
795
902
416
324
1019
802
182
202
407
122
584
455
383
992
583
412
45
893
829
2
794
257
708
484
761
793
843
954
937
815
124
154
970
72
142
15
773
387
769
117
358
91
804
143
20
646
816
504
76
244
731
8
994
739
963
162
87
21
968
159
114
96
185
85
378
715
670
320
508
218
515
164
421
138
213
738
325
147
151
831
238
184
94
287
344
14
130
969
99
920
604
943
977
938
347
858
672
707
806
924
966
163
988
717
410
196
737
512
680
730
62
158
292
69
25
239
936
720
931
50
90
900
973
930
294
118
964
245
965
550
751
862
106
1010
796
46
762
150
959
472
967
1016
570
909
156
240
478
541
389
768
729
736
704
263
353
155
798
126
447
55
111
274
248
547
542
102
385
625
75
41
610
923
955
1001
544
350
40
356
186
53
828
216
799
198
68
857
805
702
134
929
543
95
567
413
220
611
824
423
7
942
105
12
764
235
700
103
991
639
88
919
861
311
23
253
390
995
326
268
1023
380
454
874
18
316
697
125
190
332
588
417
757
297
359
81
227
231
64
63
705
864
286
217
953
357
135
49
476
571
453
204
641
719
74
141
165
525
925
321
280
890
22
193
673
894
6
42
170
38
649
990
89
643
56
601
246
266
9
853
509
33
34
888
70
706
187
607
119
613
258
39
867
892
572
735
123
905
194
67
554
999
189
32
188
307
833
827
647
71
388
934
997
812
58
24
792
327
174
875
293
79
331
296
442
373
346
837
277
140
709
210
989
634
205
609
974
37
517
276
211
545
993
65
375
741
539
139
247
876
191
219
859
391
120
57
877
129
693
160
31
540
605
1022
173
221
299
175
866
279
425
578
507
197
807
852
80
696
863
664
640
474
767
1014
428
716
603
1021
665
289
440
615
1020
283
444
157
420
84
203
579
178
261
229
343
682
790
800
251
328
573
979
397
725
998
314
17
351
98
777
956
734
661
461
172
145
308
66
315
161
832
107
703
868
897
262
195
475
760
392
577
808
260
319
1011
282
884
865
13
836
243
360
744
250
683
278
376
112
1015
207
845
789
748
614
237
228
728
448
206
574
582
477
952
671
275
16
549
889
516
910
996
681
650
374
791
176
427
1000
310
1012
548
775
48
309
341
602
1013
426
267
144
712
633
441
679
860
713
298
575
612
714
422
361
945
499
535
844
778
555
776
295
408
576
445
817
209
236
878
377
363
1004
241
503
814
944
914
329
747
779
811
208
662
745
818
581
758
1005
821
393
695
330
362
177
580
364
559
627
242
502
342
694
409
429
629
726
746
566
589
501
759
608
819
590
498
394
820
882
727
626
464
396
911
883
881
395
912
500
556
526
558
851
628
527
557
913
534
597
879
528
593
846
430
595
849
850
565
533
880
848
494
497
596
496
495
847
594
563
463
531
561
564
532
462
562
529
530
