319
164
116
126
349
341
275
0
599
172
703
132
23
522
37
535
606
266
384
368
411
458
666
577
268
694
53
548
343
615
286
327
439
34
258
547
440
123
495
314
99
437
614
448
776
102
774
29
328
19
1
347
633
685
751
190
111
670
763
342
199
778
689
750
403
21
699
609
629
35
200
58
470
245
364
257
141
642
658
430
467
127
205
315
762
16
388
225
370
206
734
777
773
637
451
149
375
309
232
227
125
618
780
312
527
438
469
101
604
2
295
157
296
310
207
189
352
720
148
723
331
239
124
732
174
715
530
755
338
215
385
769
176
781
18
337
644
697
351
110
716
676
280
727
226
761
33
8
187
668
425
234
683
129
764
497
45
261
396
779
682
269
443
419
719
57
754
686
20
204
38
632
502
84
775
150
675
203
584
25
241
441
672
729
759
202
213
360
154
365
284
238
393
185
242
5
704
711
240
55
404
211
83
681
229
587
673
214
678
757
307
733
366
182
680
183
173
235
498
201
323
303
236
476
27
758
674
718
17
677
760
353
728
254
180
231
700
401
717
100
233
253
61
163
713
24
749
265
260
279
382
73
244
160
293
613
198
701
730
282
336
756
679
15
714
308
374
274
311
752
281
747
551
210
501
426
748
392
325
783
26
445
491
466
326
772
431
175
246
230
109
506
782
687
255
22
158
82
259
177
344
85
753
54
726
725
429
294
188
605
155
47
698
243
742
224
391
156
3
237
322
321
765
339
13
503
46
731
181
688
710
706
217
520
398
153
356
208
389
702
252
299
209
81
178
80
152
705
128
10
30
186
179
140
560
432
746
131
324
465
272
539
743
667
542
212
669
478
468
262
735
741
139
712
739
745
744
159
413
112
561
228
435
270
168
463
52
273
369
738
405
298
340
709
196
216
593
436
316
464
499
407
736
397
766
184
271
612
194
32
707
771
151
88
166
534
740
737
387
427
162
641
390
6
409
457
256
695
49
301
536
665
355
447
332
300
585
78
165
48
661
108
410
521
395
639
195
582
330
433
63
264
302
708
383
329
583
490
130
306
768
11
767
496
494
74
541
423
634
770
493
50
610
408
418
434
359
406
691
424
292
492
479
51
297
283
519
420
690
546
9
628
361
489
318
721
277
452
305
357
386
480
59
545
62
543
446
563
290
41
508
249
471
263
363
334
428
193
664
362
39
75
358
475
559
540
40
518
222
722
278
221
453
335
538
289
333
138
488
250
591
509
223
79
692
291
394
76
317
611
590
473
565
544
511
510
537
504
487
454
251
472
474
517
481
455
456
531
533
483
512
486
485
482
514
516
513
484
515
