334
675
306
277
305
670
642
276
449
477
248
71
505
197
362
723
46
193
251
72
724
192
450
247
647
88
761
304
422
722
104
74
41
73
639
42
75
38
249
96
421
78
37
335
674
275
94
709
638
92
97
333
703
138
136
585
719
43
669
610
219
221
224
108
420
437
613
392
704
45
169
769
106
278
648
12
47
191
634
444
250
686
223
76
40
633
105
636
36
536
34
137
472
689
661
635
641
156
713
284
90
631
690
685
79
592
63
538
681
39
393
676
663
606
649
49
569
556
107
684
659
609
637
582
98
465
113
660
162
715
666
753
312
243
717
408
711
611
691
394
662
682
760
155
688
664
215
407
694
778
683
777
281
82
581
665
214
552
289
680
615
396
185
699
27
287
112
140
424
32
280
8
370
497
377
180
643
28
252
19
644
369
258
315
395
755
318
286
386
384
423
83
513
262
366
457
111
455
573
341
478
517
316
514
489
515
488
485
516
