266
399
454
398
428
455
426
427
429
371
234
574
410
735
456
575
534
290
630
438
602
603
289
425
411
137
333
71
453
748
483
484
604
424
734
190
233
686
60
678
699
546
7
108
504
396
62
507
35
729
412
36
705
362
777
547
457
39
11
440
166
38
317
29
330
475
253
40
727
368
13
80
272
83
219
661
196
88
751
295
767
335
3
662
593
221
85
274
707
28
479
170
195
50
75
510
303
332
37
143
342
775
107
57
725
302
23
591
452
43
732
511
757
677
695
61
109
19
752
481
340
646
89
245
640
770
769
722
246
621
136
132
639
584
178
175
189
160
638
666
151
56
637
612
667
59
216
783
22
331
134
72
44
188
305
217
634
747
609
74
129
130
406
608
220
153
154
155
321
538
379
276
544
248
352
409
408
