46
47
48
67
66
38
64
224
68
50
91
35
90
223
51
166
65
37
60
63
75
87
73
445
387
49
79
76
78
62
71
72
45
77
34
92
107
473
88
360
70
74
591
36
167
195
97
110
619
611
61
365
614
69
527
647
422
416
349
642
376
392
41
13
139
193
108
555
59
89
529
359
420
610
58
39
528
105
592
40
348
397
12
472
554
499
388
605
637
347
567
251
106
326
119
102
328
620
96
33
178
556
578
542
646
172
581
569
583
553
432
444
580
103
723
354
398
511
648
377
404
570
433
206
597
262
372
161
667
608
513
423
595
485
332
98
427
732
575
440
104
451
508
598
571
179
428
364
234
93
120
606
552
498
501
52
443
100
471
154
627
201
54
582
175
699
607
147
229
599
325
142
5
561
690
353
381
702
526
369
159
220
144
541
429
691
639
635
375
536
128
3
481
512
755
157
415
165
593
408
625
596
664
99
695
32
497
28
568
358
645
783
652
453
644
261
370
200
371
160
135
352
450
2
674
725
405
626
118
399
18
539
207
117
403
17
331
192
636
7
19
492
292
688
425
158
355
304
468
0
152
20
380
141
1
400
191
540
489
6
669
140
289
407
727
726
756
124
85
757
113
476
57
524
509
343
333
701
698
111
631
44
414
510
303
666
478
519
577
780
484
603
728
782
8
500
56
11
657
435
514
634
116
329
550
753
457
426
731
665
21
643
729
156
537
163
638
14
467
521
483
31
697
576
379
469
730
653
10
151
23
225
491
233
101
488
574
123
470
615
538
522
317
630
126
616
649
385
203
190
628
155
584
436
43
382
493
618
454
168
495
609
22
523
602
318
383
658
25
196
327
29
438
441
149
564
53
632
129
543
15
291
461
761
455
112
406
309
482
316
560
758
684
356
131
671
273
551
153
563
84
613
604
660
656
781
27
290
230
409
320
565
460
337
378
623
401
624
82
515
284
204
314
235
133
494
545
754
700
456
759
218
127
275
299
30
9
344
434
125
431
654
532
395
672
458
260
617
557
763
633
479
330
265
663
562
315
437
288
650
490
413
573
412
373
681
546
439
384
579
518
694
4
176
247
430
673
662
298
342
227
300
465
121
287
350
83
566
590
164
24
463
181
594
312
319
464
205
588
621
228
346
324
486
442
244
622
525
760
245
301
411
703
313
386
16
587
774
237
517
589
148
547
188
173
659
402
341
26
762
670
162
520
496
417
722
661
466
177
549
263
180
232
655
548
612
55
130
321
219
231
259
629
322
720
268
132
447
600
651
217
683
241
215
146
170
226
185
686
271
410
211
257
487
295
239
214
462
679
692
297
169
183
675
272
264
396
507
210
306
682
716
393
302
374
689
334
687
184
174
95
286
208
717
336
202
221
351
187
182
531
345
266
278
772
601
243
236
544
240
459
285
480
276
585
246
715
250
293
248
256
641
189
296
150
768
740
775
212
340
391
238
714
294
559
270
213
122
696
138
421
535
367
274
680
424
719
267
323
255
269
143
134
685
419
764
339
475
724
677
277
258
283
249
516
209
767
704
452
186
668
357
198
86
721
308
280
254
394
534
115
449
389
361
776
718
368
777
136
252
42
305
778
771
773
533
504
366
281
769
