590
474
670
362
197
446
477
96
449
676
283
618
171
696
646
306
647
675
505
114
390
705
311
115
143
708
334
169
44
472
589
557
221
305
450
335
473
418
531
89
563
137
648
363
421
706
535
707
744
92
591
256
81
43
566
712
95
668
447
80
724
282
251
109
118
333
709
529
702
710
138
117
130
222
249
669
556
471
165
564
170
693
72
689
391
361
726
145
279
74
741
193
91
144
779
444
745
507
94
704
123
558
307
502
199
713
743
583
451
748
506
747
610
86
475
443
569
255
698
127
425
388
733
125
685
174
228
98
746
614
113
717
568
749
619
559
124
767
711
243
686
718
567
525
719
162
738
119
642
90
580
470
99
310
528
742
254
97
274
201
108
194
424
393
565
766
607
126
753
639
592
611
389
662
142
173
396
659
42
400
192
441
346
202
714
452
100
448
216
268
104
478
536
440
267
399
523
259
460
461
223
379
56
348
674
120
499
16
93
272
172
684
582
728
578
403
677
76
716
636
538
277
697
617
128
122
469
354
246
683
649
581
673
594
437
667
663
571
765
503
688
777
720
415
497
715
498
158
570
239
14
408
250
302
300
231
186
671
230
278
237
778
537
509
367
71
682
442
1
633
739
284
299
236
554
553
234
147
339
782
641
163
595
768
552
244
25
238
758
416
73
188
479
730
82
588
55
185
657
322
351
160
131
626
148
30
701
121
198
261
414
205
312
134
638
700
740
401
737
754
510
495
632
520
324
235
658
757
295
22
4
635
141
190
266
409
209
84
31
321
257
604
630
211
149
526
601
301
602
407
783
573
661
629
258
431
26
687
548
575
326
660
102
596
189
352
203
200
349
154
275
606
159
433
579
760
206
752
731
628
631
465
380
214
574
468
381
136
770
577
550
24
603
85
695
521
645
220
462
597
599
576
493
180
413
240
338
426
226
150
625
382
672
271
29
681
323
233
656
735
151
508
217
494
598
600
298
412
328
0
402
436
140
759
405
327
376
458
781
18
375
75
15
434
7
176
11
6
623
429
560
729
325
54
225
215
411
168
296
286
337
480
101
562
52
761
547
501
8
620
303
410
79
522
208
519
232
624
459
57
524
207
609
634
539
476
157
374
561
353
435
5
20
347
294
438
555
622
432
9
23
264
320
260
187
229
129
439
53
155
242
28
467
17
218
146
385
527
164
270
540
457
227
204
692
10
213
616
734
273
19
356
112
280
546
32
384
33
605
771
2
584
664
373
210
466
772
492
262
608
27
419
65
621
694
680
182
727
83
152
644
3
430
319
769
491
183
627
330
153
572
780
156
549
340
253
21
422
551
453
613
219
191
350
637
269
428
293
615
248
195
70
132
532
111
212
297
545
541
398
699
345
723
355
463
652
776
265
378
650
245
756
344
314
736
364
58
329
585
383
175
61
775
404
370
612
423
247
690
764
377
755
372
196
285
464
224
482
496
179
445
640
45
666
343
500
64
263
504
161
643
417
241
184
530
366
116
397
406
178
252
288
12
691
593
654
665
732
51
454
481
543
542
371
653
331
721
489
679
316
534
37
750
133
287
181
655
395
511
427
369
722
488
587
292
490
290
518
59
586
365
651
291
87
483
69
60
318
678
315
304
67
368
342
533
177
103
105
341
763
773
106
332
36
110
336
308
762
88
13
387
392
456
544
309
289
455
77
386
317
276
139
49
357
512
78
39
40
487
166
358
34
313
281
751
41
50
725
68
517
420
38
484
167
774
485
46
62
47
360
486
35
48
66
