590
474
197
446
670
362
171
618
646
96
418
283
647
390
477
676
696
449
114
531
115
311
473
505
675
143
472
705
306
557
169
589
450
89
44
563
708
447
648
529
334
335
92
221
591
421
95
391
702
706
305
137
535
678
170
118
363
256
80
726
117
144
564
81
707
91
282
43
471
289
558
109
475
130
72
361
451
388
165
556
507
74
94
251
222
444
712
744
333
566
315
710
698
614
693
779
724
506
668
199
651
138
583
559
228
689
145
669
123
193
425
709
704
443
528
279
502
619
174
697
745
389
98
90
254
86
255
119
741
97
610
113
142
99
249
371
288
316
713
478
748
679
201
650
747
100
243
682
210
93
162
176
307
733
108
565
611
172
569
743
653
686
592
343
76
424
177
393
198
767
120
202
448
685
536
681
711
753
194
223
746
499
677
344
173
728
461
452
274
372
717
346
465
470
549
396
718
509
749
122
14
56
348
537
642
192
719
104
714
571
496
226
317
738
16
608
503
415
617
186
185
673
674
520
71
649
272
200
568
630
430
416
310
634
216
376
466
652
501
383
147
287
209
683
671
377
766
262
538
355
300
353
522
204
379
158
42
230
605
231
1
73
442
124
688
435
410
654
25
438
65
414
237
742
131
246
570
782
436
302
479
121
680
684
758
639
730
462
150
163
257
716
550
594
22
240
757
351
662
663
765
236
428
149
260
582
349
510
206
157
148
151
55
384
82
102
626
701
494
31
238
160
588
715
700
573
783
345
266
527
259
777
244
493
141
667
508
30
203
225
754
84
554
720
419
188
609
4
154
324
551
26
180
577
159
629
301
555
15
409
576
601
29
632
18
7
740
562
24
759
519
258
735
737
229
539
17
491
687
480
189
146
695
616
70
437
752
195
330
584
463
227
621
734
338
132
83
622
417
541
770
545
464
771
329
175
775
736
454
67
489
542
530
511
490
488
586
518
331
69
68
358
751
360
359
