497
465
462
622
395
364
529
683
468
650
396
433
394
430
429
341
682
340
402
437
363
715
436
651
397
716
496
561
365
401
467
469
593
625
1015
684
654
658
464
466
653
370
528
371
435
626
403
434
342
1005
500
426
652
623
372
404
374
432
373
659
983
1007
332
463
1006
591
560
309
649
592
984
1011
1016
685
657
499
498
333
428
308
331
627
1012
339
1004
820
362
405
686
590
714
338
819
346
501
431
624
725
655
315
398
681
775
427
660
774
455
232
475
369
875
301
710
347
116
807
605
629
314
270
300
692
840
212
573
425
724
782
393
283
148
942
423
856
302
303
908
781
574
911
67
48
406
211
411
974
888
319
957
264
677
494
979
874
487
438
1014
857
204
687
63
973
634
618
244
1010
334
293
923
841
636
718
676
852
115
486
16
15
808
446
422
137
122
648
98
794
378
129
575
495
943
453
90
788
869
180
656
252
837
700
127
519
663
167
31
851
216
361
255
1009
789
1002
287
763
699
230
66
236
117
969
743
510
17
485
988
91
951
476
679
205
158
262
85
161
248
628
235
1022
52
708
231
541
174
261
1001
806
443
35
477
484
530
863
195
33
717
912
509
348
318
637
518
163
237
96
154
838
379
126
668
831
123
829
220
924
547
821
251
444
901
184
313
58
638
84
836
447
147
647
162
728
712
695
454
97
71
868
299
545
505
72
40
130
839
742
329
12
59
268
873
247
203
76
594
673
941
280
189
360
7
1003
95
172
506
99
956
79
103
930
704
1008
254
80
968
222
737
326
970
748
543
171
900
296
47
705
946
330
581
125
355
316
861
691
894
292
876
768
89
26
135
34
11
579
517
260
45
183
215
688
38
159
826
327
39
641
830
13
200
65
228
898
121
164
229
191
802
706
853
160
674
111
168
233
157
540
850
131
179
606
549
138
284
871
136
736
980
345
474
507
711
843
223
213
731
25
991
57
927
1023
707
298
542
892
667
958
672
8
473
70
14
107
279
20
539
285
640
508
267
386
864
418
644
513
246
250
320
384
36
578
859
325
83
56
194
128
832
680
27
757
424
919
177
221
353
929
797
897
764
642
932
243
186
49
291
607
173
990
185
865
805
896
321
214
417
799
643
800
550
902
975
81
546
188
669
193
210
938
834
893
445
965
385
265
190
602
312
769
479
866
828
814
693
286
801
879
572
952
867
169
44
845
962
959
933
139
994
245
375
351
354
551
416
69
407
870
226
288
352
615
833
6
862
514
610
217
269
858
78
224
603
192
77
73
738
809
323
263
1021
635
253
577
889
583
249
739
68
827
202
675
860
698
880
112
75
891
165
108
124
43
452
88
907
140
322
571
289
993
609
481
450
854
92
134
960
544
456
178
770
104
478
199
225
604
18
441
238
256
670
630
102
735
899
276
274
101
928
926
937
678
934
909
166
961
559
511
218
967
646
290
442
366
784
152
582
448
32
133
149
914
206
100
415
709
271
482
53
46
773
925
324
548
387
349
767
196
872
694
512
964
798
740
294
307
608
945
971
913
392
538
922
576
472
537
328
787
451
197
612
93
94
410
989
480
151
449
639
156
74
936
198
201
109
278
813
905
910
796
421
187
175
611
391
42
701
132
992
747
966
515
713
155
259
257
616
383
37
997
580
882
810
317
9
5
114
141
227
812
64
219
978
390
895
562
1013
19
483
61
258
570
281
733
732
105
516
955
569
790
181
744
153
41
804
488
666
272
762
119
2
931
760
920
881
940
60
170
1017
645
143
921
776
343
939
297
50
51
950
756
662
10
356
883
266
419
86
765
825
793
780
382
846
176
275
890
350
82
234
110
120
3
62
906
1000
842
835
741
818
976
631
734
887
884
822
766
30
982
999
697
282
311
729
295
661
150
358
935
273
791
304
208
377
671
0
771
389
702
795
824
746
106
849
847
844
803
823
761
848
878
87
310
995
209
142
944
359
811
903
877
703
855
904
118
357
24
783
972
414
21
947
239
54
1
305
380
963
207
772
412
633
470
915
726
777
614
885
413
4
388
786
277
306
948
240
696
665
998
689
337
400
420
242
816
730
533
953
792
690
949
344
335
1020
727
996
504
954
916
144
599
778
981
817
886
55
918
779
145
987
719
241
182
409
113
381
977
598
146
613
815
723
758
336
745
439
567
527
558
759
617
471
28
440
1019
749
461
720
22
755
601
520
785
399
536
597
985
722
531
526
721
664
376
584
408
568
23
917
565
566
750
535
986
503
368
552
534
619
751
595
632
621
457
753
754
29
532
502
1018
367
600
563
752
459
489
585
458
596
460
620
493
521
553
564
525
586
557
490
589
587
554
522
492
491
588
555
524
556
523
