534
566
565
533
598
502
597
653
659
580
691
692
881
660
392
629
628
880
849
848
581
685
817
654
470
501
207
271
208
425
630
913
850
393
816
175
882
661
326
239
272
376
575
847
761
686
176
394
240
1010
548
262
648
396
652
424
426
345
561
206
883
710
819
294
977
622
263
529
846
729
879
177
743
684
815
238
877
209
627
914
344
395
662
649
377
945
818
360
408
455
897
658
197
776
295
851
775
1011
912
313
516
526
859
202
679
696
440
884
469
48
875
212
171
273
203
878
327
608
844
194
230
900
712
876
742
261
946
211
611
170
178
783
711
842
241
820
584
784
888
785
199
79
978
359
242
282
210
856
186
959
612
174
793
577
865
837
567
896
188
578
312
397
229
576
249
919
198
250
231
314
281
671
232
845
1023
860
142
808
173
609
734
928
814
195
697
1000
196
111
409
251
843
703
864
870
154
767
1015
1020
927
991
695
699
626
646
237
49
66
236
200
539
571
538
792
218
868
899
545
546
427
925
678
32
1012
517
700
836
1009
187
702
1021
857
319
201
794
219
990
80
992
95
889
787
874
574
9
270
934
901
932
444
33
579
143
989
228
445
510
16
774
155
871
447
286
1022
570
760
786
798
894
172
213
204
828
65
182
960
869
673
867
227
832
797
962
119
872
541
605
94
2
839
572
1004
831
1016
852
130
639
707
110
384
549
151
91
153
858
217
806
41
885
205
902
215
804
527
17
728
293
669
283
789
125
706
921
640
841
641
167
315
979
537
544
25
93
50
253
98
193
681
82
907
961
124
826
733
909
994
674
892
141
353
735
391
84
221
89
157
893
573
970
508
829
64
7
90
31
248
417
224
643
1005
328
766
838
790
191
29
672
318
74
773
179
861
112
317
159
744
254
120
123
745
670
145
53
407
165
350
953
99
380
6
998
938
993
185
83
1013
73
152
258
183
481
252
457
955
57
737
701
412
55
81
637
910
802
87
904
164
348
150
76
30
44
866
1002
316
158
59
1003
757
413
71
354
1019
478
122
226
506
54
895
642
811
540
931
63
189
739
280
214
680
582
610
923
27
448
939
999
129
11
169
216
971
21
163
40
920
139
105
61
796
181
604
840
325
995
106
192
34
969
1018
833
287
805
926
10
114
675
830
235
988
957
905
727
43
416
616
75
8
289
583
862
15
736
474
144
126
156
180
930
386
853
480
732
67
147
800
482
479
257
12
42
651
863
698
70
362
166
86
512
88
963
60
117
771
803
535
0
704
38
121
891
97
762
37
887
223
320
449
190
801
52
131
85
791
23
162
161
351
118
513
13
168
24
964
184
514
663
937
929
260
713
922
886
160
56
72
225
952
22
107
103
799
996
974
128
958
738
291
835
5
473
135
668
18
383
741
908
3
288
296
256
149
220
906
915
100
765
956
346
542
788
1
965
916
705
4
20
132
45
92
954
758
968
764
415
58
873
46
375
14
127
825
983
269
943
477
947
924
664
39
948
255
347
522
138
476
387
911
439
133
28
890
647
358
471
382
292
933
973
944
834
51
740
769
986
113
222
35
807
47
96
108
607
693
116
951
284
264
385
104
918
997
140
352
936
322
134
136
770
414
349
1017
898
795
941
768
102
949
26
940
68
547
984
985
569
36
827
78
511
418
972
515
975
966
813
559
490
101
987
321
606
528
109
1001
520
441
19
77
617
285
1014
137
942
290
244
591
634
428
450
505
243
1006
379
62
602
509
623
777
356
388
390
323
69
601
903
708
148
329
497
246
543
917
442
709
603
763
822
780
980
115
355
458
550
824
274
419
437
585
233
935
234
731
772
809
381
676
855
759
259
245
560
503
146
618
982
247
615
266
324
297
446
638
650
422
967
343
821
665
779
593
1008
636
677
613
451
823
487
1007
410
364
472
981
475
614
523
378
633
551
976
635
621
302
277
268
600
854
812
632
310
389
276
950
421
483
311
631
361
489
507
521
309
278
810
267
726
423
459
666
420
357
778
429
644
730
436
403
645
491
279
454
599
519
434
411
504
746
300
536
402
275
552
747
453
342
265
725
299
655
484
667
485
486
443
782
404
398
363
298
756
724
620
592
723
518
690
524
452
619
625
683
438
781
751
755
465
493
468
492
330
308
717
365
435
748
568
488
374
525
304
714
682
694
716
554
500
590
466
553
754
461
406
456
594
341
301
722
430
307
433
624
586
555
305
303
749
750
306
405
498
718
687
331
371
715
373
719
460
558
657
340
332
372
366
589
556
464
333
588
401
494
399
467
338
656
370
753
752
562
335
334
564
689
720
