595
596
589
527
491
532
399
588
367
531
594
521
362
533
564
563
553
490
522
530
528
597
562
561
523
534
494
565
460
529
495
492
535
1000
368
520
459
977
500
566
552
540
93
363
593
567
999
862
556
721
688
526
366
427
335
331
720
554
458
557
508
1021
585
501
661
493
758
555
584
747
361
746
572
412
1010
499
489
719
893
727
210
895
92
400
726
29
978
689
879
714
693
191
781
849
330
847
1009
395
461
944
568
1003
878
848
332
750
1004
428
818
713
177
780
817
376
945
209
997
347
913
783
861
1020
1001
318
144
242
819
798
976
95
502
329
598
789
881
690
863
989
81
695
1023
1011
779
342
176
812
880
145
998
408
816
604
31
503
749
476
208
745
1019
375
336
894
87
189
285
337
560
607
280
507
788
310
304
287
966
664
946
1022
114
98
536
759
420
935
119
748
1017
632
504
614
814
920
844
216
315
509
752
892
571
394
953
911
388
610
389
802
241
669
846
278
903
996
524
1012
343
146
80
488
472
910
834
249
409
22
952
921
739
50
228
811
943
633
860
200
875
106
56
357
947
741
612
344
448
548
581
183
850
877
735
42
217
118
843
97
992
782
298
156
55
1002
674
986
477
628
582
444
609
696
152
942
151
66
377
701
608
993
575
923
223
54
835
258
636
836
88
516
155
616
1014
86
150
311
1006
828
104
62
345
113
914
537
778
64
1013
275
626
120
681
851
805
49
322
260
961
888
309
699
102
901
808
165
988
356
897
603
386
178
740
105
948
577
864
23
107
407
539
273
355
74
299
385
134
32
1018
842
665
915
600
868
677
954
1
962
78
70
82
314
882
257
354
279
640
889
558
312
69
985
250
319
259
254
100
890
18
10
171
262
417
48
157
480
90
441
215
832
995
75
248
445
175
706
987
5
68
218
96
963
231
475
325
2
738
994
263
443
316
326
772
65
804
37
197
34
770
902
970
744
281
898
967
103
230
845
824
474
569
419
771
803
827
277
274
873
708
352
906
951
221
764
815
170
36
918
813
201
143
384
766
599
321
925
646
89
129
73
3
733
865
136
282
969
240
182
164
116
9
17
884
580
896
807
294
358
202
703
559
874
871
546
955
99
276
482
38
132
195
547
938
578
416
737
867
115
0
94
108
198
909
919
742
442
891
694
833
837
112
128
757
929
360
24
657
193
185
392
979
196
883
236
267
169
67
1005
1008
449
870
110
101
239
576
422
765
707
642
