435
436
434
403
402
654
653
492
685
686
624
655
404
401
468
469
433
467
656
370
659
466
623
524
437
491
619
620
371
598
652
493
754
505
400
592
490
459
755
523
797
460
660
281
621
537
691
569
538
272
631
369
635
458
648
630
753
489
366
399
506
473
457
304
599
622
918
271
733
313
432
617
885
1018
723
886
348
465
488
618
591
4
249
570
456
951
765
487
950
658
788
787
986
917
756
586
785
722
921
367
657
303
522
743
345
344
669
376
520
637
699
551
985
616
690
305
179
816
786
687
518
585
667
946
240
455
215
678
550
732
645
711
971
398
949
692
983
941
381
109
372
817
368
239
940
710
698
784
568
440
77
148
928
424
1007
981
1010
1002
273
822
358
684
181
323
327
510
646
238
583
439
632
600
987
552
813
264
312
521
957
680
975
359
729
519
470
809
677
766
815
511
485
770
514
438
701
696
335
840
1019
29
601
326
893
180
472
47
742
480
207
830
390
167
916
803
481
291
200
349
76
960
852
317
782
44
1006
536
454
338
252
829
761
927
421
110
225
423
27
740
818
412
