466
498
367
399
530
366
529
400
395
561
433
497
562
465
363
365
396
467
364
394
434
432
398
626
716
368
334
362
593
333
373
397
372
335
658
594
435
499
693
403
405
625
332
661
684
401
427
659
402
340
406
468
331
437
749
404
851
436
850
717
750
531
431
715
330
660
500
819
820
301
847
748
428
751
438
336
341
464
302
426
714
329
504
469
694
536
752
720
662
361
683
657
374
299
307
472
781
782
300
846
746
304
528
306
342
272
303
845
816
849
783
80
784
879
814
719
267
269
1013
614
1005
298
339
747
270
882
422
1004
848
682
888
704
818
581
16
315
810
776
49
852
347
31
865
615
122
440
390
859
844
81
759
439
346
470
501
718
48
777
582
713
17
266
646
393
242
768
273
235
977
58
813
613
744
745
259
896
248
878
232
880
795
113
274
726
736
283
47
796
271
236
692
779
809
811
583
386
508
640
828
1006
685
881
974
823
760
473
216
152
407
919
309
812
124
98
688
252
737
914
540
228
455
1001
678
308
834
384
808
385
942
1015
934
549
189
945
1014
864
328
1009
913
920
90
1010
703
1011
35
183
27
65
910
780
215
892
899
853
112
204
92
935
560
210
891
233
507
797
275
95
883
197
860
706
709
209
735
763
260
897
476
516
421
710
63
234
282
153
902
1003
75
379
352
911
206
705
258
57
764
647
807
217
30
452
375
999
454
230
93
903
817
205
356
2
866
520
868
639
874
1012
1016
88
742
321
237
799
389
926
418
29
441
201
922
354
979
778
918
177
196
104
791
551
227
64
297
190
869
580
99
672
15
291
74
841
268
262
973
741
519
37
875
220
96
821
1022
762
572
511
671
253
929
532
164
18
416
889
533
641
801
548
606
221
895
357
127
951
800
240
103
573
100
316
788
391
261
969
832
842
139
931
730
542
247
517
294
263
633
73
815
775
171
123
343
59
1
6
758
97
28
311
131
184
350
251
798
185
898
912
933
292
575
145
612
420
689
978
877
66
148
938
125
264
928
946
840
146
870
290
475
767
674
200
448
284
901
243
698
46
126
907
930
444
471
141
699
976
568
199
182
645
222
702
241
355
194
121
676
157
310
829
445
908
314
831
604
119
38
223
700
740
279
731
324
280
941
708
970
150
89
827
962
423
62
317
149
229
843
137
134
943
94
610
1023
576
158
984
509
5
79
961
32
952
503
91
1002
644
925
26
643
353
170
60
76
388
924
1000
322
358
960
873
106
541
734
325
305
87
102
202
673
677
894
921
250
118
208
44
510
893
1021
68
732
360
477
198
56
539
419
67
107
447
627
128
130
937
738
479
320
939
159
101
642
789
991
668
485
975
824
140
854
70
607
958
36
578
105
144
446
165
932
42
982
904
965
61
839
163
129
765
289
876
34
544
577
481
45
203
231
450
133
417
69
769
967
579
319
176
1020
318
679
611
281
411
968
9
143
219
138
608
484
766
287
512
950
191
249
408
944
772
41
900
701
151
890
998
953
412
833
33
792
169
187
707
8
351
188
915
293
108
545
836
571
774
804
980
132
39
909
830
71
257
55
546
154
254
906
927
136
513
383
218
638
861
923
936
1017
947
872
863
917
667
480
637
739
972
773
885
502
109
84
276
867
605
178
547
538
116
115
954
4
806
288
905
285
862
337
166
992
3
543
609
238
14
265
429
733
326
120
135
453
186
172
173
50
72
574
451
195
156
296
514
993
43
295
997
675
711
496
255
256
162
155
743
443
19
226
142
83
40
225
963
114
486
822
505
147
988
727
86
111
669
239
211
987
478
160
871
78
802
603
940
959
483
636
392
387
602
77
690
518
666
712
1019
634
981
793
855
983
515
54
161
837
957
884
192
838
7
85
207
214
670
442
167
600
856
1007
323
805
994
20
415
695
887
955
82
835
449
550
181
286
858
790
25
794
996
53
413
0
193
803
168
23
681
488
10
180
956
487
971
246
117
12
990
985
966
110
377
785
349
21
989
24
376
409
380
949
313
52
964
11
857
635
338
382
826
482
761
563
244
414
175
787
886
327
535
410
916
696
277
13
570
680
537
278
729
986
378
697
359
381
474
51
348
771
757
456
245
506
174
179
770
371
691
459
632
224
212
728
569
424
629
616
430
753
552
22
369
534
1008
948
1018
213
725
664
665
345
648
825
786
995
652
584
601
663
756
628
312
565
653
344
567
721
425
621
630
687
460
631
463
686
370
597
599
527
649
521
566
754
553
656
724
755
494
495
458
595
526
564
462
592
598
489
654
461
722
589
624
457
590
651
655
622
650
490
723
522
596
617
558
491
620
585
559
493
492
591
554
623
557
618
523
619
586
525
588
555
587
524
556
