334
306
675
670
642
193
647
362
305
449
724
197
88
722
444
477
192
46
723
136
42
104
221
472
137
72
674
422
416
669
41
505
106
450
43
92
105
443
73
45
96
761
251
421
420
648
108
335
676
709
38
74
536
165
719
592
392
704
304
284
224
40
769
220
741
94
585
393
717
75
312
538
223
97
173
138
639
110
311
556
333
90
169
565
713
37
78
98
703
102
610
194
44
641
39
71
646
753
689
424
747
113
569
707
441
150
718
743
470
337
686
191
765
710
638
688
773
779
109
535
494
678
49
495
712
394
497
591
103
279
47
750
346
402
107
537
711
190
222
401
499
716
414
278
415
99
133
471
534
310
95
564
130
561
590
12
715
679
690
469
34
91
603
468
589
649
596
371
613
778
62
396
376
682
429
582
490
619
706
498
158
467
685
160
721
219
568
375
434
123
283
533
288
510
347
618
631
659
400
635
367
552
405
166
135
63
563
432
79
76
370
399
668
521
577
369
708
374
462
50
578
580
162
163
681
87
493
606
764
322
287
518
250
423
768
363
149
140
571
211
623
127
438
119
427
570
677
164
101
626
36
425
433
701
636
440
249
426
482
567
744
398
339
404
777
684
439
508
320
509
292
134
61
397
760
549
754
633
9
473
291
632
661
593
583
491
3
428
48
605
157
1
267
168
289
184
201
274
780
275
159
523
314
58
553
445
643
526
694
242
395
581
615
781
56
33
204
318
365
692
611
11
23
634
699
453
729
696
344
6
342
624
637
413
32
496
186
207
540
57
116
129
372
85
658
749
519
691
54
235
660
60
112
176
188
720
683
84
154
522
666
732
604
481
25
187
476
672
16
206
315
153
466
373
465
614
630
285
203
309
0
205
55
18
124
181
180
748
452
345
386
121
22
714
383
233
662
727
776
412
302
152
644
178
53
456
356
261
731
554
286
756
705
385
664
740
562
759
457
258
300
151
189
667
111
430
403
512
262
59
31
338
148
500
174
303
7
455
326
196
454
232
301
483
14
504
665
15
202
612
511
640
297
327
298
355
774
282
387
368
474
733
357
