498
562
466
399
395
363
364
396
626
529
367
561
594
365
467
434
400
394
497
661
397
398
465
433
593
362
432
405
435
333
373
372
716
437
332
431
528
404
693
406
850
403
560
331
851
334
499
427
428
658
436
402
531
684
625
974
340
847
368
335
715
469
659
662
341
879
1006
80
1005
468
910
942
977
820
819
749
374
846
845
882
330
878
1004
48
945
315
426
49
401
849
329
660
581
501
809
714
438
504
683
848
301
390
1009
844
536
47
122
189
1010
311
913
810
302
347
759
776
81
1001
342
613
682
979
563
914
464
31
346
361
16
694
748
1013
304
911
283
266
17
235
1003
881
299
978
1011
422
744
946
841
808
300
236
113
508
865
472
58
880
500
717
232
279
1015
746
678
210
75
248
883
760
540
496
614
252
777
874
152
875
88
307
389
842
303
818
533
807
816
98
750
973
306
903
646
429
507
95
343
90
935
74
124
190
298
796
1014
183
710
706
709
934
768
527
310
814
259
357
57
821
267
737
221
63
421
999
476
943
704
153
233
782
735
742
852
65
92
204
869
1012
27
640
582
316
205
234
35
321
888
580
29
896
386
440
242
379
902
297
272
384
763
15
177
407
201
703
375
705
253
385
781
309
606
215
260
228
30
247
104
549
713
230
811
139
520
216
892
112
473
870
976
897
455
93
220
284
813
441
575
452
197
209
269
745
73
784
639
657
764
975
859
877
273
572
938
912
217
282
747
795
352
270
328
354
840
475
308
516
736
828
258
823
542
868
103
843
922
627
146
89
791
356
920
18
797
895
799
817
1022
237
46
2
206
775
119
157
79
698
798
96
726
891
97
64
926
866
448
929
222
674
612
899
615
261
641
127
741
227
783
291
171
274
792
1016
778
672
583
671
779
148
568
66
200
740
99
919
969
141
118
196
511
918
907
145
262
393
1023
278
517
699
350
416
158
418
251
37
860
149
889
962
358
271
951
700
194
551
164
134
454
730
240
445
548
106
610
125
898
322
275
864
100
731
28
812
767
355
604
59
853
800
901
960
44
998
644
290
633
510
834
789
708
571
38
1
519
243
391
314
87
829
832
444
292
353
223
67
131
34
263
801
997
751
126
420
241
423
486
679
815
324
144
928
121
317
541
924
873
182
762
388
970
788
925
102
477
1020
325
6
702
947
643
752
980
280
732
105
576
68
1021
277
62
130
137
509
170
123
56
185
184
294
930
91
961
647
199
339
608
931
439
890
479
944
539
78
32
668
26
447
676
854
229
446
578
673
677
159
107
804
36
411
634
921
94
894
191
965
70
318
734
607
738
645
419
268
287
893
485
129
992
1000
933
538
296
198
208
991
707
320
915
250
264
858
827
5
408
55
780
202
642
758
69
867
116
839
836
831
319
772
765
790
417
544
143
766
76
958
824
128
60
176
412
908
132
150
505
276
115
165
953
140
861
802
574
701
163
136
203
101
443
42
822
138
3
336
453
257
133
993
900
207
231
108
769
712
923
994
711
265
826
293
450
941
954
605
289
577
830
147
484
33
987
45
71
611
518
863
545
952
638
246
927
793
603
637
739
862
41
932
667
162
984
244
151
84
9
169
692
285
288
512
543
996
967
166
351
532
226
61
887
481
856
773
727
154
537
254
728
963
225
360
876
135
1019
609
835
249
72
442
675
546
803
1017
939
774
855
1002
743
695
937
219
218
39
579
733
238
188
857
837
4
550
211
187
602
109
387
761
195
239
833
14
8
409
514
666
281
451
478
114
513
884
142
955
794
323
161
120
160
77
487
806
636
12
50
959
256
86
957
178
547
326
214
990
480
474
569
729
904
83
383
988
885
950
449
681
669
173
40
470
380
111
680
483
696
82
245
413
156
600
193
85
167
430
305
685
192
981
968
506
25
186
785
155
0
255
872
295
570
515
1007
670
665
392
982
805
917
770
43
459
7
180
906
376
986
787
757
175
168
771
54
181
172
886
488
956
936
838
286
410
482
825
1018
697
110
359
632
871
1008
377
664
19
13
964
720
174
989
23
995
552
725
471
966
909
916
24
635
53
616
663
117
652
224
415
414
601
382
327
985
11
786
21
983
756
648
349
179
213
381
348
378
212
10
20
629
52
905
424
972
51
456
460
628
503
337
688
338
719
584
22
313
949
689
502
653
718
344
592
371
971
312
535
948
940
753
690
534
631
345
567
691
526
630
565
425
494
599
654
651
595
369
521
649
553
656
755
624
686
687
721
754
564
461
458
370
724
559
493
566
622
491
495
597
621
596
655
650
590
489
463
490
558
492
522
523
462
457
591
598
623
617
722
585
723
619
525
618
589
620
524
554
586
557
555
588
556
587
