703
764
69
39
493
762
449
90
142
643
150
15
560
407
284
404
434
621
760
89
143
769
145
514
59
699
432
123
102
10
605
11
481
702
315
167
458
13
272
381
463
92
521
344
343
114
435
652
40
380
398
346
113
23
197
91
119
412
448
756
396
519
761
320
68
255
118
104
271
287
355
546
778
245
613
266
21
120
132
19
282
53
529
513
300
348
297
734
237
111
307
299
637
253
777
678
18
422
538
474
763
453
401
634
370
690
687
649
17
256
537
755
296
559
492
420
591
328
376
650
405
551
620
507
464
389
417
311
500
101
83
391
664
161
563
504
468
392
219
776
218
349
533
336
191
374
345
134
372
691
331
535
531
371
697
773
350
775
373
488
273
694
496
641
399
77
301
406
539
302
247
133
692
542
722
378
750
545
512
377
543
106
454
751
107
400
103
725
329
357
666
612
386
640
540
665
450
105
774
360
510
387
541
136
330
515
419
283
544
511
135
359
358
516
482
