466
865
16
498
530
434
31
435
49
17
768
122
562
737
1001
98
467
640
706
704
283
58
48
259
75
189
228
400
796
703
386
362
363
65
74
152
252
35
331
385
736
27
897
342
124
735
95
197
436
529
315
935
705
88
903
341
428
63
367
92
399
432
899
561
29
866
90
384
30
888
330
999
795
639
934
93
896
333
892
332
594
47
799
626
352
497
427
57
716
763
364
465
374
260
468
258
334
797
321
153
828
99
926
929
433
859
340
366
764
864
309
938
902
354
15
693
499
104
368
73
2
504
365
891
18
472
781
606
301
895
714
100
300
164
253
869
335
190
403
671
299
832
196
749
715
103
356
920
96
922
316
418
868
1022
536
307
593
37
531
64
431
361
969
375
748
308
919
672
1005
80
573
641
220
542
834
221
416
661
440
38
1016
800
1
329
575
1004
395
274
302
127
6
28
394
750
511
275
396
59
407
66
131
746
406
694
801
1006
227
448
97
269
942
747
717
347
528
918
931
782
404
974
860
217
898
194
291
310
625
306
139
437
951
134
81
284
767
500
508
798
230
1003
659
251
930
726
373
658
889
684
610
540
242
343
350
674
261
740
973
119
819
662
290
850
464
469
276
123
1013
851
1023
125
751
304
102
402
282
780
298
232
398
126
1015
1009
401
106
113
560
397
709
388
357
36
273
216
784
713
657
1011
807
660
847
924
783
1010
814
476
977
752
700
816
473
272
34
928
270
960
112
445
183
267
820
303
901
702
336
248
568
970
137
910
818
405
583
720
355
962
913
199
346
808
682
26
353
420
157
158
615
870
1012
452
874
879
372
762
201
1014
501
914
846
979
438
455
933
882
683
945
121
572
961
849
389
841
519
215
89
322
439
845
776
978
742
1021
68
878
408
731
848
779
580
741
551
339
184
708
813
268
941
788
809
823
881
581
911
379
844
829
516
32
60
875
441
817
810
46
880
840
745
676
236
614
613
643
831
976
105
241
582
627
883
233
505
537
185
118
758
70
91
842
759
744
777
612
426
171
419
314
852
237
422
604
263
266
730
67
62
235
775
563
507
390
444
975
760
204
925
243
710
87
734
141
210
247
145
470
5
294
292
719
177
853
699
812
946
644
912
223
146
692
209
317
943
646
56
548
732
421
633
148
1000
311
271
778
698
130
149
496
811
280
533
393
532
262
170
234
541
206
182
277
907
229
576
678
908
205
509
297
328
647
391
475
877
150
423
264
279
727
685
144
854
200
824
454
240
789
222
569
477
549
76
94
821
792
208
688
520
358
843
944
325
140
281
502
921
176
539
791
360
815
143
677
991
893
718
958
679
69
250
484
411
915
711
980
645
876
873
952
178
107
827
202
712
101
743
534
203
695
510
517
207
571
984
486
326
211
442
409
429
822
668
249
371
518
538
246
443
376
214
265
147
487
296
485
947
666
1020
305
159
129
790
894
550
295
278
689
602
603
757
673
142
244
696
412
667
471
44
634
632
377
503
600
181
175
453
238
544
114
474
173
738
884
337
410
909
697
128
180
729
324
245
506
359
172
728
652
174
1007
1008
998
378
965
885
607
997
570
327
115
793
761
313
165
992
1002
665
601
479
212
691
417
179
345
430
642
71
213
664
239
79
690
787
611
680
774
198
338
312
231
630
344
392
608
111
289
855
635
459
890
535
981
369
320
932
116
629
138
39
566
163
982
552
447
578
488
939
370
547
701
481
861
579
900
33
856
132
133
446
450
967
887
953
753
836
769
9
3
725
42
785
766
681
109
772
950
937
151
169
318
839
863
45
293
136
61
804
55
494
802
41
917
567
765
833
636
756
387
257
82
191
867
968
663
108
616
916
628
515
862
707
904
319
351
527
830
923
1017
4
605
993
456
110
14
512
858
621
886
219
927
598
648
462
906
638
154
577
721
187
687
653
451
584
987
786
739
794
637
963
84
50
254
954
285
480
972
188
287
483
565
458
424
380
8
166
546
994
425
826
1019
288
574
806
733
543
72
936
135
686
226
545
835
773
120
631
218
521
83
195
803
656
78
225
599
553
589
463
513
460
609
959
651
156
592
514
383
620
595
256
526
478
40
162
675
988
857
872
990
155
724
323
957
255
996
825
955
754
186
597
983
649
624
495
25
19
161
7
413
461
905
564
86
77
669
160
43
54
755
449
167
85
493
489
670
989
654
192
940
655
0
482
23
722
557
24
837
20
956
948
193
168
650
457
12
838
871
286
964
53
522
949
490
117
986
966
382
525
596
723
415
805
13
21
348
770
985
771
590
971
622
585
1018
559
381
349
52
617
995
414
558
10
588
491
224
11
51
492
22
591
623
554
619
618
523
586
556
555
524
587
