624
592
655
560
593
492
491
625
654
623
493
561
656
686
653
559
490
460
685
434
528
435
363
529
524
591
436
437
433
466
523
687
461
594
459
364
469
626
332
365
395
402
333
718
525
366
562
472
396
331
401
467
470
928
405
403
438
627
404
458
440
372
530
352
672
362
498
397
334
301
850
522
536
527
960
504
96
394
662
992
851
64
373
646
652
408
651
5
791
320
1006
214
820
375
705
521
819
673
849
822
128
264
640
595
384
821
650
647
812
848
974
622
489
379
599
330
781
16
160
269
343
265
342
173
468
684
582
508
422
270
1005
4
454
406
929
736
233
6
444
212
881
704
896
2
374
761
215
792
97
385
232
341
234
882
1
823
486
568
323
810
1011
739
31
15
544
473
346
1010
864
677
127
261
875
295
17
709
551
703
181
328
759
737
263
326
284
789
407
740
600
973
552
975
678
476
753
283
57
244
615
614
745
679
386
291
48
518
205
266
537
897
149
148
361
400
76
288
921
90
174
870
182
1012
354
58
89
699
95
296
706
576
300
479
159
828
49
868
639
934
735
447
387
137
550
777
918
708
199
613
930
567
168
714
170
891
674
359
855
358
294
391
61
180
734
371
227
63
942
44
738
799
439
920
322
206
3
731
231
581
950
32
824
355
37
357
27
790
798
75
873
349
267
741
814
423
825
750
292
676
60
771
717
26
671
675
107
140
347
917
62
845
118
961
641
356
505
899
253
195
201
780
235
260
28
611
315
198
970
645
742
991
938
754
907
887
832
220
117
169
390
1013
7
1021
108
668
811
840
874
69
843
327
297
314
230
710
535
698
141
135
778
729
262
949
909
136
846
252
506
540
889
612
282
841
959
93
91
667
42
876
767
1023
993
324
927
694
763
1014
414
919
762
185
455
1002
122
222
289
793
863
480
888
926
511
50
1022
635
109
34
153
955
999
858
92
842
134
895
106
700
831
477
797
221
188
782
902
104
637
274
510
998
852
360
794
575
905
318
906
25
1007
254
890
191
285
933
94
543
856
908
55
164
154
808
900
903
520
30
572
125
806
571
126
923
319
901
316
409
779
271
35
183
579
796
766
916
702
807
163
509
412
219
922
474
892
202
953
317
606
987
857
924
541
99
549
139
746
56
829
988
281
1003
88
251
981
569
121
666
839
445
478
880
932
147
59
514
760
583
877
46
157
441
893
1020
388
52
939
138
971
411
259
838
248
827
247
1004
669
98
130
45
150
86
218
290
47
293
943
989
488
158
772
956
348
156
228
967
43
642
250
40
124
152
217
87
84
636
255
836
964
644
872
171
936
931
818
910
151
853
979
131
9
968
941
547
204
187
36
670
982
189
238
914
120
350
643
383
249
298
869
638
116
904
830
155
713
29
161
1019
287
607
351
113
223
74
913
860
66
980
389
229
795
770
711
197
451
732
73
85
990
77
345
100
190
972
867
862
952
519
813
628
826
574
1000
105
578
393
448
707
925
512
861
377
580
1015
426
958
542
937
200
951
0
871
8
605
701
774
894
744
844
133
123
966
631
162
299
809
184
1001
764
986
969
859
167
132
54
186
502
146
376
883
258
453
286
815
940
450
194
325
166
775
378
82
773
110
415
983
663
957
421
381
413
748
53
935
165
730
965
865
237
962
175
833
68
67
172
416
765
985
446
1009
119
743
616
38
102
984
878
70
570
747
329
203
78
954
18
573
216
39
428
196
83
427
915
800
257
443
14
963
681
103
886
382
787
911
776
546
769
885
24
41
142
11
308
517
225
51
65
758
487
1018
515
847
485
465
804
604
72
101
353
749
20
719
854
733
115
978
321
632
805
226
884
213
268
837
278
311
513
603
1017
682
275
246
380
12
994
23
111
307
948
419
273
788
697
483
71
538
912
145
79
526
276
179
584
649
309
1008
340
245
449
947
114
452
783
634
475
272
727
516
752
13
21
484
997
310
302
945
1016
19
418
695
816
803
481
696
784
548
879
785
755
236
898
456
210
946
256
996
277
712
756
420
22
715
81
802
417
834
680
398
602
866
392
178
577
193
207
211
507
609
80
33
995
471
835
664
976
10
608
129
648
633
601
728
610
312
224
817
757
944
539
545
429
143
751
280
977
313
801
424
410
716
786
726
144
665
661
630
177
683
503
344
112
482
279
239
208
243
192
442
566
618
242
367
768
176
241
617
629
240
725
534
596
209
457
597
553
724
425
585
370
494
563
306
657
399
598
693
499
531
501
303
619
688
723
660
659
533
304
720
565
335
620
497
432
658
305
339
722
721
500
532
564
368
621
692
369
554
586
338
337
689
495
431
336
555
691
690
587
556
430
590
464
463
496
462
588
558
557
589
