491
556
523
555
492
722
588
524
587
522
721
554
754
490
589
723
557
460
753
598
755
459
586
690
691
564
720
689
620
688
566
724
458
752
565
534
599
619
489
719
786
502
597
756
596
369
687
971
751
621
457
567
692
750
535
503
521
336
631
367
344
787
785
337
400
376
399
470
783
368
656
630
718
585
972
471
985
366
377
553
345
784
305
940
949
533
335
313
1002
757
424
392
909
663
61
349
725
600
617
272
281
970
338
327
370
917
618
10
381
456
326
948
409
920
208
22
885
408
303
312
304
686
439
648
939
11
771
950
249
239
941
968
359
966
150
982
616
1018
816
294
632
19
51
532
862
584
60
483
513
855
488
815
905
4
360
262
110
263
111
886
415
877
664
53
218
908
24
0
240
186
195
577
54
271
739
449
45
29
181
921
657
382
23
5
282
93
876
919
802
481
835
348
185
770
601
525
1008
918
482
937
28
7
213
797
805
387
231
295
765
202
306
579
264
172
1000
43
669
480
94
167
831
863
817
696
155
680
733
830
506
782
793
163
789
169
224
570
894
717
286
655
766
6
512
30
834
938
21
289
697
967
255
951
133
961
995
984
179
334
931
212
62
76
14
635
170
986
175
182
442
803
546
226
887
769
245
1019
649
893
861
864
788
833
932
241
953
933
904
219
964
450
178
109
1017
165
736
761
100
215
285
174
151
989
1
959
420
207
78
414
417
238
552
42
86
825
13
27
52
187
166
738
609
50
59
114
388
209
257
944
142
164
936
270
77
871
515
227
180
250
413
20
293
860
216
701
273
853
145
741
952
547
568
824
8
900
916
184
603
173
386
827
812
317
168
79
296
866
957
899
983
82
26
120
836
323
117
412
3
800
935
200
196
514
762
987
798
665
829
188
214
416
977
676
857
958
645
611
254
265
749
37
451
604
711
629
128
383
799
87
101
444
998
734
928
154
274
702
9
493
280
123
991
234
69
193
199
136
837
926
772
156
33
160
44
328
32
576
955
811
391
339
152
225
539
898
410
223
670
956
999
206
126
41
832
246
378
612
176
418
320
2
108
930
12
990
201
703
192
610
838
46
183
906
124
675
143
91
595
371
474
251
322
358
743
39
880
135
131
767
677
36
1003
884
140
988
927
538
929
520
198
794
602
578
132
440
571
923
826
954
843
774
125
302
228
314
278
639
642
64
993
229
121
728
638
867
56
25
92
425
712
901
256
292
840
343
99
318
211
544
730
925
969
891
258
647
511
350
354
895
740
353
729
924
518
978
105
608
137
171
897
447
856
509
636
981
319
324
68
804
662
351
773
419
607
119
583
407
106
550
452
903
548
960
896
217
640
699
129
472
814
873
232
157
149
854
148
197
795
153
83
695
992
660
31
66
138
780
637
572
707
144
438
907
55
70
97
141
325
107
89
102
963
287
671
380
243
868
40
146
997
973
1021
849
590
448
806
875
643
1009
75
203
537
742
127
667
288
708
889
758
666
818
965
118
484
870
134
269
516
615
233
549
822
222
801
915
858
361
385
162
355
859
297
823
828
275
976
191
668
220
582
614
96
934
545
85
540
478
1020
996
962
268
747
411
519
810
732
710
517
781
790
844
839
872
737
356
865
1016
890
71
1022
605
942
267
290
674
775
479
291
673
35
536
580
266
159
210
352
764
393
634
779
641
922
244
505
401
892
72
477
38
744
644
501
735
881
260
672
284
1010
443
508
487
441
994
194
945
384
112
81
975
65
73
848
913
846
581
679
259
485
74
874
454
842
748
776
510
731
912
130
796
88
1023
95
261
852
551
230
57
423
704
778
633
569
541
147
205
115
90
161
947
248
902
357
253
84
103
486
709
453
190
379
543
768
104
301
678
705
706
389
235
177
113
158
221
204
888
116
646
613
910
807
67
878
476
316
58
321
558
277
445
1004
475
507
681
1007
628
1001
47
700
698
760
18
845
80
813
122
48
237
693
298
34
745
242
821
883
17
421
252
63
869
461
279
792
980
791
808
446
777
504
375
311
575
1014
49
98
432
139
310
15
946
574
1013
841
16
685
542
455
189
276
847
606
283
307
346
819
573
563
727
763
809
1011
879
694
726
911
247
422
299
652
943
759
820
473
713
1006
653
500
390
333
1012
300
236
882
308
1005
661
398
716
347
315
914
309
1015
746
330
650
426
979
531
974
365
850
623
715
714
329
624
651
851
684
659
340
332
654
469
499
682
427
342
627
622
683
362
331
431
428
372
406
374
341
559
658
403
402
468
527
591
437
373
526
404
364
467
495
363
464
429
436
394
496
405
435
592
494
397
463
528
396
433
430
625
395
462
560
594
465
626
434
498
497
562
466
530
593
561
529
