654
653
660
598
359
1010
659
566
652
692
977
327
207
691
685
326
469
686
391
538
345
797
622
881
729
376
927
537
199
208
946
510
761
358
630
230
272
271
506
696
733
658
29
505
648
629
616
1002
570
621
870
424
872
617
583
154
473
313
167
702
550
569
188
591
551
186
440
971
457
787
991
392
206
818
877
618
819
925
788
197
766
194
959
978
523
928
511
254
200
522
838
932
212
458
849
900
179
240
899
842
1018
992
743
27
774
669
765
565
798
901
281
843
975
239
196
785
599
631
803
826
962
1009
348
198
711
635
294
73
698
455
845
470
169
637
661
514
344
945
875
408
921
896
839
790
175
611
585
840
489
490
907
252
722
238
201
110
584
48
91
697
456
844
817
390
831
710
291
789
784
77
972
171
813
918
701
1023
960
822
882
487
786
317
109
699
850
560
210
876
939
43
209
439
856
904
82
155
871
678
360
3
131
44
262
100
520
226
546
83
423
153
825
728
837
130
914
502
646
893
841
830
225
809
724
2
61
261
1007
479
59
218
957
166
986
886
471
1006
459
961
639
93
642
680
990
908
181
124
518
76
578
891
350
601
273
829
675
902
674
941
933
609
620
679
581
632
49
994
318
152
204
835
111
481
534
211
712
52
488
99
690
235
645
684
151
802
482
322
41
859
742
176
816
976
215
820
180
86
10
4
600
951
142
885
909
28
437
754
478
541
521
1003
869
1019
253
597
577
770
571
707
121
834
227
647
148
11
673
670
649
913
677
985
249
47
54
1011
79
182
170
513
732
384
92
737
143
202
864
919
873
756
480
213
664
552
579
926
740
794
582
804
214
852
922
224
117
255
183
25
773
192
87
895
108
641
760
447
485
382
203
472
412
983
60
739
0
269
449
128
263
174
354
164
168
187
576
149
328
407
801
771
163
610
940
30
780
114
533
545
793
846
744
501
547
958
397
486
287
15
9
244
888
672
50
949
438
193
251
782
122
21
757
517
234
644
828
676
312
700
205
386
544
706
414
862
94
264
159
915
929
894
286
256
55
815
288
987
78
257
223
651
90
832
74
970
5
736
916
85
667
413
567
519
146
897
640
195
7
783
917
375
704
185
416
508
141
884
377
53
643
880
97
353
325
806
812
948
512
35
988
608
619
811
930
75
454
993
150
848
139
887
285
931
32
349
878
132
106
867
539
323
290
665
381
955
515
851
316
270
113
963
615
417
133
45
1016
320
72
119
65
236
769
548
89
524
96
237
953
162
232
233
451
125
352
800
116
64
708
104
20
314
410
120
178
671
950
284
387
147
536
833
8
19
51
297
979
219
1012
229
66
938
984
36
638
723
14
663
80
568
136
484
614
980
734
738
604
421
383
173
1020
95
379
768
355
282
814
380
81
705
245
853
1
865
858
452
767
241
606
46
266
16
84
874
855
947
989
861
474
668
315
160
265
857
920
258
250
883
735
101
772
365
217
296
140
934
709
118
33
995
982
302
981
763
231
821
425
158
969
319
792
703
516
898
415
491
542
923
42
123
268
906
172
741
426
448
613
88
248
543
419
156
12
453
549
105
964
1017
954
627
347
165
243
222
586
775
504
605
98
276
892
575
796
799
293
277
127
483
177
343
145
442
321
221
115
246
289
40
126
791
573
385
444
1008
274
450
17
924
56
443
666
103
810
295
555
129
184
378
943
572
18
903
311
242
808
1013
112
22
847
26
1022
280
823
580
777
1015
422
762
6
157
346
216
731
965
71
62
868
107
161
968
636
228
866
189
854
836
138
441
70
465
966
420
764
278
292
912
446
24
418
937
718
805
393
247
409
300
910
57
34
860
776
144
755
1021
23
634
935
267
191
588
973
31
190
890
283
781
824
713
388
135
389
301
633
63
795
411
68
574
879
751
997
540
476
279
974
602
1001
427
67
398
259
889
628
445
304
779
603
999
220
553
730
351
1000
535
745
693
936
303
356
137
38
13
758
607
612
69
827
681
37
863
944
428
753
750
134
361
102
695
466
324
58
275
996
39
306
475
905
507
587
956
717
952
623
357
662
998
477
626
807
687
329
556
942
406
509
305
1014
260
468
503
1004
749
967
310
725
727
394
650
716
747
554
759
911
715
683
299
461
748
333
752
493
592
362
719
309
625
1005
559
434
404
726
525
778
429
436
374
364
405
721
655
338
298
460
334
307
372
682
657
332
589
403
363
596
335
371
331
366
308
694
396
498
402
340
688
330
435
342
714
500
339
564
431
689
492
432
337
373
467
746
433
720
399
624
499
370
528
367
341
336
464
590
656
369
368
395
401
400
497
527
595
430
593
557
526
532
496
529
494
561
563
530
558
594
531
495
463
562
462
