418
590
390
474
558
197
446
391
114
557
171
531
362
389
696
143
115
477
618
475
447
361
505
81
646
80
449
670
586
479
311
170
450
397
507
451
109
96
559
726
369
169
222
502
698
142
89
199
138
528
529
693
708
421
198
702
472
563
419
65
228
556
697
775
506
72
363
118
225
676
589
117
368
779
306
226
86
254
194
503
250
706
583
137
307
342
678
256
564
145
712
74
95
417
535
335
92
530
448
478
591
297
71
283
70
98
710
94
113
91
584
705
350
282
76
93
580
174
195
44
555
388
748
323
253
296
525
668
471
536
662
268
241
588
707
745
404
200
251
607
97
508
689
523
617
610
69
566
744
457
144
545
621
728
473
352
67
278
648
663
396
279
269
747
498
406
683
760
651
393
73
124
669
25
202
122
14
43
165
356
125
616
433
264
147
154
758
581
237
315
671
514
242
675
460
527
377
442
749
713
578
120
245
219
334
236
614
405
30
623
738
777
152
753
717
673
90
180
579
458
657
653
611
378
119
553
709
470
108
136
238
655
513
16
765
186
733
434
201
493
8
210
341
133
312
351
515
190
603
554
383
329
431
526
484
153
783
757
724
469
367
370
217
735
189
631
736
737
209
432
176
730
497
715
495
501
322
761
157
565
99
17
658
647
26
682
325
192
324
594
55
444
123
257
759
191
212
223
711
104
287
280
267
681
263
742
207
441
641
636
560
551
546
10
270
333
480
632
407
622
15
56
571
739
512
18
524
82
193
716
380
273
714
203
650
22
595
692
660
68
229
252
151
409
701
5
184
601
543
521
575
183
235
664
550
19
134
412
314
680
295
630
494
766
262
552
29
746
398
232
288
177
782
567
53
633
103
637
700
605
688
685
243
1
163
230
741
568
215
679
569
408
518
353
379
298
426
547
425
23
271
247
522
602
467
570
208
754
440
485
100
159
239
84
126
544
141
355
158
330
672
146
659
302
129
181
155
83
188
221
438
161
624
435
6
487
31
656
519
24
285
132
381
576
718
187
3
384
455
213
542
413
326
403
574
781
255
466
461
9
21
468
486
218
596
492
182
606
244
4
727
437
613
635
453
424
674
85
160
767
261
592
511
577
214
11
168
233
612
491
582
719
483
476
649
20
327
52
260
266
300
573
684
764
411
459
205
206
140
499
328
537
211
275
532
463
340
101
131
634
665
516
625
337
752
121
102
164
112
640
357
628
185
77
540
517
7
175
28
638
303
414
626
599
54
645
465
231
462
258
27
661
654
627
776
520
481
2
111
57
385
339
598
382
376
301
0
42
538
272
652
608
234
729
179
600
173
439
436
75
734
313
338
464
562
704
778
310
443
504
415
