78
312
718
108
13
392
35
239
499
263
654
96
764
571
582
294
110
591
526
342
528
442
34
602
483
653
592
399
554
753
556
124
256
140
193
12
61
230
747
216
455
204
763
54
176
187
349
625
761
340
467
107
180
333
74
264
320
126
538
235
337
292
221
649
537
229
241
578
581
302
613
438
603
601
179
685
524
754
186
386
271
157
243
270
495
468
701
265
743
456
207
120
273
238
782
169
328
622
604
511
555
594
335
119
223
645
607
457
20
127
236
494
116
648
156
574
655
575
661
343
166
553
57
231
10
262
272
317
65
599
346
624
98
27
252
672
75
513
596
551
634
482
760
237
129
510
316
608
234
244
746
534
122
67
762
3
9
289
306
288
155
173
671
185
508
372
130
688
630
413
102
497
715
687
295
773
158
469
287
703
539
212
560
660
496
686
485
730
470
30
213
632
99
768
682
777
492
691
261
635
606
23
210
549
509
104
385
428
545
118
28
341
711
322
147
128
376
52
208
319
523
160
728
541
662
400
214
587
188
580
713
605
769
454
629
741
112
76
427
377
552
679
680
280
274
21
781
113
353
17
184
758
217
382
66
68
536
209
311
82
683
101
307
133
744
211
451
154
19
626
115
177
138
550
291
633
8
710
449
183
480
766
589
373
767
709
245
125
429
219
631
681
547
532
546
676
657
73
618
279
159
181
783
225
100
414
172
620
712
548
364
277
109
692
656
498
103
131
242
305
318
301
146
426
757
421
358
621
487
570
726
404
192
739
609
765
659
725
646
411
136
516
770
540
512
344
636
598
246
191
350
260
458
281
195
161
354
432
779
519
597
658
568
405
576
628
117
72
409
459
86
488
479
406
745
182
577
380
569
313
325
433
378
42
698
735
278
396
742
518
627
460
259
162
431
557
678
590
637
345
384
775
352
707
436
381
363
324
163
617
772
407
143
505
517
390
708
706
463
477
450
393
737
738
379
736
616
323
491
670
435
588
434
535
69
253
464
351
197
422
164
461
334
145
408
489
249
142
71
490
70
462
362
507
250
114
559
194
222
586
