334
306
670
277
642
362
193
276
249
305
675
278
248
250
477
42
197
71
449
724
723
505
72
136
194
251
709
221
741
422
138
192
335
769
222
88
722
707
743
304
450
43
717
639
421
708
761
75
96
333
738
104
585
73
674
137
713
765
74
719
46
106
393
712
747
744
78
746
647
247
223
108
110
706
742
312
41
703
37
38
107
587
90
718
363
739
92
710
745
392
166
105
669
767
768
420
766
94
676
219
753
556
534
284
220
641
97
613
113
12
648
592
145
98
191
715
253
70
281
109
764
588
679
750
169
164
307
34
617
711
638
690
279
773
716
275
364
692
76
45
310
649
311
355
681
532
165
582
685
686
749
162
682
678
721
36
779
173
411
99
163
760
620
535
62
472
689
691
610
616
704
122
688
102
646
772
274
143
432
273
410
396
367
680
337
663
49
123
50
539
190
507
777
86
133
762
246
195
82
591
3
619
737
69
341
748
114
661
127
117
650
63
604
40
701
13
687
103
783
339
684
653
652
424
394
551
100
115
357
23
668
667
444
406
479
217
683
116
27
496
412
57
541
112
763
244
119
462
461
626
369
778
239
645
101
758
426
781
91
654
209
589
356
416
370
95
754
714
9
511
720
150
47
629
439
262
8
52
224
443
583
693
525
469
218
280
35
380
660
434
383
128
780
782
324
400
353
240
243
509
30
664
313
125
672
352
662
522
135
442
385
601
409
371
28
401
39
637
523
770
261
536
440
140
211
295
636
21
54
590
77
20
19
241
433
526
2
342
625
381
316
565
374
623
436
553
671
149
498
659
168
266
325
233
181
317
731
729
245
48
624
593
757
207
571
252
1
345
666
177
230
609
438
537
468
560
216
126
413
628
154
655
161
665
16
427
540
476
267
467
134
618
405
129
58
466
382
542
431
557
499
87
238
656
153
131
402
694
407
524
622
130
152
459
373
314
242
657
408
414
61
658
178
326
404
471
403
44
545
286
543
546
51
544
24
189
549
547
480
296
581
508
673
600
184
33
259
258
550
494
395
372
627
699
429
32
482
55
730
470
563
205
265
375
598
521
340
179
548
206
234
398
141
84
635
204
573
564
727
615
344
493
379
147
93
576
56
89
124
728
441
10
574
327
132
570
17
481
520
6
85
378
732
607
554
527
157
555
510
740
0
700
579
491
533
5
575
231
755
643
572
155
180
634
365
705
597
188
519
354
156
232
151
319
630
428
29
215
698
492
458
366
236
384
268
283
182
235
435
272
460
386
776
567
53
644
294
270
208
512
25
213
214
343
677
323
4
227
176
303
11
735
377
611
26
775
640
348
453
399
605
632
79
269
451
759
423
22
580
225
185
183
83
264
315
351
437
121
463
349
415
120
566
347
495
111
608
756
726
332
203
322
146
302
599
483
287
487
297
651
497
602
568
606
452
159
338
260
18
552
376
528
196
725
430
187
289
621
60
201
271
633
172
160
285
490
696
594
318
237
771
504
142
578
118
291
158
513
263
290
489
186
569
774
31
292
256
255
500
456
346
212
577
457
321
397
603
695
464
350
596
486
7
301
631
506
488
229
368
736
167
300
584
320
455
288
64
210
752
328
595
518
148
174
465
515
702
454
484
175
478
298
561
293
299
81
562
517
202
14
612
331
425
15
445
538
514
448
390
733
502
309
139
485
144
199
473
751
516
67
559
361
586
558
