506
358
774
359
144
226
200
417
172
254
397
566
697
324
336
116
586
360
368
308
387
530
559
565
396
562
198
592
366
478
323
132
558
435
423
463
338
379
442
677
351
370
369
237
175
725
703
389
419
418
394
407
228
751
194
386
772
734
297
388
295
325
173
227
619
534
202
352
210
538
146
343
422
330
238
201
257
229
408
665
448
296
380
446
249
331
773
361
398
174
365
264
298
236
247
222
24
573
603
535
395
434
83
496
705
621
485
731
107
196
549
771
575
732
615
281
341
574
637
486
515
111
203
501
543
269
602
537
205
476
736
564
594
274
167
414
344
643
513
548
103
265
593
462
190
316
199
29
15
531
233
253
209
26
313
131
310
112
246
61
542
62
342
17
491
514
133
521
147
500
371
393
280
192
271
454
776
757
756
148
255
781
426
755
291
7
18
777
22
270
21
349
648
353
231
539
141
217
52
230
220
644
620
424
4
66
604
733
533
293
322
263
170
468
68
778
19
69
28
494
232
425
31
432
576
13
59
469
32
525
547
290
735
332
728
695
55
436
337
460
553
258
544
481
354
252
673
443
504
461
399
259
545
729
235
70
162
53
218
447
57
487
458
326
356
616
84
9
242
136
299
467
759
134
382
509
577
377
385
567
691
20
635
23
737
11
440
700
405
413
415
626
302
433
262
591
315
775
541
457
672
16
261
339
617
510
272
488
289
321
292
439
145
0
438
522
524
2
699
588
54
189
260
285
532
208
680
378
161
560
35
512
475
482
60
464
27
5
647
470
10
25
287
783
427
319
140
730
459
561
282
402
527
154
563
507
155
244
188
546
540
480
129
176
406
664
492
309
159
345
601
550
779
364
727
119
714
187
645
782
275
101
493
219
551
3
82
519
520
300
14
780
346
445
33
497
8
758
211
499
120
495
152
609
1
56
754
106
34
248
206
502
651
681
579
301
6
164
372
632
683
383
102
416
453
149
85
430
400
721
634
207
288
273
692
234
660
704
682
177
305
185
215
663
204
661
268
745
720
213
179
401
391
589
171
662
711
706
279
390
452
678
693
707
738
130
715
114
283
640
687
770
186
178
713
340
286
184
710
742
311
746
81
750
367
86
749
474
363
752
685
708
503
250
80
743
766
712
744
748
143
307
709
109
362
