746
714
531
532
564
530
747
361
745
715
716
683
392
533
563
719
748
368
720
360
688
749
242
465
682
535
778
498
499
210
307
562
432
717
777
718
779
267
713
335
689
589
340
534
433
750
369
503
657
393
464
400
339
275
268
497
781
500
420
336
23
463
851
516
780
334
431
424
228
276
236
308
329
658
367
751
22
621
243
337
204
521
298
197
681
690
726
87
401
71
684
812
211
472
1010
119
502
419
808
330
178
553
299
590
883
341
274
596
102
615
70
529
565
230
425
216
583
209
852
10
882
96
758
99
39
205
56
24
466
471
269
1004
504
399
782
547
98
260
776
64
8
177
721
588
289
595
626
548
171
594
172
1008
462
338
101
911
501
832
633
262
295
1011
129
759
38
567
18
128
884
602
687
1
145
879
914
620
198
1005
164
1000
418
42
557
864
301
999
151
388
152
257
21
943
293
32
881
727
81
485
263
601
407
120
517
1013
34
218
1012
795
440
880
807
184
942
355
554
774
415
408
385
333
944
250
80
107
507
237
445
827
694
741
249
123
229
545
33
976
989
150
850
558
912
186
582
31
53
480
833
124
161
165
100
665
901
947
50
969
801
40
566
511
865
345
203
261
552
9
292
69
386
366
1016
935
1007
484
217
144
223
114
915
775
819
417
20
66
146
966
612
41
763
902
113
496
640
1002
508
773
614
241
752
314
112
72
903
1009
541
520
1001
703
328
952
1014
860
828
931
540
820
219
383
977
475
641
762
856
580
536
439
294
933
63
996
290
983
1017
542
972
892
362
183
373
988
980
783
890
984
824
671
259
805
309
446
607
791
54
1021
628
451
76
964
978
356
454
155
995
92
1003
391
376
888
1015
190
934
625
873
130
174
899
476
561
581
897
409
235
37
806
584
193
176
410
82
891
923
941
313
858
49
319
968
139
889
325
509
859
19
764
853
838
187
158
188
956
17
156
572
921
351
382
108
945
412
277
78
1020
111
67
467
154
954
575
160
421
666
206
800
185
2
189
346
1023
963
444
909
550
571
231
904
929
110
131
254
811
447
642
674
632
979
836
175
835
744
868
866
913
887
936
698
95
125
898
638
813
900
997
306
609
127
515
708
794
803
377
769
280
905
839
282
730
831
699
287
477
109
441
473
55
248
452
802
768
920
951
918
579
810
191
736
375
857
695
896
834
732
1022
940
349
742
546
342
965
212
522
16
894
48
430
893
930
975
442
733
93
116
140
608
576
606
252
587
796
222
731
115
953
823
634
317
94
895
143
862
948
83
122
919
479
387
126
324
315
238
1006
734
709
636
871
255
855
196
706
288
413
539
757
537
639
767
36
378
332
937
543
861
854
251
62
253
809
967
28
79
104
551
159
650
885
35
735
946
549
350
799
841
970
710
7
906
870
285
916
637
14
928
973
610
118
153
374
878
68
478
51
182
932
917
302
88
568
962
258
673
600
863
676
281
925
982
173
652
867
729
510
394
985
659
697
121
443
670
651
573
804
157
772
826
869
702
65
11
220
244
664
574
344
669
380
797
323
352
790
627
822
738
613
47
389
137
700
13
97
194
737
305
134
825
316
922
986
886
347
73
381
77
770
74
456
1019
605
570
990
43
448
668
264
950
304
604
414
927
696
30
958
957
987
225
872
792
354
86
874
320
103
924
544
926
829
981
90
512
603
569
907
643
6
693
27
910
760
457
310
765
411
840
818
616
318
672
646
961
667
117
789
46
474
321
91
300
221
739
647
208
247
423
577
837
5
106
938
357
635
379
505
291
482
283
84
44
470
644
138
845
704
358
991
830
450
224
142
955
141
343
701
279
449
766
974
821
538
677
12
846
15
998
327
326
488
678
705
286
506
370
740
707
798
675
994
844
135
60
312
75
939
949
348
284
761
58
849
578
52
200
273
166
416
25
1018
132
232
971
556
771
353
514
519
593
45
645
195
170
215
105
814
908
372
685
59
61
648
960
728
788
29
993
199
877
406
207
875
959
793
303
162
649
712
422
233
434
555
384
163
629
278
992
453
725
147
686
322
847
136
214
149
743
179
0
213
226
483
256
169
426
848
661
611
876
622
297
148
481
468
660
398
245
133
495
455
438
586
296
784
26
311
181
619
89
489
359
192
85
597
469
842
270
513
390
787
331
167
518
585
246
365
202
227
266
402
663
487
3
679
201
753
711
486
234
168
680
843
653
817
364
57
656
815
239
405
265
272
371
271
4
618
786
180
816
528
435
662
691
240
599
617
785
722
427
458
631
429
654
437
397
490
756
494
436
363
692
395
396
526
404
527
461
403
755
624
591
428
754
724
630
523
598
655
560
559
459
592
723
623
525
460
524
491
493
492
