530
531
562
564
532
563
589
465
720
719
498
688
497
464
432
716
463
683
499
718
590
657
717
749
689
368
529
533
535
431
750
433
715
621
400
748
335
534
503
658
751
369
558
557
334
500
714
747
307
336
339
682
521
367
462
690
594
588
561
337
781
684
553
496
340
242
746
399
401
596
626
466
1008
361
1011
502
721
726
392
565
782
595
687
393
210
1004
472
625
620
425
338
274
911
471
1010
275
504
583
1000
424
360
779
341
554
780
1012
745
567
501
758
914
268
308
912
713
1001
209
880
778
267
759
943
879
777
694
333
366
727
1013
615
177
851
942
969
301
1014
228
236
882
881
566
681
408
633
243
440
947
1002
832
276
552
944
197
178
752
269
516
601
204
883
520
329
18
999
989
145
808
71
864
420
783
70
812
407
602
507
102
330
230
298
99
299
23
801
211
915
1021
39
241
10
640
64
983
129
1016
795
144
419
8
966
536
289
852
833
935
1015
865
741
22
38
98
81
50
87
548
96
216
205
665
628
776
198
517
547
1
260
582
976
373
931
345
933
164
119
988
80
850
172
31
508
445
641
218
980
807
257
827
763
34
964
32
415
952
439
884
128
703
171
819
897
984
56
996
968
1020
101
124
934
828
485
995
901
418
409
42
24
295
899
791
114
262
475
1017
112
250
773
237
223
107
100
113
146
542
176
314
671
123
186
612
511
614
33
263
376
63
441
69
165
762
385
584
856
309
903
377
9
902
541
666
860
764
888
388
430
293
417
580
545
774
355
161
467
386
824
184
540
446
249
259
20
40
219
203
571
229
892
72
1003
82
480
66
866
21
768
120
383
152
151
150
1023
328
261
963
292
410
509
346
476
929
800
956
217
972
130
699
820
941
484
53
923
954
49
831
965
362
769
945
187
609
581
193
802
19
572
382
111
290
92
174
155
306
190
550
1005
607
41
736
642
76
444
156
160
674
979
708
454
921
473
17
775
803
183
977
412
235
539
909
158
698
277
477
451
2
898
127
873
351
391
78
913
282
930
319
251
356
853
997
313
834
37
896
294
951
676
378
54
315
188
1022
887
634
706
280
893
421
978
48
731
442
175
890
125
608
936
109
796
673
325
287
948
587
302
131
248
134
189
918
639
68
859
836
732
55
835
447
613
139
546
452
288
191
67
889
575
95
811
810
115
735
212
110
576
206
734
515
522
967
185
254
895
349
116
593
709
108
767
16
891
904
324
36
770
636
579
700
900
375
387
920
738
806
730
231
220
443
65
347
118
196
88
93
744
863
928
122
126
83
28
104
255
940
143
805
182
610
799
222
757
11
342
823
953
323
549
862
7
606
389
137
244
985
894
173
413
252
702
479
74
159
43
478
154
570
638
794
510
1007
6
962
350
885
573
94
281
352
543
670
121
813
986
73
861
932
140
937
97
632
194
62
742
537
35
51
772
733
86
605
809
905
637
919
448
855
258
868
474
157
317
264
603
153
357
344
854
906
320
30
669
354
987
482
858
925
917
253
5
577
247
1019
646
225
381
411
1009
512
380
90
544
797
867
106
916
414
27
224
285
79
604
695
117
358
103
291
667
737
25
327
574
450
283
668
14
138
321
672
790
332
643
857
135
838
514
84
47
886
957
379
841
374
423
77
238
822
990
710
739
449
922
279
958
551
58
394
789
946
326
416
318
839
926
650
878
644
998
818
91
804
316
132
232
740
645
677
568
701
221
578
305
871
215
927
955
105
353
678
849
141
310
422
453
924
75
647
200
483
821
635
961
13
46
170
142
213
845
136
312
844
659
829
52
179
60
384
456
162
296
304
166
697
712
826
59
569
300
195
788
297
765
233
600
169
214
705
29
322
693
874
950
26
481
348
704
869
707
147
359
256
89
513
12
825
798
163
870
982
652
792
840
85
991
0
278
390
907
506
61
651
771
149
284
872
192
675
830
245
286
766
133
538
994
1018
15
44
199
875
611
181
226
505
627
729
846
343
148
760
556
266
57
457
616
648
981
973
202
664
470
201
246
168
910
227
45
970
837
993
960
167
743
311
234
208
696
938
876
679
370
959
877
711
842
3
265
273
843
680
949
455
793
761
992
975
488
180
372
787
331
725
814
207
303
406
519
649
908
848
971
434
486
4
728
629
847
270
661
685
555
622
495
426
468
518
686
438
939
660
469
487
597
402
398
974
817
619
586
489
784
365
663
585
786
756
239
364
405
753
1006
371
272
271
815
653
435
662
816
656
599
631
363
618
240
785
437
528
755
691
617
692
724
458
436
722
427
404
403
630
490
397
395
429
754
396
654
598
494
526
527
723
428
461
591
624
560
559
523
459
655
592
525
623
460
524
491
493
492
