248
276
107
334
277
304
278
250
249
723
40
41
332
88
106
63
166
39
193
62
742
48
46
78
47
642
110
639
38
35
359
341
587
136
247
703
50
34
37
368
135
342
738
534
746
220
741
667
36
717
369
722
221
371
745
292
690
763
105
251
420
13
691
331
739
585
774
692
666
357
291
343
303
721
386
770
219
45
42
392
713
49
12
751
743
360
762
321
764
709
719
281
737
191
715
718
694
665
195
314
582
275
87
664
688
716
77
69
290
138
194
167
165
90
608
533
685
744
750
312
284
638
192
571
51
768
356
306
652
294
322
687
133
724
684
75
609
725
767
180
592
293
313
71
223
622
339
595
253
139
532
383
340
769
398
217
710
594
263
212
156
513
394
211
402
60
661
641
465
395
620
367
680
161
555
364
707
522
365
23
351
584
160
104
315
183
384
252
27
112
460
643
427
358
108
695
224
543
333
640
344
682
500
538
372
265
54
57
64
714
720
683
70
21
164
137
616
686
510
461
772
604
556
593
58
674
780
765
663
480
761
102
747
245
299
736
3
237
182
727
370
613
776
699
660
771
636
735
272
578
588
125
570
259
178
2
218
672
61
116
712
103
550
773
445
196
43
403
8
320
428
766
752
240
168
422
435
753
208
668
188
262
615
755
129
455
387
373
385
327
437
9
456
243
189
222
706
159
486
711
596
20
280
28
494
499
635
273
644
206
111
10
230
598
66
401
732
33
32
466
430
213
485
511
540
432
124
783
521
552
583
381
756
654
264
749
760
653
126
731
436
72
489
121
645
52
19
6
210
577
669
561
122
236
634
781
748
179
216
82
140
73
354
300
700
512
599
617
569
128
271
462
708
366
655
481
464
147
83
0
459
350
551
637
549
754
602
681
24
362
17
382
101
85
484
542
375
149
325
429
554
778
286
597
258
600
177
623
476
701
355
679
560
242
544
393
409
380
5
492
323
158
493
426
209
413
423
624
184
326
113
123
233
53
127
148
601
662
603
611
234
575
729
235
352
175
274
463
659
407
301
328
155
528
207
496
305
163
581
205
141
345
536
573
479
606
629
190
309
453
146
261
181
298
632
232
1
782
120
214
524
91
84
626
775
504
537
658
434
656
246
758
458
238
759
324
4
337
579
154
18
244
302
625
517
527
777
266
285
730
30
576
633
79
627
204
438
757
628
378
431
572
649
227
349
153
483
215
186
406
130
59
308
76
605
329
31
424
151
229
547
11
348
7
541
548
553
131
518
526
612
74
567
260
26
491
433
29
610
631
490
619
22
134
119
482
346
132
410
377
408
100
539
307
580
374
509
55
162
16
412
523
239
508
94
689
657
98
152
99
270
56
449
400
673
671
411
607
379
97
150
269
416
568
319
157
414
25
519
376
452
497
405
397
68
92
574
353
546
471
728
231
15
586
495
404
176
109
335
650
338
203
520
454
621
565
187
457
439
185
488
630
241
507
562
545
330
295
670
86
14
421
740
505
145
440
44
591
267
89
477
93
693
468
498
443
289
310
173
225
467
441
415
95
647
202
268
316
566
336
296
442
451
347
487
396
564
363
448
525
67
279
675
174
470
201
142
197
297
469
255
361
779
257
444
514
317
287
417
530
115
318
503
733
734
502
81
388
389
200
114
65
501
506
199
80
419
254
228
170
529
