348
134
396
132
375
374
186
162
292
136
370
665
404
518
201
346
222
163
135
379
562
424
347
223
642
145
200
319
144
670
535
397
380
116
468
194
352
671
318
520
534
408
219
426
425
701
159
2
324
133
431
168
33
402
516
664
700
421
645
726
698
783
112
403
325
82
117
32
107
218
757
423
756
55
674
54
173
651
28
782
477
759
644
576
196
5
191
420
597
164
550
29
519
197
114
140
4
643
172
288
422
308
259
560
30
496
476
369
546
727
781
195
0
563
26
758
780
214
309
606
280
588
761
486
760
345
169
559
142
551
176
323
442
83
143
365
253
392
349
638
728
702
589
653
609
242
137
85
31
141
469
110
27
376
605
398
675
694
232
84
155
487
364
703
611
732
3
287
342
393
512
302
578
414
115
158
561
230
647
637
298
484
616
517
111
317
755
57
60
617
378
754
190
729
157
373
673
590
443
634
56
497
149
655
165
705
225
547
413
386
252
290
672
291
59
273
337
336
205
646
522
586
270
731
297
405
458
260
531
243
549
733
1
177
492
226
663
521
113
281
87
89
271
449
525
660
614
224
272
395
699
455
401
202
204
353
58
635
88
131
106
650
61
533
192
160
753
633
175
52
356
330
289
575
53
483
154
752
24
690
86
326
148
314
591
215
227
682
407
275
495
507
587
231
25
532
471
109
579
461
688
156
434
394
459
615
448
730
296
261
430
81
358
537
523
619
691
482
387
351
506
467
695
415
489
220
454
488
558
692
355
51
147
661
509
657
599
432
299
607
722
683
233
217
221
245
447
652
704
354
505
9
193
269
368
539
659
604
229
460
608
327
187
610
577
491
381
654
244
216
293
511
129
639
235
203
251
357
618
581
300
603
504
440
596
693
524
678
513
315
470
685
553
341
723
274
19
536
237
677
241
249
574
493
669
710
687
602
50
151
359
485
499
125
263
23
247
494
174
689
498
681
108
711
301
515
656
662
250
279
254
328
457
548
686
627
538
631
255
433
258
189
105
399
641
161
625
680
329
552
439
79
262
213
658
409
268
465
278
21
313
185
37
438
15
697
320
7
179
153
265
679
121
127
629
725
47
152
632
427
406
39
714
11
435
234
446
668
573
311
199
167
80
411
715
139
412
77
583
763
441
171
514
124
264
623
312
130
248
571
593
207
119
769
762
228
335
419
530
565
503
303
343
720
239
123
751
285
508
735
206
104
598
35
382
150
46
310
283
188
773
569
429
181
38
377
49
14
592
572
43
295
18
361
363
198
510
22
146
666
383
316
463
490
236
544
42
636
721
257
36
779
453
676
178
410
475
466
428
344
48
585
212
13
567
128
256
183
20
713
684
267
322
339
8
372
600
767
649
166
385
286
389
630
400
765
17
307
601
775
724
209
640
10
527
391
502
34
543
246
706
545
667
63
240
118
542
456
716
462
734
718
712
451
777
321
708
540
613
208
120
566
529
75
709
417
719
266
277
473
41
707
276
628
388
717
73
564
170
211
180
626
126
71
76
771
78
384
621
45
390
282
305
612
6
284
210
580
541
481
138
340
436
367
70
40
526
437
91
371
624
464
778
479
452
480
418
184
766
334
12
103
768
764
478
238
696
582
501
65
648
450
557
360
182
737
739
745
366
741
500
362
101
622
749
331
122
90
338
570
100
416
472
98
72
444
528
99
