464
467
466
685
684
498
340
683
654
468
401
436
435
373
433
434
341
372
465
591
716
682
432
686
463
623
715
370
469
431
307
371
437
497
339
626
496
622
374
717
301
704
406
302
402
365
308
499
446
763
333
20
256
653
300
403
714
624
404
673
269
261
1015
655
795
429
592
794
84
672
430
652
796
192
63
405
641
529
161
651
825
899
383
332
694
625
748
159
801
542
806
334
659
131
290
396
299
606
291
768
16
487
438
593
627
331
700
397
656
914
650
364
47
859
425
671
1016
439
268
346
363
731
130
288
705
902
749
839
229
504
643
807
445
139
122
831
462
338
426
922
823
1005
306
543
38
551
907
561
323
398
519
872
199
791
162
658
15
851
230
350
858
127
764
237
726
799
351
394
393
926
1007
455
395
204
703
423
857
18
838
283
148
530
900
908
342
21
83
660
775
760
252
869
702
35
852
67
545
856
39
974
820
471
583
927
544
40
657
17
160
808
850
233
479
324
225
194
973
573
828
478
58
959
776
34
930
205
1013
510
698
883
236
841
774
773
934
912
292
911
840
809
6
197
670
267
822
676
541
330
48
126
574
248
762
270
865
882
173
158
982
647
472
666
72
575
792
321
709
190
112
31
515
329
80
247
320
590
933
821
735
1012
511
777
470
640
212
932
13
123
983
315
390
232
826
972
19
711
904
924
418
1014
928
440
59
991
213
687
12
941
667
706
206
85
450
124
639
264
937
550
975
829
649
219
730
33
870
71
49
853
238
979
52
896
253
8
1004
309
615
505
121
57
274
891
65
115
737
800
473
678
767
259
137
378
135
293
220
407
984
235
679
26
613
1006
732
981
485
874
743
481
668
198
244
1001
180
415
275
451
888
328
940
965
184
517
580
710
99
25
222
153
969
421
929
980
189
618
931
27
854
1011
810
885
196
536
447
251
227
890
276
661
950
154
243
827
352
990
886
560
211
79
163
113
203
866
316
391
454
781
109
484
95
214
605
958
500
387
101
221
422
419
942
266
456
642
125
297
149
73
379
103
939
782
96
298
744
41
7
226
207
742
943
813
187
147
46
168
138
681
424
117
956
90
476
915
936
141
116
186
44
516
549
271
892
362
75
693
778
873
477
217
88
475
104
357
452
830
140
185
295
188
91
411
380
708
1022
128
282
644
611
14
964
284
279
867
171
157
634
384
538
325
317
1023
389
167
889
797
43
518
832
245
734
887
223
898
410
358
845
250
910
152
30
868
314
89
265
9
28
947
637
736
414
76
697
172
486
824
638
579
177
348
178
951
747
507
353
355
729
60
453
988
296
234
725
77
662
347
242
952
646
935
24
506
136
319
181
74
108
443
901
884
864
957
581
45
70
962
960
790
129
919
968
612
174
621
156
833
842
92
871
107
120
105
509
963
989
971
628
967
938
759
32
946
175
949
548
285
925
645
712
102
954
216
745
707
36
98
602
382
56
699
576
819
263
169
913
514
442
260
142
501
183
746
955
444
313
629
164
254
94
218
897
881
976
111
761
246
1008
143
713
289
303
876
970
547
151
327
381
182
62
224
386
37
134
64
4
607
356
215
359
400
987
201
508
814
11
718
133
953
875
294
155
648
483
441
916
176
675
166
360
945
918
793
23
42
512
413
582
539
262
416
677
385
277
193
202
633
855
2
880
287
844
635
895
210
179
61
1017
769
570
241
106
68
273
772
780
255
55
837
311
906
948
860
779
239
804
280
978
420
846
879
482
78
513
614
944
305
286
361
29
986
345
578
636
474
110
375
1021
170
917
961
119
502
480
818
728
93
209
985
1002
1003
366
53
843
680
349
132
10
815
326
603
392
905
811
228
572
231
354
923
894
877
281
69
335
741
674
191
369
66
727
617
788
540
665
571
878
100
909
903
569
118
1
604
994
81
756
249
312
144
1020
816
817
812
966
87
427
740
546
388
594
537
849
701
258
695
803
601
240
1009
784
310
208
733
97
758
409
3
257
318
278
692
377
977
448
5
1010
343
691
200
145
195
757
51
893
304
146
150
165
630
669
996
417
696
765
738
836
86
54
798
766
82
449
412
847
608
494
322
344
805
272
789
834
619
995
863
848
503
558
783
787
861
577
921
568
1018
600
525
0
632
785
528
399
616
663
488
664
408
751
610
609
690
22
835
337
562
920
770
457
1019
495
493
50
368
993
724
534
336
376
598
771
750
802
992
739
998
999
114
520
997
862
1000
428
752
566
689
786
461
631
367
584
552
688
524
559
755
535
719
753
599
720
567
620
526
597
533
754
723
585
489
721
531
557
586
458
565
589
553
722
521
459
492
595
532
527
596
460
563
490
523
554
564
587
491
522
588
556
555
