267
266
296
269
295
675
306
268
270
294
264
450
334
265
647
297
242
505
772
395
761
533
323
588
503
325
418
367
561
477
768
352
629
700
250
754
448
394
535
84
33
562
614
393
742
31
114
674
30
24
726
776
576
571
782
58
55
642
750
774
759
87
116
298
778
26
12
619
240
730
5
669
279
324
353
755
773
241
701
338
392
117
502
557
82
449
765
702
391
308
671
4
169
543
585
41
696
79
243
53
707
534
603
613
760
558
668
599
758
712
310
63
577
563
673
282
656
529
478
362
698
263
530
25
224
741
171
474
737
501
769
630
473
293
628
715
290
64
615
743
770
598
602
550
745
271
500
713
78
714
202
144
201
733
678
291
120
92
740
416
289
711
739
738
105
555
560
749
307
544
239
281
604
69
174
536
646
147
222
280
762
655
736
81
339
361
506
115
440
627
27
439
498
312
528
326
16
48
20
676
252
564
597
570
771
43
2
66
21
717
104
76
204
472
583
572
103
731
68
744
716
141
621
649
365
703
672
172
51
299
42
763
412
244
380
102
679
138
10
643
363
468
444
469
165
480
288
421
443
777
467
718
351
441
46
110
724
687
246
688
118
313
422
466
292
654
556
173
340
592
746
549
471
735
415
499
32
710
626
71
357
507
73
442
625
70
199
527
101
205
121
274
314
284
462
185
238
497
164
470
692
186
526
8
218
651
708
657
705
413
653
451
452
465
704
720
194
228
245
145
575
95
684
519
384
686
753
96
311
146
624
578
217
551
516
734
689
638
652
650
709
385
419
229
496
524
546
435
494
336
438
184
631
200
182
414
183
187
601
188
215
525
764
492
301
493
408
554
489
49
100
108
206
93
693
315
216
495
685
97
34
582
131
586
667
677
690
623
273
305
523
45
277
545
593
341
520
425
285
272
227
358
683
65
390
203
366
424
573
522
368
383
322
330
381
445
262
237
721
407
547
255
302
747
316
192
548
531
329
552
382
98
287
99
574
257
589
1
300
766
447
559
783
722
59
455
56
521
565
396
214
189
697
44
47
622
706
22
483
86
666
600
637
648
128
278
510
423
453
511
446
426
254
220
587
317
170
36
379
258
38
318
211
397
39
75
67
221
398
319
369
400
399
342
321
343
344
370
371
320
372
374
373
345
346
347
