588
587
522
490
524
554
492
723
722
586
589
755
754
598
620
458
557
489
599
721
691
724
566
619
459
534
565
460
753
597
502
457
564
690
756
720
692
631
521
503
535
585
719
376
752
786
689
621
337
688
567
630
750
336
787
751
596
553
687
367
471
377
345
718
368
783
470
971
617
785
305
366
424
663
600
349
313
392
272
618
648
400
10
281
61
208
757
399
909
725
22
456
335
616
584
381
150
972
338
771
533
784
656
11
985
370
513
885
249
359
940
239
19
483
966
632
262
111
110
409
917
488
449
51
439
949
686
905
304
303
240
739
5
855
481
24
968
408
23
1002
577
862
664
360
53
45
877
920
835
770
601
202
387
186
218
939
1018
816
60
482
295
886
282
970
802
948
941
271
185
876
415
382
908
480
93
815
348
680
805
289
950
579
224
797
6
512
172
212
570
43
29
696
733
765
506
14
245
94
649
995
921
170
961
179
931
834
155
669
165
769
28
306
919
100
937
552
894
21
793
175
863
546
918
833
532
864
255
982
241
717
420
76
789
182
830
803
1
388
736
766
831
178
1000
450
635
286
13
697
257
62
164
967
964
151
219
417
114
1008
932
78
782
166
738
861
442
30
109
904
933
187
174
1019
209
42
525
887
50
609
817
893
238
8
285
207
657
77
761
701
825
741
938
334
515
414
142
989
20
145
986
871
860
273
386
853
547
603
120
413
812
216
959
296
899
293
800
173
27
655
645
79
824
270
951
323
184
514
676
900
936
665
59
37
568
836
957
866
117
416
1017
82
711
953
101
26
451
128
827
412
762
788
984
611
604
829
188
928
749
250
69
916
798
987
944
857
317
629
254
935
87
734
9
214
193
33
998
444
383
958
702
274
952
123
772
280
199
32
799
328
410
811
160
44
539
156
154
576
956
926
41
136
837
152
832
225
991
391
983
39
977
955
206
898
378
176
418
358
126
12
670
703
612
675
2
91
610
143
838
677
999
743
930
320
108
223
884
124
990
36
322
131
314
880
371
1003
493
132
520
278
767
906
140
251
988
843
954
774
135
602
183
923
339
474
571
125
639
927
578
728
712
929
56
64
538
826
228
595
642
794
121
638
25
92
302
993
518
978
99
544
925
647
318
211
350
198
901
256
895
425
730
511
891
550
447
840
636
229
319
729
924
353
105
740
292
897
258
856
969
354
509
171
814
583
68
351
981
867
607
31
773
548
660
699
106
119
137
157
452
960
590
608
419
992
780
973
854
903
129
662
640
896
343
438
1009
324
83
440
153
804
976
572
149
637
873
89
144
671
907
66
849
232
795
243
287
380
55
70
1021
666
707
695
141
107
138
197
875
1016
806
667
822
217
889
97
758
102
868
146
915
942
203
997
325
127
781
40
708
790
965
401
472
643
963
549
537
75
615
484
118
870
858
975
269
222
1010
407
823
501
540
742
288
516
448
220
668
478
945
1020
297
859
881
818
810
934
275
479
582
828
801
844
134
922
385
162
890
839
764
614
1022
732
268
519
411
355
747
517
634
361
913
191
580
710
210
947
848
912
284
605
558
477
775
545
872
996
508
892
962
737
443
71
852
536
846
96
356
159
267
674
779
266
673
487
244
679
393
735
744
1004
865
1007
1023
1001
461
35
510
1014
644
290
796
874
90
641
454
352
38
253
1013
423
291
581
541
95
842
441
543
778
731
432
112
57
194
994
88
910
485
748
980
633
65
505
74
628
81
72
301
569
221
73
672
205
776
902
84
888
551
878
58
476
115
260
486
563
384
147
190
646
316
130
379
453
177
613
1011
259
946
678
204
507
445
807
161
158
813
357
704
235
706
709
760
705
116
389
475
698
821
883
261
500
768
122
63
943
693
248
700
575
113
103
252
845
230
446
745
237
277
1012
791
67
104
398
792
1006
681
321
18
298
869
777
574
47
279
911
242
375
685
1015
847
189
34
808
504
48
80
421
542
879
139
17
310
1005
531
49
606
974
841
346
276
98
819
455
882
573
283
624
16
623
759
763
15
307
914
979
652
422
694
727
726
333
299
300
820
809
653
661
473
236
247
315
308
713
390
426
659
499
347
309
365
716
469
850
627
654
622
431
330
427
746
428
559
851
650
658
332
329
402
468
684
527
591
651
715
403
340
714
342
526
406
495
437
429
464
467
404
372
496
331
362
592
682
435
374
494
463
436
528
397
683
341
405
430
373
625
396
364
433
560
462
394
594
363
626
465
434
395
497
498
562
466
593
530
561
529
