363
114
769
335
145
253
766
708
739
42
765
767
747
250
477
743
670
744
707
709
505
307
279
278
281
745
277
676
143
749
86
748
712
746
199
362
530
305
216
81
255
741
71
768
770
197
142
764
588
222
559
621
558
310
585
502
138
706
594
737
115
186
586
96
738
613
771
678
587
724
256
622
43
217
772
366
711
735
504
421
187
736
349
616
361
719
718
609
246
449
194
333
693
306
557
649
214
252
251
242
752
696
617
532
215
582
117
282
69
213
146
687
180
189
125
659
280
308
720
390
185
448
283
181
633
710
450
679
663
364
705
178
517
208
714
240
624
109
212
579
762
122
740
685
654
655
775
169
179
236
209
408
334
750
713
243
680
182
721
715
662
660
717
171
661
773
227
123
162
763
777
695
760
684
675
704
620
603
653
259
311
682
683
636
716
225
274
381
118
336
249
260
631
651
219
608
650
634
623
723
234
640
235
779
576
241
351
590
126
144
80
82
188
507
269
641
689
244
320
70
206
354
276
228
607
629
686
262
130
340
323
207
692
153
656
681
642
254
55
568
27
632
731
296
237
177
152
120
407
703
258
16
286
72
518
325
652
742
393
275
342
753
26
534
319
635
525
751
264
595
231
245
384
367
668
758
601
389
4
638
261
124
268
326
24
127
531
164
435
722
98
12
546
158
545
30
778
671
761
645
221
377
596
440
618
412
625
672
606
2
593
134
133
577
701
371
535
353
691
700
566
667
589
21
29
270
343
8
551
479
380
291
730
332
782
344
754
698
97
131
315
190
99
506
263
673
289
83
155
94
28
265
569
690
312
733
57
584
112
154
759
626
560
665
338
10
3
295
232
141
480
159
729
132
328
313
592
74
677
781
0
84
639
410
75
462
304
580
727
658
597
460
151
290
113
128
757
339
271
396
44
318
630
129
53
161
458
20
702
490
780
331
433
205
598
230
664
783
160
552
341
352
476
273
725
570
372
644
575
604
52
578
303
646
116
572
9
432
600
776
583
316
156
488
288
648
567
31
755
287
522
612
379
489
121
666
524
409
147
196
657
149
218
85
95
233
345
168
628
436
394
56
599
163
148
7
1
544
23
272
170
76
284
299
556
100
200
610
302
22
605
523
25
19
539
247
324
184
674
321
176
413
466
174
434
14
426
452
422
627
756
93
694
285
411
519
111
495
317
514
547
157
202
615
574
5
669
405
370
17
292
136
550
619
54
464
137
248
382
602
515
581
293
540
337
314
548
373
400
104
192
385
229
32
571
101
431
474
541
140
6
301
36
15
491
728
513
119
193
591
573
13
699
11
637
226
78
406
33
203
542
457
378
108
549
92
191
459
774
58
486
555
536
427
34
529
463
73
487
392
453
77
166
420
456
508
88
195
110
512
543
135
139
484
37
223
611
102
451
103
49
90
50
105
107
62
403
38
