438
740
430
286
437
603
473
226
667
480
275
513
444
336
631
564
439
313
511
447
317
248
391
322
315
202
247
629
258
416
688
628
367
752
471
157
232
415
316
80
240
340
643
778
493
314
301
297
428
148
388
417
272
454
434
270
355
338
339
378
424
302
399
375
285
383
299
282
44
398
510
350
402
220
369
151
751
328
776
356
386
509
452
303
271
483
465
198
733
309
397
640
357
482
425
500
668
445
298
562
537
462
475
137
612
481
666
694
59
387
257
501
300
359
165
329
697
358
360
40
39
734
330
565
533
614
561
368
419
503
446
418
