670
277
724
647
722
248
193
41
88
362
669
449
197
444
40
45
96
42
251
769
505
43
477
443
416
585
422
719
39
78
221
38
94
104
472
105
335
333
137
72
97
284
639
37
641
136
44
464
709
489
220
74
703
73
490
676
47
108
421
75
450
565
90
750
592
743
533
488
293
569
98
753
689
773
63
310
138
721
717
12
613
690
381
747
741
778
518
668
110
415
312
36
591
561
91
463
337
223
713
568
165
34
718
556
71
595
659
633
661
649
279
765
655
50
716
694
582
133
367
711
635
441
353
371
460
712
113
606
619
87
710
634
764
570
571
599
646
534
62
487
158
283
666
35
596
102
715
636
679
321
611
696
779
278
399
459
160
109
631
13
605
48
414
274
281
99
470
130
467
149
51
678
580
307
707
593
777
660
609
76
320
458
744
162
768
471
552
701
153
240
364
766
608
461
749
243
760
720
363
214
587
166
93
440
598
540
677
615
577
58
578
344
288
430
767
564
740
521
597
217
645
33
519
396
342
207
168
326
119
583
354
60
600
691
103
437
215
581
349
625
209
535
590
82
782
699
729
692
186
656
493
157
594
510
218
667
618
213
3
294
61
185
289
85
272
628
708
604
241
161
121
431
159
453
208
30
187
239
426
607
663
395
671
246
413
532
216
680
400
428
657
303
57
163
748
212
266
154
637
256
124
662
407
188
640
77
116
372
739
204
781
297
352
23
180
386
687
314
731
746
64
347
432
315
101
122
520
181
268
151
152
52
27
54
508
167
683
2
783
492
438
549
285
189
84
482
758
16
547
129
206
126
131
112
365
235
20
664
179
164
476
211
620
230
236
89
238
265
290
672
127
612
445
263
184
651
373
59
762
319
28
548
125
617
86
55
178
128
504
706
25
237
673
302
5
264
624
19
575
345
141
560
714
203
183
205
231
481
260
644
576
730
280
115
382
292
579
155
727
8
271
194
622
53
457
4
356
553
245
286
100
763
350
258
343
300
757
700
242
732
776
143
406
377
756
18
693
374
755
366
338
250
623
117
234
10
21
402
118
252
524
29
546
626
318
22
705
261
738
227
177
658
267
486
509
148
262
412
630
554
759
24
452
233
466
232
7
17
557
512
456
31
145
111
726
378
385
298
332
543
222
174
291
196
603
301
752
429
383
545
698
26
574
172
544
317
340
465
539
83
551
451
442
665
500
139
772
479
316
202
629
322
368
269
195
295
401
573
259
341
182
324
147
588
702
282
255
156
541
725
229
507
379
175
745
733
742
313
480
210
528
120
695
384
525
15
616
433
14
405
336
346
455
410
70
253
527
602
555
331
323
774
434
225
621
403
513
351
146
81
454
355
529
387
511
770
514
542
296
483
411
327
478
257
308
771
737
515
132
80
735
484
357
584
506
69
67
517
114
734
775
485
448
502
299
503
170
388
328
329
751
474
330
199
736
390
142
144
65
171
516
254
68
359
228
501
200
66
530
358
531
447
361
391
417
697
559
475
446
419
198
226
389
360
586
558
418
