491
459
527
522
493
490
492
460
692
523
376
691
343
565
816
630
597
753
722
344
428
662
399
29
311
524
458
310
595
427
526
596
661
93
183
754
598
367
461
528
784
817
61
752
150
318
920
377
723
815
409
814
278
215
533
1019
566
281
285
693
149
721
286
554
30
282
347
152
553
489
366
181
765
599
86
1018
249
811
27
555
818
585
798
862
118
208
92
861
521
785
783
797
316
847
362
395
312
910
977
939
893
240
191
62
317
363
953
217
1006
408
81
119
412
60
766
89
57
114
819
938
239
985
284
560
185
87
151
604
631
970
812
441
280
556
848
701
54
998
945
921
248
246
739
875
878
95
180
494
94
724
106
182
992
955
207
148
974
755
786
75
999
834
145
917
221
201
567
610
448
663
997
55
993
4
771
202
375
987
568
540
925
195
895
876
978
1009
877
45
232
802
849
949
263
961
200
894
844
909
91
572
600
614
793
1000
245
577
669
3
416
379
105
513
843
331
960
227
740
733
196
262
326
294
742
59
728
520
830
735
398
835
258
756
903
322
170
386
738
216
345
926
26
5
908
384
534
272
389
789
946
525
234
944
359
1003
810
146
228
90
603
836
2
581
266
919
803
741
88
133
136
388
265
787
42
639
357
537
958
611
356
98
584
609
153
97
134
677
646
674
231
165
28
846
737
74
570
922
863
508
866
845
868
736
68
842
37
829
169
1
0
143
354
1004
569
770
483
612
512
385
799
788
935
578
100
966
321
50
1022
632
757
78
104
804
488
296
897
986
635
1020
705
538
967
707
452
690
449
46
696
549
994
482
552
991
706
539
855
66
259
874
142
860
506
110
668
918
44
924
353
103
898
176
896
608
772
65
264
141
474
167
664
422
644
69
179
710
328
358
450
640
352
486
420
417
257
645
907
582
120
132
1010
923
548
546
481
962
325
805
218
559
297
571
518
1005
675
36
35
166
892
82
76
49
64
6
80
800
769
199
73
56
996
636
164
233
163
48
888
951
680
480
206
292
734
891
390
761
867
927
971
870
327
864
9
14
107
125
536
514
576
168
187
1002
859
767
108
79
837
613
502
579
1021
708
147
455
473
865
140
99
637
10
501
225
230
887
744
678
929
679
732
676
273
418
1023
32
303
959
128
607
643
454
711
355
695
547
77
642
544
505
197
226
154
260
271
320
194
304
963
702
699
942
155
330
880
990
638
616
144
101
279
193
1001
768
255
934
709
381
820
171
660
906
605
291
580
235
96
703
43
889
832
573
162
11
671
813
391
905
111
796
672
220
250
315
387
854
38
995
174
487
831
289
131
138
129
928
135
704
743
198
913
976
419
157
931
137
899
83
952
67
33
873
295
47
879
451
606
932
957
361
519
840
324
833
298
350
115
229
440
871
933
51
329
515
965
396
954
209
667
439
429
516
214
647
224
476
517
900
126
950
453
890
697
841
504
102
109
472
160
751
712
407
535
323
764
601
670
901
70
41
550
545
881
121
886
254
175
801
729
509
725
31
12
290
34
828
869
827
964
58
7
885
306
1017
484
902
916
173
456
575
973
261
188
189
421
360
442
130
551
203
112
332
850
856
853
192
156
299
839
293
113
760
780
821
288
937
17
602
267
936
673
615
700
172
447
641
124
13
335
930
730
241
807
300
968
633
256
629
251
485
762
186
287
634
52
71
790
205
342
184
444
72
857
313
127
426
270
177
507
8
22
116
53
858
349
397
583
826
423
161
392
792
617
969
592
413
872
247
15
210
319
374
204
838
139
884
1013
948
414
477
277
253
773
380
750
779
806
334
775
851
794
941
776
824
39
84
244
237
411
731
774
713
40
471
904
681
956
882
222
406
314
981
238
852
85
648
979
574
988
656
940
274
223
268
665
1014
348
219
503
470
243
588
822
123
984
758
883
594
825
809
122
586
782
808
975
269
211
364
541
305
982
624
236
336
649
457
1011
178
242
1008
394
443
989
915
309
720
283
947
213
158
438
23
912
972
63
719
745
475
190
469
424
25
666
698
688
727
24
393
275
117
1012
587
276
479
425
351
301
795
510
823
382
252
781
943
212
410
628
338
759
511
365
983
778
302
1016
911
763
307
980
914
749
687
339
500
371
333
689
1007
445
19
478
655
159
437
372
618
337
686
543
21
404
436
346
777
1015
16
717
623
415
383
627
308
561
468
747
694
18
368
791
341
558
542
20
378
403
650
748
400
529
446
405
373
591
530
659
718
340
495
593
620
746
726
619
682
557
430
370
654
657
589
714
435
621
564
369
658
685
625
716
563
715
532
562
626
496
590
431
499
622
467
462
432
684
652
653
651
401
402
683
498
434
531
497
463
464
466
433
465
