493
492
525
560
461
524
526
592
527
494
559
460
623
491
591
528
624
395
495
429
363
428
436
404
396
655
523
364
459
85
397
618
462
593
405
437
654
403
147
617
435
427
630
598
561
843
594
558
180
430
650
662
585
595
842
149
311
394
728
52
331
992
406
556
622
84
374
627
458
974
246
179
993
586
724
116
994
148
723
761
651
426
57
597
115
279
247
998
793
278
117
875
284
557
631
390
574
86
373
468
490
679
118
486
656
342
240
848
15
837
1006
384
343
874
629
960
347
625
711
663
310
997
792
162
653
619
946
312
372
979
707
453
3
168
872
743
1018
332
221
626
692
214
959
316
286
785
89
729
878
869
103
910
422
265
318
847
573
518
365
675
661
322
321
817
245
955
469
213
841
804
234
798
132
181
644
766
760
357
605
348
411
678
596
740
844
705
201
816
266
371
379
106
628
986
283
455
906
194
611
55
677
74
271
297
105
529
543
487
362
606
1019
668
25
136
380
815
569
4
97
104
277
496
296
443
12
448
256
975
938
224
192
826
701
754
957
73
578
599
138
635
876
474
575
352
830
315
962
90
981
939
291
870
765
353
637
755
134
696
253
907
189
239
414
200
67
646
771
924
636
389
88
987
996
0
927
809
478
29
202
510
58
991
375
288
667
839
167
712
990
608
26
922
398
700
166
44
473
285
867
505
978
925
672
47
1007
555
945
840
191
649
871
139
83
169
157
227
51
48
34
130
772
141
514
46
161
135
737
704
309
829
645
943
354
825
142
756
252
732
226
961
821
287
739
916
613
68
421
786
1009
849
65
680
358
963
949
325
643
163
604
244
958
674
537
356
603
877
670
477
359
479
638
91
49
233
222
159
133
258
75
610
434
77
858
272
207
413
669
845
913
82
965
13
948
706
953
35
215
976
506
544
693
731
770
95
158
416
861
98
838
1023
108
1022
895
868
980
863
977
72
890
423
193
609
854
280
538
973
220
889
235
170
45
709
725
914
16
36
836
248
926
482
199
61
59
806
673
449
710
378
545
319
735
846
190
483
146
156
708
857
355
154
259
225
153
923
738
320
967
697
317
254
273
742
143
175
513
232
733
954
818
324
17
519
822
607
767
121
489
664
1020
512
255
576
947
140
894
873
893
137
970
476
412
300
261
950
160
60
446
107
251
441
546
695
290
956
447
551
805
788
450
260
176
744
79
572
886
66
488
879
350
734
2
577
78
231
481
862
122
62
908
915
484
520
642
182
995
794
698
541
580
702
188
329
14
1015
323
790
542
217
796
94
1005
768
936
835
410
539
452
174
230
902
549
699
634
442
888
385
944
203
54
581
614
928
144
346
892
568
1003
351
127
125
552
41
475
195
515
904
540
509
571
485
402
198
454
985
859
183
381
126
900
326
681
109
1012
898
155
120
730
43
810
208
802
951
96
896
789
850
344
451
919
641
1014
187
438
7
903
40
775
69
417
823
270
480
102
639
891
5
229
834
387
612
982
1010
647
660
799
11
803
341
292
550
444
37
971
887
30
929
92
237
38
932
582
905
769
764
173
93
327
236
811
797
113
921
328
930
773
445
33
579
548
1017
129
814
212
27
855
911
917
517
659
1001
388
901
918
165
56
250
884
616
964
63
330
110
112
391
547
119
881
314
920
1008
584
281
196
70
897
813
763
131
570
676
71
988
807
264
206
76
151
223
