-0.17355347
-0.08761215
-0.045414925
0.22845888
-0.011123657
0.0066394806
0.007009506
-0.18462372
0.09927082
-0.051181793
0.082873344
-0.16195011
0.27621078
0.030641556
-0.33049583
-0.29327774
0.005156517
0.15722752
-0.164114
0.05068016
0.083639145
0.09207058
-0.19461346
0.008546829
-0.01246357
0.03377056
0.033668518
0.109869
0.051919937
-0.061829567
-0.006398201
-0.18309212
-0.024658203
-0.07370663
0.20497179
-0.05494976
0.20968342
0.6966815
0.47817087
-0.52118397
-0.37075138
-0.24320698
0.32744694
0.22223234
-0.44616127
-0.11411095
0.049767494
-0.05939865
0.25168228
0.4614148
0.5187106
0.06433487
0.13538456
-0.08274078
0.052197456
-0.07604313
-0.09720993
0.0033330917
0.0023422241
-0.7255373
-0.16090679
-0.032242775
0.23391199
-0.19842339
0.3508029
0.67275095
0.98024416
1.271327
0.6625314
1.0859842
1.1559744
1.6804934
1.2357821
0.6564107
0.9621
0.7143202
0.7327099
0.29984903
0.6221771
-0.19685173
-0.37174606
0.005252838
0.12158203
-0.17875576
-0.08186054
-0.13286114
0.4513049
-0.058395386
0.48082685
0.6374006
1.2779217
0.531518
0.88507223
0.88532066
0.8339033
0.4578185
0.9038906
0.64986897
0.47825336
0.5909562
0.7531748
0.40628672
0.2848649
0.29514503
1.048501
0.37829113
0.18746805
0.25215483
0.5576043
0.46649837
0.35876226
-0.13670921
-0.0047397614
0.58706427
1.186686
0.76947546
-0.026548386
1.0149007
0.26295805
0.22319412
0.43042517
0.0026435852
0.5185509
0.15435886
0.15199089
0.16182709
0.29561234
0.2891674
0.581923
-0.019314766
0.1650629
0.32776928
-0.10095787
0.050928116
-0.26669216
-0.5919199
0.66918325
0.52234554
1.0519781
-0.4603281
-0.02266407
0.00865078
0.84163284
0.8477149
0.46179295
1.0718436
0.49710035
0.4406309
-0.32878685
-0.051709175
0.27862978
0.41502285
0.09801197
0.12641239
0.18657541
0.009755135
0.030686378
0.0082063675
-0.079338074
-0.09751415
-0.12122631
0.065089226
0.006547928
-0.13345337
-0.0027637482
-0.36104965
0.6735735
-0.5088911
-0.048366547
0.45946407
0.3394332
0.37789154
-0.038101196
0.11496925
0.20164251
0.011109352
0.16129589
0.19688177
-0.03367138
-0.13287067
-0.05994129
0.266057
0.31089544
0.12593651
0.15757465
0.22087097
0.14324665
-0.043564796
-0.12277794
-0.40671444
-0.2056694
-0.05840683
0.3204651
0.82075644
1.2929316
0.5710821
-0.14256859
1.6832404
-0.11643982
-0.065859795
0.18561172
0.06150627
-0.09758568
0.06444645
0.09251785
0.01774311
0.0003194809
0.31351137
0.06822014
0.21832609
0.14209938
0.3201437
-0.004052162
0.1387825
0.14179897
0.12095165
0.012325287
-0.10675812
-0.22502041
-0.03662491
-0.4913273
0.048298836
1.1417813
0.6370077
-0.2291336
0.8792701
-0.21459293
0.116147995
0.30400372
0.38624287
0.30291462
0.17042589
-0.14483833
-0.14822769
0.19155216
0.00938797
-0.06561279
-0.18581772
0.019569397
0.17739058
0.38021135
0.0826664
0.022266388
-0.04119301
-0.008716583
-0.17041016
0.11895752
-0.41262436
-0.33417797
0.42097998
1.5847692
0.8895049
0.3008151
-1.4680424
0.0886755
0.15555382
0.3794818
-0.27763653
-0.06954861
0.3723383
0.2670641
0.02914524
-0.18552685
-0.020352364
-0.056653023
0.060059547
0.33438587
0.20333242
0.0026378632
-0.022903442
0.24067259
0.23737335
0.11667156
0.2180767
-0.02993393
-0.3961296
-0.25923538
1.1092715
1.9655609
0.14771557
0.31702423
-0.9102726
-0.53419685
-0.35966778
0.38807392
-0.16056156
-0.05382538
0.19681978
0.0890913
-0.13180447
-0.004426956
0.17890596
0.043981552
0.20399189
0.560791
0.47248363
0.27669668
0.056250572
0.21073723
-0.041737556
0.15909767
0.026862144
-0.08458328
-0.19163132
0.053411484
0.4299183
1.4700241
0.42284727
-0.44786167
-0.2069645
-0.29667473
0.484478
0.7311959
0.35443497
-0.13078213
0.081822395
-0.024850845
0.006799698
0.04969597
-0.06235504
0.0016422272
0.1227026
0.7601304
0.7431979
0.10528278
0.1431303
-0.024650574
-0.052318573
0.14171028
-0.058553696
-0.39323902
0.21727562
0.024053574
0.493989
2.2318826
1.2027411
-0.43204498
0.23054218
-0.3885908
-0.13758469
0.29686928
0.47140884
-0.15291786
0.17014647
-0.3138914
-0.0175066
0.23283195
0.16610146
-0.14961433
-0.06281471
0.590775
0.50377035
0.44590378
0.1588993
-0.068507195
0.1541996
0.19285011
0.037459373
-0.40370083
-0.4675808
-0.5294399
0.7587223
2.034771
0.8324108
0.3440771
-0.14820194
-0.01554203
0.028280258
-0.7180929
-0.2530632
-0.2743473
-0.12972927
0.0076618195
0.030478477
0.39330387
-0.07441807
0.089092255
0.2930293
0.35448647
0.4820032
0.32947302
0.3280635
0.09460068
0.057335854
-0.20631123
0.005235672
-0.36299324
-0.36496258
-0.14780807
0.44372702
0.8576269
-0.0771122
0.1779828
0.51266956
-0.02700901
-0.22300339
-0.47559166
-0.8505945
-0.63869286
-0.8100195
0.046928406
0.19522047
0.062441826
0.012473106
0.0792017
0.27541876
0.33307314
0.29783297
0.34175062
0.10672951
0.051768303
-0.24761868
0.13368225
-0.014688492
-0.03435898
-0.3934555
-0.4024496
-0.22645092
-0.9055109
-0.64300823
-0.10133457
0.7748413
0.7286153
-0.36127567
-0.41093063
-0.7866125
-0.15529251
-0.34375477
0.38972855
0.46275854
-0.061403275
0.2846794
0.3432417
0.42382383
0.47368336
0.13127613
0.35086584
0.094854355
0.041719437
0.0014381409
0.17596102
0.009736061
0.21029997
-0.17706013
-0.44642258
-0.503417
-1.370472
-0.29640293
0.07250404
0.7717891
0.6915312
0.4495926
-0.008363724
-0.17057419
-0.20853996
-0.31575775
0.39971018
0.09339237
-0.00971508
0.15635872
0.054815292
0.36157608
0.4113183
0.09615135
0.21865988
-0.26190472
-0.074344635
-0.007671356
-0.010314941
0.012158394
-0.09919262
-0.18555355
0.21457148
-0.33680725
-0.37387943
-0.43882847
-0.032354355
1.3268762
-0.29952812
0.8841853
0.47325373
-0.1749363
-0.052988052
-0.11384773
0.18018341
0.19614983
-0.025744438
0.13534069
0.20063925
0.41611195
0.27596235
0.068808556
0.021863937
-0.19748592
-0.056056023
-0.2140398
0.073381424
0.035668373
0.186409
0.20866919
-0.18655682
-0.7336788
0.17019272
-0.44019413
-0.22092628
1.2680726
0.16206646
0.76131773
0.09735775
0.03271675
-0.023899078
-0.09397507
-0.056236267
-0.03822899
0.00774765
0.0686903
0.3268299
0.4195099
0.1461277
0.054081917
-0.2200489
-0.17549515
-0.012704849
0.005870819
-0.12263203
0.32491064
0.20211935
0.09844017
0.19997263
0.08900356
0.3377881
0.34235382
0.4806347
-0.2953434
0.12389755
0.20783758
0.18629265
-0.115810394
-0.101774216
-0.06760216
-0.0694437
-0.29737282
-0.054647446
0.07293701
-0.02824688
0.23521185
0.006542206
0.1614151
0.1368494
0.17529821
-0.0021209717
-0.010532379
-0.013989449
-0.020459175
-0.12849903
0.4138341
0.38959742
0.63586235
0.92360115
0.63648844
0.10063076
-1.0573463
-0.56747246
-0.036722183
-0.45219135
-0.9645281
-0.10200405
0.044826508
-0.16268921
0.088095665
-0.09109688
0.027462006
0.0009937286
-0.11192703
0.02973175
-0.010293961
-0.03918743
-0.012716293
-0.0572834
0.050821304
0.010816574
-0.19806194
-0.078219414
-0.07349205
-0.1903696
0.102620125
0.92145586
0.46653032
0.94042397
0.015040398
0.25226164
-0.020414352
0.071751595
-0.2885809
0.23264837
0.13139057
0.0060567856
0.10824013
-0.039312363
0.004275322
0.08176422
-0.06596565
-0.08629799
0.079930305
0.33022785
0.10191631
0.13640785
-0.0050201416
-0.119828224
-0.32655525
-0.31502056
-0.7041111
-1.0054598
0.22561312
-0.43168545
-0.4709034
0.60232353
0.56564474
0.18620682
-0.34715652
0.2805829
0.4206667
0.17342758
-0.08464241
-0.04446125
0.19230652
0.06722164
0.26190424
0.20123482
0.31816912
0.1391344
-0.05768299
0.31026697
0.119039536
-0.027802467
-0.14409828
-0.25381374
-0.44855785
-0.6781454
-0.55072117
-0.7485018
0.15870285
0.8948207
-0.51843166
-0.11467743
0.047450066
0.349164
-0.5542097
0.10659313
0.18360329
-0.13946152
-0.21638489
-0.20732498
0.01734066
0.17443895
0.16628075
-0.030537605
-0.24941921
0.24904871
0.050617218
0.11816883
-0.023643494
-0.18866634
-0.15636253
-0.43412495
-0.5926094
-0.7629185
-0.6919317
-0.60441875
-0.2857628
1.8277044
0.060868263
0.03848076
-0.01665306
0.5156555
0.0645771
0.0940361
-0.26334572
0.2884984
0.13968182
-0.045820236
-0.13381481
-0.03699684
0.018393517
0.1398859
-0.01362896
0.048062325
0.1332779
-0.06992054
-0.2865448
-0.39340782
-0.11231613
-0.23417091
-0.10567474
-0.8685341
-0.7636013
-0.11125183
-0.92326736
0.57887316
-0.22190475
0.07242203
0.17299223
-0.21945
-0.4035902
-0.73554516
-0.43713474
0.6865263
0.93057585
0.7924185
0.49538088
0.14981937
-0.1609335
0.55053043
0.21035528
-0.063467026
0.004245758
0.07796192
0.5593543
0.24255037
0.051921844
-0.5416794
-0.568676
0.08729172
-0.055131912
1.0267663
-0.2761345
0.4317851
-0.080394745
0.15162468
-0.14558315
0.042678833
-0.64683056
-0.7910328
-0.821311
-0.741766
0.32112217
0.22369385
0.35417795
0.55652237
0.3377657
-0.7680998
0.5655031
0.49290037
0.1979289
0.35216284
0.9313612
0.75729847
0.5600996
-0.20827484
-0.12839413
-0.284029
-0.33460426
-0.07716274
0.6004782
0.019618988
-0.020590782
-0.2791958
0.0479908
0.27653456
-0.1407013
0.76876307
1.0879369
0.34554386
0.014987946
0.3002839
0.49671507
0.43034983
0.29610538
0.014252663
0.8597522
-0.37335873
0.1946497
0.43321228
-0.27576447
-0.20048332
1.1620574
-0.0800972
-0.25015736
-0.14687252
0.5153556
-0.11716175
0.05216694
0.076192856
0.107396126
