771
113
111
611
21
448
320
30
121
32
61
262
115
610
36
38
35
472
420
476
313
752
516
644
338
760
247
588
782
239
54
46
777
308
197
207
378
55
726
12
324
315
663
422
39
45
353
33
20
672
620
486
88
528
309
589
532
477
645
93
86
376
761
457
756
92
94
28
779
416
700
263
253
268
484
780
95
366
487
47
66
514
757
783
381
380
364
425
421
48
52
367
701
352
648
29
326
533
781
114
50
171
269
773
89
727
31
379
42
275
37
87
229
170
365
147
118
49
62
70
582
140
531
274
423
419
91
43
120
775
765
51
266
172
246
615
146
53
614
40
90
141
510
298
41
485
267
288
475
763
142
488
774
117
735
143
257
283
227
737
503
201
764
489
198
200
762
746
559
361
199
418
447
256
446
558
502
530
304
311
144
145
255
310
282
389
254
734
226
474
332
228
736
