642
675
670
723
724
334
722
88
306
422
669
449
704
224
472
444
420
674
647
197
585
676
639
648
450
703
92
173
610
335
284
362
41
392
761
650
150
360
638
421
477
538
565
397
63
96
592
46
94
310
40
641
39
394
169
371
569
283
337
370
649
677
556
396
87
393
90
42
416
678
613
91
399
424
536
293
38
499
369
443
311
45
582
425
113
566
12
568
398
35
679
721
611
312
750
36
34
123
567
72
43
595
149
517
37
106
778
464
668
201
108
359
570
505
97
779
137
116
75
615
73
330
646
423
358
473
47
104
593
328
62
709
408
105
321
110
78
490
561
707
331
119
74
427
49
643
471
694
320
44
60
769
172
95
654
136
309
564
591
79
156
773
489
437
140
619
380
426
355
717
518
210
299
753
339
351
596
681
379
445
349
332
317
435
741
58
407
48
537
598
50
71
352
701
410
348
434
107
61
325
627
98
364
589
261
56
329
381
731
327
711
1
535
689
780
297
545
713
655
102
533
765
279
365
138
571
710
729
609
463
684
342
207
33
462
637
409
158
130
298
682
51
645
599
133
324
367
76
353
563
590
269
534
743
13
428
491
597
510
415
168
718
768
32
436
376
357
614
620
653
618
747
498
732
301
652
85
292
470
400
326
303
411
127
157
9
57
740
712
135
103
363
587
685
153
581
666
11
208
99
166
109
699
651
719
343
432
519
271
121
378
383
82
395
159
167
583
382
3
152
354
777
181
706
461
625
690
671
93
242
189
404
767
476
291
52
302
344
628
296
0
687
384
433
783
760
465
781
30
154
782
160
551
245
300
134
716
131
6
388
764
240
182
59
526
754
387
680
720
54
403
356
84
636
288
553
28
453
212
