590
474
197
670
362
171
114
446
390
646
618
418
96
531
477
143
115
505
557
473
558
708
449
283
696
89
450
676
311
447
144
169
705
361
589
222
706
559
117
563
529
391
472
306
170
707
335
363
507
142
647
72
421
702
95
648
726
118
92
334
535
591
745
145
678
389
256
475
81
451
221
251
80
228
91
44
74
199
698
744
138
71
712
109
94
675
556
194
130
506
566
305
460
137
388
90
333
525
254
177
249
250
43
710
693
528
564
86
471
255
125
282
779
583
502
100
406
461
741
193
93
709
746
127
76
99
120
65
123
98
738
278
97
165
113
119
174
122
742
259
124
697
619
767
588
478
462
434
70
126
724
448
128
617
580
198
223
226
200
713
378
747
404
479
748
162
279
393
607
307
689
679
435
176
172
147
108
668
225
433
614
210
743
268
436
267
753
610
578
728
201
737
717
470
432
405
686
592
766
104
202
67
735
499
241
555
662
714
14
553
442
536
425
185
554
594
616
237
749
274
347
611
407
452
497
16
509
234
131
775
733
718
630
73
431
673
400
465
209
230
195
295
649
711
758
269
650
408
581
739
246
443
56
441
765
620
663
498
671
669
444
503
192
231
212
757
214
396
146
552
582
204
651
469
770
621
730
327
354
603
296
520
569
163
25
760
501
271
570
653
636
328
75
659
783
527
236
379
374
526
782
121
571
42
586
458
156
261
82
642
384
704
537
736
768
173
242
424
685
700
584
491
266
22
158
208
677
409
1
26
277
229
380
480
215
579
772
159
141
253
375
524
440
701
601
235
540
102
239
302
55
419
188
216
627
674
508
160
238
353
771
257
464
31
715
4
547
719
377
101
688
629
30
203
459
300
716
29
463
24
466
69
260
437
667
457
52
301
154
494
438
182
84
8
322
548
541
519
510
687
658
656
754
17
521
602
399
654
645
206
376
270
575
326
631
312
180
538
777
523
15
417
604
413
539
597
684
414
233
759
213
149
530
153
411
244
577
560
54
672
635
426
148
401
7
181
155
695
373
385
383
639
412
5
622
489
150
164
28
596
781
468
422
573
18
258
576
626
272
132
492
20
294
625
623
476
493
600
0
761
624
64
574
595
19
550
10
660
324
599
598
633
227
310
720
264
551
680
6
606
129
655
183
23
85
57
349
321
152
217
346
565
205
320
632
207
545
403
355
284
186
367
286
752
3
546
187
348
532
140
53
382
345
112
21
729
330
490
27
381
273
415
11
134
297
280
652
402
298
168
190
628
731
727
9
157
337
2
189
83
562
644
299
175
319
495
79
364
340
522
439
33
262
356
429
211
351
683
32
232
151
325
218
740
605
608
609
303
637
68
111
339
488
467
542
657
61
329
664
343
430
136
681
661
445
331
734
454
338
511
358
360
612
308
751
