296
323
675
306
295
334
572
324
450
395
448
754
772
33
352
674
84
761
614
31
394
700
505
533
55
588
114
393
116
776
24
778
30
642
391
5
755
726
87
503
26
117
730
759
308
418
367
702
430
530
392
750
561
41
768
79
328
619
250
562
338
573
171
599
63
535
477
58
297
669
600
782
478
279
558
310
585
774
557
144
82
351
502
169
449
259
613
773
458
459
701
671
232
362
529
282
563
432
696
411
4
64
256
765
742
474
501
758
760
708
698
431
429
283
534
769
53
224
25
770
668
231
361
647
615
712
473
329
356
202
307
743
676
627
707
713
280
646
740
206
201
678
486
120
651
43
147
258
749
621
739
92
745
516
339
357
312
244
255
16
355
506
560
141
252
500
715
714
733
673
583
12
679
204
174
655
457
272
230
741
105
649
76
66
281
592
222
410
81
762
300
680
20
48
205
736
199
2
433
27
21
115
286
555
416
731
487
672
628
294
564
528
485
724
78
556
546
118
638
480
69
763
172
228
273
299
536
363
544
545
138
716
287
365
327
10
173
771
165
422
42
703
643
340
243
207
717
145
654
313
460
753
32
384
215
746
744
412
667
735
216
451
257
110
704
390
8
46
688
330
285
452
51
519
637
229
687
301
104
692
650
383
507
305
467
493
718
484
734
472
468
693
146
419
441
652
684
70
582
49
245
336
677
440
626
498
366
443
689
690
711
705
164
764
492
194
666
291
622
407
469
200
415
681
686
65
653
777
586
379
466
73
494
203
456
442
593
623
288
446
683
290
34
444
601
413
292
685
697
108
45
624
103
447
1
661
720
217
274
559
68
531
302
56
59
358
314
421
86
471
131
783
311
424
44
589
22
102
439
495
455
289
385
609
527
483
304
214
574
499
406
208
738
488
227
209
71
470
47
246
618
93
721
660
706
435
625
277
382
278
565
185
210
101
510
445
709
425
554
423
662
121
396
332
509
766
341
515
260
293
380
663
526
581
119
428
682
620
368
186
284
648
453
414
233
610
659
497
161
184
128
218
737
482
537
359
608
454
636
177
691
179
496
322
226
176
781
271
331
511
211
587
160
360
658
149
178
100
611
303
198
189
11
90
481
656
747
427
36
664
722
192
408
438
143
180
571
170
162
254
136
775
426
524
607
95
710
665
417
547
175
135
325
641
517
591
504
479
635
213
315
594
612
57
182
181
166
598
60
187
465
52
633
91
508
513
183
96
148
188
584
597
139
168
645
77
436
14
129
579
389
520
767
337
17
590
38
127
275
539
253
381
580
85
197
130
364
632
518
725
512
333
113
18
779
729
212
596
387
491
126
461
3
140
335
124
225
220
476
752
316
262
409
751
15
99
475
23
631
265
134
378
616
434
525
388
657
240
159
125
28
521
133
552
634
604
40
29
605
9
132
699
97
6
640
98
50
386
553
137
111
630
266
190
748
551
112
39
54
420
0
463
167
489
61
756
7
309
639
150
606
263
267
732
397
780
75
728
94
523
74
350
317
268
123
617
62
548
462
522
264
727
234
151
595
196
83
80
719
354
464
239
261
247
514
89
13
241
142
538
158
122
195
221
603
67
644
88
532
19
577
152
353
37
237
670
566
602
106
629
191
249
153
757
540
236
401
549
72
575
35
251
269
400
155
223
163
326
238
543
694
542
318
154
576
541
399
405
695
298
723
550
219
437
109
404
578
193
369
570
235
398
242
276
270
319
157
342
402
490
403
569
567
156
568
343
321
344
349
370
345
320
346
