491
460
459
492
427
395
428
493
363
528
692
366
461
367
527
630
490
598
396
458
662
399
754
693
560
599
364
753
631
661
362
691
561
724
723
523
722
529
331
816
784
272
398
786
785
663
240
593
343
311
559
342
394
494
304
332
843
842
246
877
728
793
845
660
878
429
752
215
1006
847
234
75
266
536
817
761
974
4
57
89
390
201
486
756
397
848
148
248
526
815
379
365
297
347
678
844
265
679
875
846
422
149
646
518
180
810
455
232
247
876
659
133
29
15
58
283
315
45
279
303
910
202
273
27
26
374
122
181
1005
346
44
227
743
278
153
233
271
798
473
48
284
59
704
939
908
3
16
960
538
874
711
46
710
992
330
568
959
840
17
809
47
90
296
310
61
6
74
170
88
604
766
797
841
705
755
245
938
65
221
239
214
35
829
614
235
991
282
49
316
384
411
60
147
926
613
93
765
830
869
973
611
744
5
581
977
737
506
30
189
200
993
667
922
818
820
742
252
199
870
850
375
645
357
787
103
91
647
321
709
441
389
169
740
95
792
280
907
760
796
672
322
788
141
354
961
573
416
1009
157
919
481
735
677
505
970
513
519
163
701
358
799
998
487
80
524
328
582
264
924
644
549
814
950
253
286
819
426
182
183
707
920
73
668
106
837
226
603
167
783
318
896
121
359
680
258
105
291
353
736
281
706
28
539
768
994
196
386
639
606
643
350
578
79
958
220
872
2
92
868
126
104
85
136
94
352
1018
168
452
97
37
152
483
945
448
928
142
982
551
453
702
185
675
821
194
913
62
925
895
510
927
712
259
454
700
139
1003
767
317
859
826
626
326
132
949
739
771
450
166
804
294
975
421
577
854
865
474
839
1004
256
31
946
222
918
971
979
811
891
962
423
131
610
540
955
192
866
137
978
195
934
270
162
84
329
476
251
113
320
159
356
676
867
981
932
512
575
508
140
635
544
738
987
285
324
894
951
576
385
68
118
730
300
127
125
937
834
861
217
898
917
734
580
488
772
1022
138
731
479
899
1019
957
309
36
929
444
930
857
14
942
990
800
674
570
572
569
673
889
190
775
333
124
0
953
863
640
605
134
886
325
764
514
100
262
231
941
967
858
449
63
98
143
418
897
574
447
627
290
263
292
261
733
862
208
135
888
708
732
348
81
387
112
831
807
823
77
1001
892
164
903
855
893
906
900
86
904
608
699
921
703
327
150
579
629
12
802
637
287
109
1015
66
478
225
254
638
600
440
769
550
543
76
255
825
391
388
612
154
323
887
207
642
860
836
902
965
698
729
669
130
873
260
288
537
909
871
776
1023
25
641
542
355
671
546
511
725
406
67
108
380
477
885
835
229
697
1013
417
158
985
1010
173
890
828
936
976
972
55
381
916
184
443
997
803
986
216
935
413
905
319
849
696
509
191
670
607
293
414
1
351
1014
230
188
197
116
609
78
206
482
933
931
442
484
501
115
312
770
64
794
451
1002
96
504
314
219
187
968
923
165
789
41
517
954
171
213
548
257
741
250
83
299
99
520
446
198
43
969
228
806
914
940
515
838
117
383
52
412
1016
349
289
901
915
984
33
123
1020
541
32
298
808
801
128
111
634
160
223
249
980
1017
480
9
822
795
963
545
636
763
110
377
400
1021
129
658
146
943
344
155
912
156
42
69
72
864
944
853
952
218
419
827
805
856
1011
1007
516
485
295
773
1012
107
34
999
306
813
420
956
186
948
151
774
382
119
179
203
445
7
615
13
996
988
833
947
224
11
244
571
56
54
19
911
435
305
832
983
851
547
762
583
38
82
8
415
475
301
376
879
964
995
1000
407
782
472
87
161
439
40
277
409
824
205
437
120
456
757
204
193
237
101
594
172
966
50
694
790
470
114
592
378
20
525
882
176
507
989
53
18
10
51
616
666
39
21
269
632
238
489
70
144
102
174
408
664
175
648
241
71
1008
267
212
791
243
313
881
625
410
145
880
24
236
302
884
695
812
438
883
779
274
633
361
211
405
334
393
436
781
434
713
552
23
602
345
209
852
624
469
777
628
655
617
584
177
308
681
268
780
778
276
360
404
649
373
275
498
22
601
656
178
341
665
471
746
745
424
747
403
502
242
392
759
425
748
466
467
758
597
751
714
457
585
210
431
715
567
682
338
468
750
727
566
716
654
749
690
495
562
726
336
721
335
430
307
372
653
497
500
565
521
340
337
496
432
553
522
623
717
687
339
530
686
534
503
368
685
684
650
402
533
652
371
370
657
401
718
683
689
499
535
595
618
369
591
433
720
465
620
621
719
688
651
622
596
619
586
464
554
563
462
532
531
564
590
463
555
558
589
587
556
588
557
