418
697
529
65
447
475
391
590
446
474
531
557
67
473
501
618
702
79
68
646
171
614
80
451
419
696
558
66
726
528
584
226
503
389
89
698
586
555
479
170
564
417
115
14
198
388
591
472
143
527
195
142
93
478
139
390
225
563
507
556
118
228
95
64
580
559
96
44
91
566
361
619
450
98
100
92
509
360
97
445
99
732
508
144
583
59
567
15
610
471
76
525
621
565
485
377
695
425
589
537
549
526
231
693
94
454
457
458
77
205
607
340
237
452
604
763
554
184
72
581
597
81
200
165
22
483
453
736
74
109
666
539
404
516
266
267
470
500
706
238
498
167
121
550
405
578
90
651
223
380
43
169
775
258
735
51
8
230
352
177
31
86
637
536
120
548
70
511
264
662
439
234
579
197
378
480
730
114
7
673
484
569
616
624
592
783
56
254
623
497
122
648
625
262
147
759
18
522
727
728
206
270
269
117
664
403
431
489
1
560
444
176
19
493
408
283
756
6
598
239
329
441
671
350
757
748
387
381
5
546
657
601
358
510
265
119
256
544
469
10
622
764
73
17
316
58
482
650
667
406
53
379
521
25
71
572
0
251
481
576
20
151
199
30
568
156
162
547
132
111
655
551
689
33
669
138
665
432
160
754
328
158
101
196
85
26
236
166
268
701
490
314
636
638
232
297
240
84
83
183
356
652
261
541
688
178
678
357
627
179
29
126
762
125
212
407
595
515
758
517
207
326
87
263
124
298
438
411
514
612
461
520
535
573
312
180
341
327
186
182
491
241
383
734
250
466
588
286
745
462
285
448
203
353
740
700
54
519
692
175
463
233
28
382
499
128
496
351
640
409
716
653
168
127
148
11
495
208
570
399
354
782
518
355
102
755
60
330
486
259
668
663
141
543
257
181
647
23
492
288
69
739
55
21
494
437
282
413
222
224
467
720
731
313
545
524
552
161
430
751
2
434
714
699
442
596
725
235
679
435
24
672
594
163
140
513
626
324
617
349
243
746
108
629
209
215
710
9
605
694
455
61
159
152
150
123
402
365
620
428
376
423
608
561
303
429
538
359
690
110
75
45
639
691
47
375
398
48
193
416
50
348
386
36
35
49
78
62
37
332
63
34
39
88
46
40
38
