436
465
529
497
433
593
561
429
468
430
437
625
363
394
435
683
684
467
592
341
651
685
404
402
462
464
397
560
469
496
340
624
434
650
466
654
395
364
626
401
528
405
332
342
331
658
374
283
652
428
498
139
396
655
373
315
704
622
426
252
403
308
682
623
372
653
307
122
333
371
300
362
189
716
591
261
672
406
309
709
63
606
253
1005
809
427
673
705
301
347
678
659
686
694
256
159
321
291
365
530
715
221
869
641
290
316
446
158
16
190
302
58
710
390
463
15
499
613
398
495
161
1006
644
284
872
432
643
230
510
47
370
841
130
438
346
808
288
974
768
776
807
594
775
357
573
339
1015
192
706
421
850
504
384
473
902
259
233
48
247
352
73
627
72
763
693
17
220
276
914
851
646
194
478
431
494
103
839
973
562
870
49
104
882
137
222
57
95
806
1007
479
162
574
679
542
792
1001
330
453
248
661
90
299
389
737
324
714
80
823
485
148
153
74
84
742
445
580
204
127
700
979
269
425
379
711
237
199
236
731
147
18
858
85
605
575
422
559
232
543
350
138
743
883
662
375
1004
115
842
112
260
505
859
229
329
668
98
943
975
34
40
840
75
67
796
113
911
1012
526
131
801
380
838
351
708
149
545
777
820
279
707
717
455
355
907
116
660
698
541
726
794
760
135
934
121
383
476
205
12
1013
484
667
536
88
874
141
157
1014
477
1016
825
35
511
65
393
888
959
637
270
320
581
168
83
126
461
411
25
910
20
353
214
980
773
38
1011
946
96
922
89
323
764
826
235
356
266
981
517
865
59
912
969
500
225
292
744
890
837
544
198
791
423
854
821
71
197
735
795
160
810
856
732
1023
774
927
628
857
965
873
244
671
674
452
822
549
730
991
26
297
378
913
180
311
828
1022
868
924
203
251
44
670
926
638
892
845
640
852
134
656
889
994
982
306
325
891
611
287
385
804
590
486
39
915
867
675
268
310
829
713
947
875
930
217
639
46
942
275
960
983
879
702
475
91
328
962
928
173
125
234
443
896
314
508
990
447
271
124
184
277
767
676
123
642
899
13
799
925
31
407
319
618
932
419
516
52
227
440
904
929
963
213
578
551
647
992
515
958
472
201
507
191
206
898
354
908
847
976
937
900
746
897
703
140
79
699
984
681
666
418
154
246
933
238
793
957
945
901
607
956
177
936
846
41
129
734
242
740
212
454
298
451
33
265
931
895
1020
36
830
923
117
955
916
21
941
881
8
993
171
518
950
391
102
919
97
514
136
296
762
519
448
954
68
988
509
99
772
906
527
576
211
487
66
887
70
996
215
866
831
645
2
987
961
798
884
918
1010
27
878
6
967
132
844
107
243
245
615
712
1021
761
886
32
548
267
81
964
701
501
274
226
55
358
416
813
951
273
550
439
843
827
778
280
848
871
636
37
1009
1017
64
441
800
797
853
207
766
334
903
819
986
978
146
179
629
118
143
540
163
748
677
729
166
175
569
583
293
144
470
481
876
142
450
264
318
512
582
818
953
77
128
317
949
894
410
105
109
989
444
183
765
219
824
223
108
917
178
3
258
182
948
733
181
14
196
614
572
9
167
414
176
537
695
56
782
101
1003
745
995
193
7
814
188
885
456
413
935
893
849
634
513
997
608
547
69
152
92
538
860
998
803
322
174
313
4
880
343
938
649
442
815
53
210
1018
781
539
749
19
82
546
635
164
832
1019
254
386
30
106
728
28
156
506
133
817
657
909
172
1008
680
603
864
604
359
779
985
348
939
836
474
952
944
361
417
736
78
790
1
977
759
424
833
45
493
861
51
863
303
187
387
520
145
86
250
239
921
278
697
571
240
312
5
488
579
834
747
633
612
100
769
877
816
224
483
788
169
966
0
480
119
338
482
835
999
669
360
228
420
24
366
855
630
282
784
216
286
725
399
209
54
281
811
241
727
968
392
738
43
602
62
202
568
200
50
111
255
780
151
120
76
185
94
295
60
412
471
905
972
805
771
648
87
345
785
23
170
285
165
770
11
940
610
327
616
570
114
802
208
739
665
289
186
304
525
29
812
42
552
257
696
741
231
415
758
195
617
110
409
862
388
449
970
663
382
272
10
584
783
377
601
687
155
789
577
609
664
305
400
757
22
632
1002
263
249
619
787
920
1000
381
344
218
620
756
502
600
150
558
621
718
262
503
93
294
61
326
335
786
408
692
631
971
369
367
349
531
595
751
567
598
599
535
457
750
368
376
724
337
336
752
534
585
563
566
689
755
753
691
688
719
690
720
553
489
460
597
459
754
458
533
521
723
532
721
586
596
587
492
722
565
524
557
589
490
564
588
554
522
491
523
555
556
