531
530
532
564
465
562
563
498
432
464
497
589
368
499
533
463
719
433
716
535
720
431
683
400
688
335
749
529
534
590
718
714
717
715
746
369
500
726
657
748
367
503
747
750
621
336
689
242
745
210
558
334
307
557
758
462
682
361
339
337
399
340
751
401
658
781
759
521
392
561
496
588
466
777
502
594
727
360
690
779
275
778
684
851
341
472
553
1000
713
267
596
633
780
565
626
393
408
989
595
308
832
1011
999
808
471
782
274
864
268
209
177
501
420
516
602
178
424
883
338
23
276
795
504
882
687
721
911
243
228
507
935
852
1008
625
567
216
22
583
440
694
620
1021
145
329
18
665
425
236
801
554
1012
601
211
812
1004
763
197
776
204
1013
865
615
298
914
880
345
966
833
741
879
445
881
87
912
218
81
415
952
969
703
366
1016
508
681
71
827
119
988
124
1010
269
947
330
1001
419
31
301
884
566
807
933
80
984
407
547
762
230
299
548
409
123
791
897
943
1020
931
333
314
144
102
1014
475
828
56
70
671
205
96
640
964
942
99
260
39
10
223
901
24
944
50
856
113
98
114
824
250
773
983
171
101
850
542
262
934
511
996
289
377
888
186
899
112
666
295
819
1017
915
63
8
995
172
64
552
446
184
764
441
21
860
541
903
376
1002
641
902
774
151
388
540
1015
968
293
783
146
517
42
752
520
38
219
309
129
612
418
128
1
383
485
198
980
164
107
346
257
536
892
430
249
571
410
263
582
241
580
32
385
229
768
152
820
476
355
509
120
34
866
150
467
699
53
373
76
187
155
929
1023
963
161
614
261
439
33
923
92
572
292
382
954
165
545
800
628
40
412
20
217
41
956
965
176
190
444
802
480
100
853
386
607
921
203
294
17
49
831
484
69
351
237
9
183
584
477
66
156
328
127
769
698
72
290
362
896
315
976
581
898
158
82
775
803
54
378
417
282
319
356
251
111
19
890
887
108
736
873
642
674
930
834
78
997
451
139
951
676
325
708
593
634
391
539
277
110
37
706
454
125
302
174
259
1003
67
313
280
859
188
1022
473
231
913
893
609
235
130
731
936
193
131
442
421
945
918
639
941
889
515
796
909
550
287
109
447
306
140
191
608
2
587
891
1005
522
673
160
732
189
16
977
248
813
709
452
576
349
836
55
575
175
206
613
212
387
940
811
972
730
835
744
900
967
546
1007
95
920
810
173
220
115
948
579
116
806
904
738
35
196
734
735
324
83
375
895
636
443
143
770
36
794
104
48
7
258
700
122
288
823
332
185
979
757
978
650
928
767
885
549
1009
254
610
394
304
537
255
805
79
347
51
862
632
570
93
264
389
863
962
352
88
28
14
551
894
97
985
244
68
953
126
858
222
456
937
194
238
65
137
413
916
118
448
73
323
556
182
305
868
606
479
932
772
702
855
651
62
799
11
74
103
159
573
917
906
354
544
809
342
225
478
946
350
86
321
670
638
861
543
281
512
252
905
986
510
854
474
320
733
13
919
742
605
134
577
30
43
646
652
878
106
326
138
6
568
637
154
121
423
1019
47
357
291
5
867
358
317
482
77
818
449
157
300
603
695
450
659
987
94
857
153
457
224
200
838
669
737
616
327
344
982
170
925
117
790
672
647
374
247
135
797
381
195
643
414
166
416
253
232
141
627
841
105
199
380
822
27
353
667
886
132
600
569
90
574
839
411
604
514
789
740
25
283
84
285
845
578
990
973
739
75
668
693
871
44
46
233
384
644
981
957
453
163
804
961
710
922
705
677
488
645
958
648
505
162
844
58
12
142
926
279
907
422
955
924
226
950
704
322
849
788
975
136
0
379
998
538
256
506
208
221
483
910
481
678
273
821
169
297
970
927
52
712
470
846
826
91
310
519
370
318
15
215
133
649
707
701
874
814
296
303
179
829
359
938
675
455
635
316
697
312
390
192
45
513
167
840
495
949
202
869
89
825
60
227
622
792
147
771
85
994
875
266
991
870
555
765
372
3
611
331
26
59
685
426
61
629
971
872
201
214
1018
29
798
830
168
213
270
148
234
149
207
664
877
908
348
960
434
729
278
760
766
245
686
518
486
876
406
847
787
286
680
993
284
661
181
487
848
343
265
939
660
57
725
743
974
696
837
489
597
784
4
842
1006
619
586
246
468
843
679
438
992
959
311
711
585
469
398
365
180
817
364
761
753
402
793
239
815
271
272
656
653
786
728
405
371
363
618
528
816
756
240
617
691
785
722
663
458
435
427
395
599
692
662
437
654
755
494
724
631
490
526
436
396
754
404
527
429
397
403
591
630
624
598
560
559
723
461
655
428
523
592
459
623
525
524
460
493
491
492
