-0.15233469
-0.09291744
0.117153645
0.3455186
-0.04089117
0.1303463
0.10029316
-0.20963049
0.026064396
0.015898228
0.14784575
0.048602104
0.9302249
0.904263
-0.65351915
-0.45988607
-0.065844536
0.069925785
-0.01536274
-0.00011634827
0.014255047
0.08404732
-0.38612318
0.04731798
-0.21135855
0.13092613
-0.15728045
0.097579
-0.047950268
-0.12943077
0.14864254
-0.22759676
0.21325493
0.24337006
1.0773187
1.3010845
1.2351828
1.7996678
2.069426
1.3582034
1.762671
1.5363836
-0.27667284
-0.076443195
-0.18638563
1.0819101
2.2286816
1.851152
1.7524505
1.5686264
1.5501113
0.73440695
0.101074696
0.05193758
0.029605865
-0.14629078
-0.11798191
0.06644344
0.3932767
0.17755938
0.7644229
0.46785975
1.1160474
1.43333
1.2598033
1.2924342
1.8323197
2.3803964
1.4686494
1.2075047
0.6869869
0.99911356
1.0153317
1.278624
1.1716423
1.0990634
0.8037238
1.1295362
1.6972308
1.1638837
-0.67919207
-0.6717334
0.026522636
-0.14617586
-0.10166788
0.101955414
-0.015905857
0.82874155
1.4980664
-0.20839167
1.1770453
0.71052074
1.008719
1.1554489
0.88930655
0.27888775
0.26512337
0.77139854
0.3151145
0.42072487
0.36294127
0.39460802
0.5538564
0.7200074
1.3165846
1.2570682
0.88193846
1.0731196
0.60668755
0.13413715
0.5490942
-0.07153225
-0.016557693
0.35428238
-0.56716967
-0.2990899
-0.27850485
0.16226149
-0.07150555
0.08757448
0.051687717
0.19576693
0.32116508
0.24392271
0.25634146
-0.13059855
0.38898134
0.21943045
0.41507244
0.15530491
-0.26468515
0.12727451
-0.43591833
0.45316458
-0.065710545
0.63417816
0.85466385
0.21759748
0.48723173
0.29428482
0.12789345
0.007683277
0.0039138794
-0.16442537
-0.83946943
-0.2611127
-0.045724392
0.07825947
-0.42035627
0.013513565
0.105814934
-0.31544828
-0.18762255
0.12024021
0.2815075
0.20515585
0.28697252
0.24394846
0.08806658
0.03690481
0.003689766
0.50654125
-0.10731983
-0.15523577
-0.16588163
-0.7138686
0.96769524
0.44619274
0.14454365
0.1757474
-0.35758734
-1.2470832
-0.28667212
0.5012641
-0.0033535957
-0.017112255
-0.08057833
-0.3524251
-0.045701027
0.054555893
0.043268204
-0.22801733
-0.1997714
-0.10206604
0.39788198
0.0365777
-0.36419725
-0.100078106
-0.04984951
-0.2129941
0.33198977
0.57918787
0.68225765
0.6037669
-0.2645707
0.30340147
-0.13011217
0.3065815
-0.6048665
-0.5691142
-0.14731932
0.812191
-0.07669163
0.36718464
0.23172712
0.27835846
-0.002003193
0.13907623
0.2359643
-0.028490067
-0.4958682
0.035823822
0.54421234
0.2266841
0.019348145
-0.078136444
-0.20868158
-0.027374268
0.21006584
0.4287448
0.32868958
-0.38235998
-0.616693
0.8777628
1.4088116
0.49946976
-0.7501683
0.27599716
0.11672497
0.5292034
0.24593496
0.28089857
0.070875645
-0.12496042
0.012481213
0.12700701
0.016238213
-0.18142176
-0.27442312
0.064114094
0.2283082
-0.07054758
-0.05632639
0.13755894
0.1983509
0.0745697
0.2253561
0.8121829
0.6927686
-0.11253834
0.036387444
0.4734459
0.69741774
0.4608817
-0.5715594
-0.42243814
0.33395004
-0.031217098
0.1076622
-0.10580969
0.1466546
0.0009727478
0.2566862
-0.059931755
-0.0084939
-0.2617345
0.022595406
0.033224583
-0.18244791
-0.04972601
0.054727077
0.21779299
0.16975832
0.5768113
0.22261429
0.49555874
0.9991536
0.9195905
0.7821269
-0.4778762
0.42150497
1.2589364
-0.9468093
-0.99545145
0.8598118
0.3675537
0.12889719
0.34656572
0.01088953
-0.29519796
-0.21865034
-0.022612095
0.0587492
0.4179287
0.3979044
-0.068443775
-0.14761305
-0.036488056
0.063501835
-0.078790665
0.2533145
0.38557768
0.2848997
0.51280785
1.1969118
0.54977846
1.2662997
-0.06921768
-0.09226847
1.1909313
-0.35713053
-0.086951256
0.7762699
0.62349176
-0.023335934
0.19478798
0.21286678
-0.23904276
0.0017571449
-0.04437971
-0.39365053
0.22038269
0.12779093
0.082164764
0.36213064
0.20375204
-0.21611643
-0.1947217
-0.24029207
-0.013420105
-0.07917166
0.7767916
0.81398964
0.29042006
2.0139418
0.31423235
-0.28221083
0.504611
-0.5255637
0.33651018
0.09588957
0.29729462
-0.00722456
-0.30311346
0.1785469
0.13499212
0.22350931
0.06877661
-0.0054364204
0.084897995
-0.1412139
0.33692408
0.28103733
0.24882698
-0.24024439
-0.19920492
0.059432507
-0.06131506
-0.09025717
0.3971882
0.078835964
-0.13155985
0.44016743
-0.487103
0.5719404
0.48166943
0.14863253
0.3068552
-0.67177725
0.040900707
-0.34027815
-0.14708567
-0.021658897
0.044962406
0.3089199
0.05882597
0.09595394
0.33372164
0.46192074
0.39676142
0.46226454
0.4783411
0.1553564
0.29263163
0.2351346
0.10919285
0.49985075
0.70566416
-0.21453333
-0.13868904
-0.7034068
-0.5445571
1.021842
0.12888193
1.3131285
0.1972022
-0.6402879
0.20581007
-0.26643133
-0.33010817
-0.07799339
0.07521105
0.0008530617
-0.015085697
0.032253742
0.21944284
0.30816174
0.3748145
0.549983
0.40633583
0.4666896
0.108389854
0.10503578
0.079638004
0.12930632
0.21680164
0.8847556
-0.60745
-1.6336875
-0.798347
1.0697484
0.3158083
1.3874578
0.03627777
-0.543962
-0.42305517
0.013952255
0.16952848
0.06492996
0.08745909
-0.13895464
-0.14280462
-0.019891739
-0.06458092
-0.0076155663
0.6723218
0.31612492
-0.43578768
-0.14846468
-0.24544573
-0.22228956
-0.045154095
-0.11649799
0.3867836
0.46318674
0.07672405
-2.1597323
-0.89718294
-0.6349549
0.60241127
0.17853498
0.21108389
-0.044995785
0.29051256
0.16531229
0.25956297
0.2815466
-0.07865238
-0.34483194
-0.39889956
-0.70152235
-0.24979544
0.1670394
0.27034092
0.4534316
-0.6503377
-0.52806044
-0.00060510635
0.05978155
0.018005848
-0.21296167
-0.26109362
0.07093048
-0.26885176
-1.3436856
-0.97131205
0.08848429
0.38985062
-0.297853
0.6747165
0.35359478
0.7145996
0.66787624
0.3214841
0.6679034
0.54608727
0.6551585
0.41486692
0.25328064
0.1441145
-0.04583311
0.5095458
0.0030679703
-0.17348433
-0.10478783
-0.035479546
0.012506962
-0.116303444
0.3031001
0.04675913
-0.14816475
-0.85514116
-0.58855677
0.012173653
-0.01863432
0.35086155
-0.38588285
-0.39210844
0.40121078
0.23431206
0.32510853
0.29045582
1.0319948
1.3331499
1.056387
1.1808167
1.2265301
0.9183006
-0.17805243
-0.016682148
-0.04166794
-0.10326433
-0.20762205
-0.2676673
-0.12824488
-0.7040448
0.08666611
0.10082054
-0.22731543
-0.1737485
-0.19111776
-0.42744303
0.4768381
1.1444211
0.2172594
-0.44506788
0.24115515
0.16120577
0.40143394
0.24436569
0.7035222
0.8018098
0.42059088
0.7592373
0.97038364
0.6157651
-0.2606244
-0.14276886
0.037720203
0.18235779
-0.017343998
-0.06872797
-0.05266905
-0.21728754
-0.26806498
0.010473251
0.110479355
-0.03192997
-0.70898104
-0.53405046
0.003423214
-0.39829397
-0.36404753
-0.3794341
-0.7088933
-0.23556852
0.0077347755
0.35116386
0.45170927
0.25535583
0.45465755
0.31852865
0.838532
0.06274128
-0.36397505
-0.27952337
-0.14264393
0.19259644
0.107601166
-0.16701078
0.05748892
-0.011253834
-0.13133717
-0.15537024
-0.6124873
0.7311754
-0.3976016
0.39324284
0.08604431
-0.3981309
-0.03460884
-0.05137396
-0.09309435
0.14886379
0.1416111
0.48484707
0.040500164
-0.09496784
0.19416142
0.27175808
0.26626253
0.027498722
-0.7131839
-0.53742075
0.16464853
0.59316874
0.3485551
0.10312796
0.32832384
-0.09550619
0.3403983
-0.106039524
-0.10864496
0.926126
0.247828
-0.054371834
-0.04051304
-0.02285862
-0.5645642
-0.579967
-0.11827898
0.30975628
0.23820543
0.14411068
-0.22160673
0.016583443
0.02733612
-0.05743265
0.1687789
0.05307436
-0.31531858
-0.6014104
0.17070484
0.520731
0.4192028
0.27502537
-0.07068014
0.2732377
0.061936855
-0.12642717
0.23531866
0.8712468
1.3741851
-0.08850527
0.040020943
0.07241249
-0.14844847
0.2188158
-0.018175602
0.20081139
0.18005753
-0.5296254
-0.18686628
0.13663483
-0.0031318665
-0.006272793
0.26652622
-0.0766716
-0.05961609
-0.20200491
0.28400564
0.15015745
0.079827785
0.07894707
0.12756252
-0.10065889
0.48695517
-0.37750673
-0.28877306
0.42958784
0.9544387
0.057506084
-0.014262199
-0.22924757
0.74377537
0.75913763
-0.82788324
-0.74947405
-0.68118143
-0.5475888
-0.2939782
-0.12859535
-0.3265357
0.037784576
0.26491356
-0.047555447
-0.38542414
-0.22086287
0.094741344
-0.08237982
0.2806902
0.3341055
-0.042012215
-0.5296092
-0.02398777
-0.64567995
-0.0970521
-1.0626245
-0.027060032
0.14987898
-0.0341053
0.13280582
-0.7714305
1.0055218
-0.33527613
-1.9337144
-1.1577029
-0.7770705
-1.0659814
-0.37278318
-0.45106936
-0.36969233
-0.19814444
0.1260519
0.4074273
-0.022605896
0.05244255
0.07280779
-0.32059145
0.21438837
-0.43429518
0.06215
1.164866
0.610662
1.2844634
-0.11317015
-0.1321497
0.0013742447
-0.01665163
0.009827614
-0.093605995
-0.94899416
-1.0360284
-1.4323182
-1.5905128
-0.8267617
-0.90507936
-1.0727954
-1.2125859
-0.37665033
-1.0773692
-0.7392516
-1.5376592
-0.7618909
-0.8385043
-0.9323249
-0.6231408
-0.06308317
-0.6481643
-0.45520926
0.39476871
-0.34308863
-0.34851694
0.52365637
-0.049689293
0.13257265
-0.11379957
-0.11149454
0.13213205
-0.14118814
0.8511071
1.5263557
0.32848072
0.13412619
0.39808512
-0.06430292
-0.47841978
-0.53354216
-0.84821653
0.7895417
-0.8286691
-0.8315139
-0.49386168
0.48995638
0.10441446
0.45024443
-0.12214565
0.36619377
0.37394905
0.12417555
0.23715258
-0.00035190582
0.02219057
-0.060403824
