587
72
426
8
6
538
666
697
39
181
7
631
117
617
79
307
959
586
825
25
625
716
760
682
4
16
26
148
822
972
306
525
51
271
59
396
649
662
213
425
12
457
496
40
754
663
173
658
398
85
212
692
302
180
83
431
19
13
718
725
717
21
462
756
621
439
620
722
84
52
432
365
471
755
683
429
340
338
463
20
497
373
691
650
339
406
724
618
464
590
660
397
684
659
619
723
430
470
687
369
651
465
656
592
438
685
686
466
652
433
467
469
372
468
401
624
405
370
434
591
437
653
435
371
655
436
622
404
403
402
654
623
