531
562
563
530
532
533
595
594
564
589
596
565
534
557
566
561
523
556
367
399
522
535
527
81
588
597
555
529
567
491
593
521
368
554
210
500
553
50
688
460
526
490
114
721
376
501
528
758
209
661
408
22
459
720
689
727
499
759
362
492
849
87
558
242
208
335
310
54
693
789
819
400
848
598
366
502
80
818
119
375
494
633
86
146
82
568
343
145
49
847
55
363
690
503
427
726
56
458
719
113
342
428
144
461
441
817
118
746
177
176
409
472
524
241
537
395
98
278
337
336
696
664
344
495
106
665
552
750
812
93
277
520
585
331
781
878
695
42
309
493
879
780
304
977
78
783
311
850
779
632
504
881
816
23
999
1010
88
747
569
377
1000
880
120
584
851
74
150
536
361
713
745
560
151
489
97
540
107
1009
846
997
66
407
92
945
332
183
814
749
944
788
978
29
330
714
105
275
614
507
778
571
508
10
473
440
946
152
998
104
276
17
601
1
1019
102
572
474
75
844
1020
64
273
811
329
96
243
845
100
394
18
752
95
178
70
2
966
69
862
345
813
610
1021
412
600
116
388
626
996
748
31
608
582
993
68
347
134
802
279
90
448
103
913
893
609
882
920
1011
843
48
298
420
903
603
777
782
947
674
992
73
877
581
539
741
895
240
935
1003
604
976
389
599
9
476
612
385
548
834
99
921
744
312
37
739
360
1004
986
165
442
280
129
417
897
738
65
616
995
943
835
861
892
1001
989
923
516
864
836
820
108
228
155
1012
770
216
646
357
798
191
258
274
200
784
112
740
863
987
182
832
860
1023
334
260
810
480
961
954
681
875
942
211
615
5
171
712
488
699
356
175
888
910
364
299
89
894
422
757
953
706
475
677
952
607
613
32
315
392
657
911
143
988
509
386
815
358
577
322
170
34
354
994
132
803
669
477
1017
963
443
883
325
110
808
701
1022
735
156
636
828
384
215
62
444
884
865
249
24
164
189
547
257
962
751
318
314
262
889
1018
580
640
326
355
901
218
694
454
576
1002
985
575
36
868
287
285
416
231
955
202
951
915
259
272
546
321
3
223
217
896
197
771
967
157
71
328
1013
948
352
390
628
842
960
141
736
764
0
248
445
772
115
94
824
221
833
768
578
766
235
737
938
804
906
76
914
898
769
925
263
918
201
449
765
827
230
807
642
294
559
703
316
733
353
1014
195
708
929
250
236
753
805
452
866
190
284
289
254
136
912
970
890
319
391
583
128
295
1006
742
374
359
1008
969
222
410
193
296
411
35
419
267
732
787
251
517
639
602
317
486
198
196
867
605
247
873
232
705
379
902
220
453
246
149
965
482
707
194
255
266
418
188
800
282
447
512
207
125
549
573
645
281
297
101
67
909
30
734
234
166
187
968
514
293
874
413
678
286
919
292
767
979
637
327
158
638
644
455
421
709
891
203
957
290
320
671
283
887
841
541
545
229
936
980
227
324
855
253
854
773
680
185
871
797
169
956
174
675
916
186
349
380
934
728
809
917
801
574
931
153
351
226
859
140
245
206
762
905
776
265
484
350
264
1005
179
288
518
786
647
252
138
233
606
225
775
124
382
224
924
239
922
204
579
291
219
774
61
710
513
964
837
261
393
856
668
511
28
799
346
796
679
958
795
111
551
313
984
544
423
763
41
483
451
268
611
485
550
323
876
348
387
38
91
700
731
676
829
630
949
127
858
199
303
1016
641
184
172
926
205
869
904
237
715
154
415
414
147
990
635
743
907
643
450
975
933
510
870
570
133
900
498
790
381
928
826
974
702
130
519
730
53
839
33
163
792
672
479
840
830
831
63
160
27
838
939
162
542
981
899
930
983
543
937
167
168
927
950
478
256
333
627
142
481
244
670
673
761
515
806
793
424
383
77
857
1007
648
161
932
785
1015
192
886
305
711
506
853
446
991
11
214
885
135
159
704
308
44
139
123
852
58
57
238
300
378
823
137
971
634
973
126
505
46
43
487
667
45
60
456
872
794
908
121
341
940
698
729
122
941
270
109
301
269
131
15
791
14
982
821
629
47
