342
320
347
91
398
292
71
374
735
375
137
194
318
733
291
333
107
181
319
48
748
455
314
278
166
763
287
771
281
39
366
346
42
110
35
81
40
369
762
20
348
27
21
731
643
37
286
195
211
38
115
744
10
695
36
138
363
504
729
253
180
386
7
534
766
54
113
50
2
46
293
14
335
296
751
3
703
28
484
9
167
694
767
225
444
62
212
0
672
426
32
725
198
365
226
6
780
221
85
60
240
728
168
723
11
88
775
734
83
752
665
420
105
80
196
17
422
197
170
475
743
263
313
264
52
269
298
433
193
738
268
75
109
251
341
639
640
241
143
72
297
777
234
415
206
732
223
757
359
89
108
19
412
584
612
133
574
721
160
340
522
227
134
602
600
324
258
507
479
660
576
382
303
599
189
74
593
705
274
604
352
220
246
677
186
438
136
630
409
331
332
362
544
609
248
129
16
770
666
43
307
753
769
646
538
581
783
59
589
304
22
390
437
44
