645
550
381
150
657
407
701
688
627
290
30
107
156
638
244
147
463
464
512
573
259
165
632
5
689
218
137
275
519
757
723
542
86
758
325
554
608
106
494
671
296
650
305
250
167
204
181
210
284
620
52
229
629
121
262
274
33
3
598
526
783
653
681
120
635
353
25
596
636
324
377
539
617
380
540
686
481
273
552
490
312
125
649
190
728
426
408
243
212
692
335
131
337
157
160
349
432
130
441
203
58
574
555
208
348
604
621
13
600
278
110
495
613
317
599
471
499
162
391
553
420
364
123
516
101
41
523
228
510
760
545
44
124
393
345
387
469
126
183
669
581
43
527
159
191
333
311
547
595
517
619
541
583
603
109
753
474
482
127
63
161
158
12
546
631
543
62
575
256
607
365
592
570
601
498
182
209
568
119
538
318
240
61
138
602
702
589
528
571
478
507
115
225
211
537
674
376
128
118
479
105
362
637
509
445
404
201
89
122
34
580
569
572
35
566
103
611
36
113
567
60
563
392
416
508
724
143
117
531
87
614
696
45
142
195
102
251
100
698
421
444
556
77
166
88
192
169
69
536
99
108
51
98
648
761
610
529
726
95
50
193
49
505
451
642
675
618
591
477
557
78
647
472
70
79
449
334
48
224
223
422
473
64
306
75
47
104
93
97
37
94
90
91
646
96
76
38
197
450
68
92
590
73
65
670
46
71
74
66
72
67
