465
464
654
433
653
622
497
432
463
466
686
401
685
652
687
657
623
467
402
655
431
468
498
430
434
369
688
651
684
689
499
469
436
590
371
656
621
658
718
370
403
435
659
400
717
683
690
471
719
720
470
619
620
368
404
503
20
415
383
591
40
339
173
972
39
437
372
650
496
212
660
425
438
424
852
624
462
982
940
13
392
21
795
502
307
899
334
336
19
8
933
941
340
204
335
446
751
172
885
515
831
825
1016
794
691
382
393
983
722
7
267
853
930
964
1015
932
178
931
338
716
971
984
750
337
349
381
264
721
715
776
439
801
500
405
762
219
749
666
365
937
360
378
12
671
6
763
11
387
43
886
451
641
256
123
618
676
33
673
703
313
959
856
682
111
908
806
351
450
302
192
124
295
481
928
602
968
186
213
904
542
63
419
900
934
294
726
293
53
723
184
23
261
159
625
72
857
109
950
485
791
670
704
418
41
131
511
698
14
774
833
38
748
1008
205
10
827
872
84
823
323
24
989
199
969
478
1007
263
59
346
161
52
229
725
579
160
773
126
702
327
301
269
887
917
456
667
864
187
51
796
973
306
484
731
71
76
724
672
956
445
262
79
479
755
640
883
909
345
350
547
832
31
483
414
822
838
824
457
799
800
366
808
101
188
83
218
912
855
137
866
905
516
730
991
47
1002
289
233
282
1013
223
926
203
643
981
122
60
127
756
936
775
185
290
420
544
865
281
163
25
288
224
927
197
541
929
324
907
121
988
807
230
28
965
884
16
639
292
348
32
238
211
117
139
649
545
952
587
1014
839
250
859
198
225
939
543
45
128
1017
858
110
18
268
797
990
777
980
764
251
154
550
26
769
510
181
919
949
226
918
736
252
767
828
634
167
700
958
914
320
891
99
164
840
902
873
935
291
214
985
274
236
694
734
135
27
196
130
512
898
768
77
916
915
583
951
830
140
447
220
901
112
513
308
193
709
30
125
444
787
367
190
158
314
155
4
975
162
741
896
413
517
752
326
860
46
708
255
129
475
216
231
1004
890
642
317
782
472
942
967
171
102
611
168
391
70
328
319
1021
253
44
897
37
668
1001
133
699
580
169
826
871
911
482
829
638
1
421
1011
108
995
195
305
870
452
9
509
237
174
501
924
96
153
948
249
957
283
922
5
386
882
732
648
232
805
100
1012
182
180
194
257
156
535
64
480
803
166
227
94
507
449
854
377
138
58
546
151
963
380
888
410
714
757
228
36
733
148
254
710
355
867
142
947
217
576
747
222
906
35
152
606
970
876
150
772
577
440
645
373
1005
635
742
67
923
514
1023
165
62
69
539
863
954
548
637
711
549
61
115
921
91
477
107
423
504
353
889
834
1022
783
607
570
22
341
966
287
275
85
78
675
644
120
869
925
612
333
136
894
206
80
34
259
615
962
735
851
809
874
953
286
802
737
753
411
538
157
892
260
770
175
352
379
697
42
248
573
141
132
575
705
17
325
265
647
574
143
578
285
476
487
841
571
170
508
149
417
406
835
2
943
979
938
706
442
244
636
868
707
116
321
443
605
955
243
299
416
893
234
1003
738
65
601
361
771
861
15
280
551
297
961
354
745
113
82
73
987
48
986
506
754
903
258
359
669
836
134
183
68
920
0
976
804
103
895
913
519
296
743
765
609
1020
303
215
242
1018
729
145
356
284
739
388
316
66
385
603
626
781
454
92
398
104
837
75
147
97
613
247
95
235
740
678
674
628
862
412
322
304
98
105
778
996
318
189
88
453
766
600
681
974
810
586
701
177
608
57
409
629
944
518
780
298
270
49
1000
358
273
821
312
266
315
407
201
245
276
119
202
179
790
665
89
572
760
960
677
910
90
793
399
3
54
221
474
692
384
581
1010
680
106
50
144
792
200
875
785
426
604
505
118
271
56
582
540
114
93
191
146
397
74
798
610
786
357
1019
29
946
536
994
999
646
627
978
881
820
758
632
779
744
241
246
784
300
877
945
448
880
86
693
455
679
588
389
176
589
87
1009
1006
344
239
633
761
408
390
616
279
746
473
842
850
617
207
210
81
486
712
977
55
347
997
309
998
441
811
788
993
374
813
592
488
568
812
713
272
614
537
422
759
489
567
992
329
584
695
844
277
814
727
558
815
845
376
569
208
330
209
375
663
879
534
332
394
599
552
843
819
342
818
520
664
240
278
554
631
789
878
458
555
728
521
816
817
846
429
661
311
662
585
343
310
696
553
557
490
331
630
364
556
522
849
531
396
529
593
427
533
598
362
848
530
597
566
847
459
532
495
523
395
524
428
363
565
596
525
491
559
461
564
561
594
560
528
460
595
494
526
563
562
492
493
527
