670
71
642
334
145
306
197
477
278
277
505
114
251
588
250
143
335
142
70
96
305
72
117
42
450
363
422
362
138
69
724
222
559
769
707
333
557
616
708
75
586
449
617
558
507
421
194
253
90
104
166
709
765
195
223
767
144
115
94
743
587
621
74
86
747
97
43
766
723
613
761
745
76
364
675
706
746
739
193
73
532
479
225
281
744
122
585
146
88
741
361
753
620
92
393
737
712
279
408
768
678
646
249
78
770
108
12
594
113
676
192
98
89
738
772
590
556
531
100
698
93
722
118
255
649
775
674
582
760
169
199
147
110
120
636
162
591
535
771
390
609
736
608
735
259
381
622
99
171
592
764
648
635
436
312
128
718
742
432
380
260
161
36
109
352
679
431
717
719
37
607
779
320
164
618
216
392
34
276
762
663
530
119
525
82
701
50
256
91
246
343
595
758
307
568
604
77
693
578
163
311
209
713
95
555
227
265
783
773
749
229
212
384
3
641
777
570
133
325
580
28
20
27
221
21
710
757
630
228
577
52
154
310
619
633
584
181
8
153
372
691
179
579
529
324
304
546
681
131
141
583
575
230
101
589
177
569
340
782
24
219
730
682
38
662
2
645
653
127
354
519
284
238
49
215
296
107
606
660
459
673
57
234
186
341
463
116
319
686
639
19
763
598
280
726
323
313
173
596
182
136
560
480
687
420
563
13
273
17
26
112
217
30
634
656
495
460
781
351
499
573
754
711
534
376
451
518
692
700
548
123
671
10
125
458
536
610
407
379
748
703
705
16
62
683
353
603
632
517
472
295
267
124
728
491
435
672
552
571
51
680
371
654
506
180
657
637
29
685
332
155
669
178
23
659
235
172
599
524
497
755
54
572
236
130
702
658
4
152
55
597
183
290
650
81
605
35
690
716
715
476
714
46
433
349
567
254
184
239
547
574
187
211
502
545
581
102
315
601
208
342
214
731
105
576
231
689
624
84
33
159
623
661
200
170
274
541
252
160
382
188
389
288
243
126
185
53
464
5
326
248
566
396
413
263
696
242
58
1
337
602
370
0
373
190
448
56
652
665
489
638
287
727
244
264
9
366
292
191
404
158
550
542
442
729
520
331
318
64
121
83
664
174
409
176
261
32
625
631
210
291
549
720
721
540
543
149
213
526
283
25
684
140
367
553
111
593
488
269
268
461
266
677
237
780
63
61
346
704
321
752
538
206
523
426
667
554
85
22
316
385
139
504
655
644
132
241
750
45
651
490
410
204
31
695
137
467
725
293
626
498
759
539
167
6
7
103
600
345
405
79
87
168
189
48
196
203
106
528
286
65
68
156
688
522
314
699
347
411
262
377
129
289
317
440
201
470
551
175
245
275
756
611
258
205
468
348
544
740
344
218
441
443
437
629
394
400
508
403
247
60
751
134
207
487
401
233
412
11
369
18
478
438
776
513
150
469
327
202
14
308
66
339
439
527
240
778
647
510
496
67
494
457
301
41
452
615
15
338
80
383
302
471
453
474
414
303
430
232
466
521
365
424
627
395
355
516
492
733
220
148
272
515
356
151
294
427
47
732
486
774
512
514
135
454
483
484
485
456
455
