334
306
642
670
276
675
277
248
305
723
193
724
72
449
88
362
477
722
304
422
251
73
42
46
74
104
505
38
75
197
96
761
192
333
43
41
92
585
249
450
37
335
674
247
639
392
647
709
769
421
78
420
136
719
94
223
703
105
108
221
669
138
592
97
106
284
641
71
90
219
12
220
45
753
743
98
472
686
648
34
110
538
741
133
685
191
556
717
137
713
765
613
312
582
690
712
595
536
49
113
107
747
169
393
750
715
437
443
62
676
337
173
40
275
410
773
649
102
76
411
99
273
371
711
688
534
416
444
635
224
47
596
638
91
716
682
63
710
36
681
610
707
394
50
718
721
160
321
109
367
130
310
636
661
123
209
653
190
689
744
654
609
777
679
103
166
568
3
279
339
659
684
760
162
278
150
409
701
768
591
311
499
288
82
551
692
779
39
363
608
652
650
95
119
164
293
764
163
435
364
569
691
274
778
372
767
307
262
244
57
522
619
48
749
135
646
13
403
704
380
217
131
660
158
567
466
52
645
783
161
342
587
678
708
194
287
159
680
23
140
781
754
370
184
9
51
780
101
381
782
61
87
112
758
634
215
626
532
165
400
543
35
212
594
620
617
412
168
54
540
58
188
246
498
580
583
149
27
230
683
672
401
593
414
243
408
30
426
129
28
510
216
566
597
369
179
20
19
33
407
32
1
396
668
187
427
533
413
766
535
729
218
523
671
395
344
238
2
242
365
496
546
663
470
699
117
122
181
260
525
658
469
157
687
234
560
607
6
476
441
655
493
465
100
497
431
211
633
204
265
667
550
206
714
152
314
186
8
553
524
547
757
281
581
720
125
382
222
424
116
589
350
141
730
429
213
126
748
236
44
728
637
317
280
398
315
508
85
56
383
16
657
235
579
5
548
656
124
84
405
537
549
207
666
153
373
526
183
700
739
289
430
434
746
673
601
143
615
433
727
134
625
21
345
343
115
662
436
24
93
471
520
86
205
694
643
261
77
0
664
10
55
208
17
11
576
245
353
755
231
606
53
644
185
482
241
439
176
731
521
60
25
349
453
128
385
178
706
264
604
180
423
303
79
4
492
438
379
201
214
294
250
519
29
352
598
266
121
428
386
258
203
272
356
693
319
542
111
624
632
461
182
440
415
351
573
286
189
698
89
285
677
459
756
177
237
233
618
270
378
26
451
240
563
302
554
759
320
18
22
404
726
762
377
574
366
252
463
460
155
611
147
227
326
509
630
354
458
145
196
512
629
481
738
590
83
628
622
154
623
776
552
239
575
462
210
263
195
316
627
564
406
772
397
291
565
763
271
172
732
31
151
301
64
268
118
295
468
259
467
70
399
578
456
256
452
283
507
588
127
167
7
600
232
442
175
571
557
348
174
384
577
292
318
374
665
504
269
290
300
432
445
740
541
640
561
500
495
545
455
156
341
725
487
309
486
483
511
313
774
368
454
518
139
612
484
357
59
516
