246
373
160
668
457
81
625
497
655
565
662
717
663
539
712
377
628
244
150
274
635
552
531
80
124
286
684
629
596
297
405
354
375
121
622
594
441
114
453
209
509
89
191
403
294
656
600
474
409
367
333
378
407
630
581
3
653
639
351
273
608
532
346
598
307
118
311
547
157
117
86
526
466
352
546
555
582
599
607
243
528
743
638
58
256
390
345
101
775
537
123
353
601
575
574
747
126
765
337
391
158
621
142
570
374
190
482
379
592
649
611
571
44
631
127
648
545
381
113
541
473
762
573
128
548
161
540
42
156
650
325
538
498
517
195
364
250
583
753
115
60
618
102
143
486
380
410
135
275
293
305
566
580
416
760
614
569
122
568
595
514
719
335
136
603
109
533
591
726
444
192
108
278
508
698
169
103
529
100
43
602
51
284
567
515
421
764
536
223
309
590
69
556
669
647
12
646
70
451
225
281
87
572
62
193
312
513
674
610
106
479
95
247
166
723
277
251
472
34
641
696
394
304
362
99
138
35
505
613
98
36
769
224
557
703
585
91
90
77
392
422
75
39
420
276
477
45
449
76
63
105
50
64
48
450
722
761
96
68
675
49
197
65
73
47
37
94
104
724
93
40
66
642
38
88
97
79
78
92
41
74
71
670
72
306
46
334
67
