368
705
249
358
330
360
248
359
734
446
328
396
731
742
733
338
771
144
116
397
329
221
677
369
506
370
745
299
562
347
366
172
774
751
737
561
695
220
398
310
580
418
770
534
308
371
336
343
740
738
255
320
254
148
331
778
282
448
151
533
339
743
283
388
202
357
300
736
344
746
772
714
744
385
399
348
375
332
735
708
257
200
276
132
361
356
530
424
298
535
305
680
355
327
732
326
174
342
776
706
417
319
226
720
164
386
423
768
266
425
435
523
349
682
293
442
707
419
175
500
146
495
710
198
412
410
643
269
741
752
504
502
713
270
189
615
384
637
383
704
227
667
173
721
24
301
579
264
346
443
271
152
697
185
487
773
718
403
459
711
387
608
302
230
341
242
376
522
196
245
165
163
767
315
135
411
237
550
432
607
289
463
433
316
272
263
31
4
258
491
199
471
83
15
137
374
294
395
219
297
183
777
304
354
211
700
440
177
112
194
501
461
676
111
494
184
400
7
488
232
228
290
188
415
303
267
321
26
709
134
428
749
234
661
685
201
222
233
22
389
187
179
279
658
212
478
381
171
551
455
672
456
725
439
679
186
213
280
394
136
651
253
683
176
145
636
525
458
414
141
673
182
57
464
238
84
16
147
692
229
558
652
55
277
0
748
756
457
231
54
722
644
559
130
703
205
390
626
191
236
766
476
581
666
377
23
29
781
21
589
427
18
715
404
511
14
475
518
693
668
265
9
510
252
729
503
552
291
609
664
684
438
27
28
180
32
154
56
20
372
149
261
681
240
474
759
691
268
153
273
53
208
235
81
434
717
207
467
660
462
11
492
757
639
499
496
754
2
563
1
521
436
17
688
699
712
520
727
206
586
739
728
730
150
426
367
259
750
217
640
140
314
274
382
393
311
755
325
203
181
363
120
654
431
553
262
782
52
447
460
627
247
218
129
216
131
59
350
119
85
452
285
405
292
281
168
155
114
307
519
560
19
620
780
333
6
10
378
624
480
716
406
318
82
638
353
170
413
483
246
470
628
690
645
125
663
244
657
659
239
210
632
178
584
275
468
402
587
489
662
630
524
340
133
214
629
260
5
25
612
783
107
204
454
564
635
493
779
655
554
576
157
352
623
159
723
337
689
8
416
687
469
617
296
619
686
106
162
61
215
365
160
124
532
594
39
593
656
665
287
588
288
634
190
284
622
13
309
42
286
763
633
379
465
769
514
747
335
765
12
762
420
