773
394
769
281
703
253
366
305
533
276
277
761
335
310
422
334
766
677
309
675
338
248
145
534
336
116
227
363
304
760
722
173
337
307
765
42
280
772
252
136
420
504
775
306
362
778
530
295
293
135
371
750
256
603
308
279
393
133
779
505
477
574
320
774
704
278
273
131
194
532
219
770
255
468
344
709
49
41
370
372
676
777
146
12
314
688
670
443
231
506
585
318
421
321
364
649
587
199
707
572
724
674
284
103
412
246
559
340
294
114
678
762
631
245
247
392
117
397
228
106
490
38
747
205
602
489
190
201
216
222
588
343
613
373
442
518
767
317
374
456
546
416
172
347
621
440
642
39
217
254
411
679
40
323
271
593
88
105
244
369
712
229
155
736
517
735
617
764
319
322
13
427
711
721
776
414
600
737
575
768
242
154
270
34
753
272
203
192
296
502
512
739
355
213
385
339
3
434
200
645
214
86
206
400
125
78
260
476
174
345
232
407
729
52
781
549
723
4
741
215
132
235
313
725
547
626
659
448
708
644
496
230
599
351
27
134
469
630
299
149
180
130
82
129
290
742
225
524
415
654
435
541
16
519
282
352
525
50
187
107
55
615
311
408
62
274
298
758
128
265
413
716
301
578
32
395
643
164
467
396
463
497
333
464
384
156
202
26
302
651
462
492
29
749
243
441
237
287
586
123
324
341
573
137
628
426
300
780
258
620
616
515
461
543
126
401
680
551
46
191
380
259
24
596
601
605
379
579
36
101
236
548
291
71
782
354
598
656
755
686
182
197
423
383
113
288
431
331
449
175
144
752
11
594
570
63
153
185
9
261
409
28
189
436
430
37
346
142
671
233
127
545
140
207
25
700
176
498
560
168
179
754
718
470
208
544
178
526
283
728
6
480
531
56
367
177
204
170
81
115
390
