71
670
69
72
70
67
96
75
142
74
76
117
559
642
68
450
143
93
477
197
505
73
114
278
228
251
94
97
145
557
90
588
65
590
66
277
92
335
531
364
333
621
613
334
422
223
118
256
250
122
144
91
617
255
306
591
305
12
646
421
616
649
64
78
222
607
361
558
362
120
79
138
724
86
36
635
532
363
620
227
169
636
37
166
449
146
43
568
608
618
586
610
162
115
594
98
707
570
195
761
125
200
507
194
609
569
265
229
104
760
161
753
767
663
578
147
42
225
637
34
50
606
633
35
634
199
580
259
253
77
582
585
246
648
46
587
95
595
572
113
13
605
698
723
126
254
662
209
622
765
124
619
577
100
88
556
769
571
119
127
678
611
708
128
48
108
49
82
479
99
260
541
89
529
141
676
281
216
579
589
123
51
211
653
238
576
567
38
758
543
757
2
701
332
592
681
660
389
240
598
52
283
463
747
645
650
431
566
63
623
28
372
581
16
542
709
675
30
231
239
163
21
658
772
563
730
782
3
739
629
743
712
632
393
215
624
381
656
766
783
27
696
779
24
183
29
519
583
158
131
164
674
273
671
170
702
654
152
26
167
476
625
171
159
20
535
230
201
599
491
4
392
193
8
775
596
673
320
768
530
57
695
178
544
492
121
55
539
217
744
691
324
190
10
700
33
384
755
745
506
331
651
464
156
661
520
706
597
241
665
192
243
212
234
639
604
641
181
266
693
687
109
184
17
60
174
432
728
279
19
686
244
210
657
373
540
746
186
679
87
460
777
376
53
325
781
237
726
548
664
5
560
179
133
112
84
404
269
153
352
214
408
729
600
0
380
546
280
203
235
749
764
58
110
139
638
187
25
182
349
667
741
659
593
552
517
672
160
319
83
56
683
754
719
188
518
626
293
274
379
601
684
689
451
311
630
249
436
101
130
644
550
172
655
472
54
47
32
771
652
458
261
180
525
7
45
61
413
236
343
1
31
173
177
85
219
489
310
722
573
727
23
116
202
304
308
780
549
426
62
149
242
351
547
495
111
682
759
245
669
307
690
435
762
720
268
575
555
704
524
377
336
731
206
284
326
523
297
554
692
218
366
685
345
513
499
189
208
22
405
448
252
420
132
176
312
347
296
207
735
699
9
467
185
295
140
275
390
213
522
756
371
346
204
400
385
205
736
301
44
748
574
353
360
773
337
714
740
480
536
154
348
129
224
498
770
191
488
407
478
196
442
175
459
545
262
440
354
677
168
18
294
526
6
553
711
497
680
272
763
102
302
11
290
409
538
233
370
258
718
508
286
710
551
715
150
615
396
640
282
80
737
157
270
342
299
271
232
457
313
344
81
327
264
627
303
490
713
738
717
328
298
433
151
291
725
107
461
321
263
705
315
276
584
603
516
412
134
410
288
382
703
406
721
430
511
441
365
453
267
468
411
378
226
514
602
716
309
317
469
666
527
502
474
504
14
155
401
403
15
292
318
470
148
668
688
330
287
367
341
631
359
515
437
374
496
289
466
339
316
388
427
447
322
512
415
221
487
323
41
394
528
612
103
105
428
386
247
