628
106
577
711
21
190
662
757
263
297
714
267
520
23
375
412
103
402
293
292
440
497
578
176
205
516
261
8
163
716
17
178
654
692
266
238
348
82
657
613
563
783
455
3
124
427
400
749
404
337
466
191
463
95
541
626
354
204
318
185
401
91
373
683
127
377
119
287
472
493
243
728
494
173
663
231
346
652
736
118
442
320
367
651
242
179
125
234
435
624
43
641
299
356
284
288
521
97
436
102
600
364
229
589
490
189
120
157
650
265
525
534
126
555
211
573
758
296
735
105
770
380
572
517
381
715
93
230
256
675
164
743
405
358
279
240
166
718
330
432
456
627
587
260
625
407
340
685
767
378
322
676
122
693
146
101
433
772
687
67
239
357
408
280
618
252
428
147
674
75
347
532
98
94
766
37
406
92
429
686
462
739
325
329
593
535
726
777
352
177
199
379
313
646
89
341
765
737
698
434
350
108
259
489
42
556
76
461
753
747
171
99
223
221
710
769
86
195
333
616
480
225
351
192
374
73
281
713
506
451
617
744
760
169
422
100
113
717
741
307
312
389
742
779
590
746
559
142
642
393
557
709
724
323
565
104
90
738
96
109
305
117
712
74
706
450
251
311
507
137
588
761
115
69
193
775
421
363
707
361
479
70
745
143
586
708
72
145
335
136
249
138
390
449
277
558
71
253
114
505
306
222
194
477
250
278
197
670
334
362
