466
498
530
367
434
562
363
467
435
366
400
362
364
365
529
432
626
561
331
465
373
716
497
333
399
334
433
428
594
368
332
340
394
693
341
372
335
468
330
406
301
499
749
436
661
715
750
374
593
307
427
300
431
531
748
302
717
405
395
684
361
714
396
504
401
658
299
536
625
659
306
751
851
850
694
472
782
819
662
329
500
336
437
398
438
781
342
346
315
752
308
882
464
232
847
304
660
783
402
469
269
303
272
784
403
808
820
720
397
407
776
657
879
746
274
683
816
809
747
270
878
122
528
347
846
440
814
298
80
682
339
404
719
439
273
1005
248
501
426
845
283
1004
742
726
849
470
865
267
508
718
58
881
883
848
709
31
16
540
282
613
818
710
1006
615
685
807
581
844
810
275
880
692
713
841
357
852
795
233
389
974
386
583
48
580
452
309
823
640
768
393
1001
910
263
47
455
27
796
124
81
842
75
49
737
98
875
152
228
704
259
934
859
262
271
1013
216
189
507
201
874
215
942
896
379
375
90
763
703
113
775
813
779
252
706
853
197
736
63
17
745
744
476
897
516
95
183
977
1011
891
92
204
112
65
242
385
935
735
899
533
777
760
35
74
1010
799
1003
812
294
230
688
614
1009
153
911
612
519
877
797
266
502
866
627
913
551
88
247
895
384
639
892
93
420
705
321
217
236
828
741
780
171
30
29
15
177
903
57
1015
572
260
235
914
520
354
568
864
220
888
764
817
418
929
99
699
999
196
1014
258
237
268
560
945
190
352
164
922
473
209
240
920
582
926
221
840
973
139
678
104
356
902
64
868
416
73
730
1016
227
100
832
2
919
800
475
860
641
261
253
671
606
759
206
37
96
815
573
542
59
672
869
931
28
969
316
646
511
698
1012
264
938
210
145
251
103
811
131
762
123
127
834
798
898
314
200
18
979
291
6
933
801
146
390
575
767
448
788
97
1022
928
689
350
185
918
778
1
647
548
731
184
66
141
951
930
148
676
38
119
46
126
604
907
125
444
674
889
234
391
292
194
827
700
978
290
199
134
831
908
702
740
89
901
870
829
976
284
471
970
610
422
137
388
94
445
121
157
280
355
708
205
324
62
223
941
150
149
962
222
102
182
229
924
946
241
1023
353
960
510
317
106
170
32
503
943
961
643
984
26
921
576
328
76
250
158
5
322
208
952
36
758
421
509
912
297
68
539
532
925
1002
423
419
87
541
1021
732
734
60
44
79
1000
644
991
305
673
91
873
118
824
894
821
890
447
325
56
477
479
738
101
360
70
982
130
128
939
854
243
105
67
958
198
69
858
159
668
408
633
944
937
61
34
642
893
950
107
965
915
320
165
289
163
417
129
607
549
544
450
769
932
765
1020
802
343
441
446
45
900
481
144
998
887
947
980
967
953
578
861
140
701
318
33
42
534
904
133
791
319
238
772
975
412
839
968
836
792
287
608
766
9
358
151
917
804
830
219
71
3
293
1017
867
4
833
856
257
191
997
254
577
351
231
39
8
176
41
136
862
383
707
249
857
132
429
571
826
739
239
733
954
109
411
276
108
337
143
55
50
169
387
638
512
579
187
972
909
285
188
789
981
611
116
84
803
115
936
711
138
605
835
637
279
114
218
496
906
226
154
794
543
774
195
885
773
166
281
855
992
545
923
679
478
546
14
454
690
72
120
255
645
288
927
513
983
135
863
311
225
905
876
78
872
667
83
843
677
959
609
988
957
990
987
806
19
156
162
886
323
712
207
451
793
147
574
822
186
963
480
940
1019
40
675
989
514
505
7
0
669
256
82
77
442
994
178
636
310
111
993
415
666
155
25
43
160
483
996
695
380
86
603
547
54
211
600
326
484
916
12
203
202
825
670
837
727
449
517
743
871
161
286
167
443
602
487
949
20
838
338
85
23
192
142
805
24
246
956
985
538
376
771
971
486
770
392
53
265
13
349
21
1007
295
966
986
515
634
1018
485
482
110
884
948
371
193
563
955
680
296
413
10
377
964
691
168
681
790
652
117
535
1008
697
181
550
382
518
409
11
696
761
348
787
474
52
995
214
173
175
729
757
537
785
410
278
488
51
629
632
414
459
277
359
753
728
369
172
245
453
506
570
244
635
180
22
569
327
224
381
664
665
174
430
648
212
345
378
616
630
344
552
725
456
601
312
628
213
786
721
756
313
663
424
567
179
565
566
584
687
653
621
370
686
494
425
460
521
631
458
599
656
527
462
553
597
754
598
463
724
592
589
620
649
755
651
595
564
526
489
624
461
722
495
457
490
654
723
522
655
493
650
596
557
590
622
585
617
559
558
491
525
492
554
588
623
618
591
619
523
586
556
555
587
524
