659
691
660
654
653
692
723
598
686
655
566
685
469
565
629
630
881
661
652
849
817
436
240
239
470
743
533
848
816
711
534
710
597
272
281
271
502
818
1010
207
722
850
658
376
238
313
435
327
815
491
754
437
492
971
359
208
785
403
819
490
457
592
724
345
755
546
729
696
344
179
326
880
882
761
249
690
489
786
784
797
678
392
206
458
391
501
175
599
505
877
510
440
481
514
273
408
648
439
459
212
402
680
407
616
304
783
624
404
468
679
631
360
975
712
684
358
264
569
312
845
844
235
424
328
241
537
619
210
269
851
270
742
623
977
847
473
787
456
702
471
609
538
756
843
181
570
646
1002
813
852
620
209
511
215
733
180
176
728
697
455
577
204
842
487
199
585
550
480
233
425
305
946
186
578
188
237
788
669
234
244
518
434
263
814
846
375
202
460
647
194
663
211
296
171
154
583
551
789
617
506
876
438
488
513
941
236
782
205
913
707
611
200
978
294
820
348
940
637
826
243
766
645
875
774
201
423
674
825
230
635
282
673
254
698
384
649
878
581
302
760
677
262
182
972
197
213
232
203
822
765
737
426
560
265
371
798
699
390
1009
167
675
790
4
945
856
323
584
793
303
29
142
809
291
48
618
991
110
82
545
196
218
939
317
914
744
143
83
541
701
664
582
252
520
198
377
214
153
642
1003
111
651
885
907
552
73
1006
576
27
152
295
1011
615
811
1023
297
151
928
803
130
155
225
927
780
226
992
794
91
109
485
886
859
521
976
753
370
314
962
670
900
77
261
830
571
318
49
482
831
1007
44
131
79
174
169
43
959
739
960
899
812
932
170
224
350
124
251
961
870
732
322
639
1018
250
672
192
99
990
76
253
2
397
925
274
921
802
93
770
52
245
479
493
872
183
918
59
706
908
994
128
700
896
901
838
447
117
740
61
86
187
919
354
829
909
227
641
449
54
47
100
0
893
884
486
567
3
121
586
858
853
771
665
242
517
902
148
888
837
25
478
11
840
835
166
986
773
1019
839
41
904
286
508
632
951
891
10
916
87
871
74
970
957
983
933
867
579
834
50
28
894
149
544
985
757
92
855
30
195
472
412
85
895
841
601
255
72
287
114
277
164
801
60
9
163
857
467
887
159
926
864
644
122
781
94
883
21
90
266
1016
958
656
949
7
55
869
922
382
792
828
15
193
353
931
713
955
934
989
343
219
66
229
474
223
804
104
988
920
53
386
987
32
106
185
119
519
231
963
125
89
257
614
5
643
393
917
995
256
938
930
97
78
168
923
178
80
65
8
874
95
141
734
1020
604
108
953
133
280
832
676
75
915
575
132
16
836
767
173
101
522
120
854
416
84
984
1017
861
150
954
929
36
695
325
717
45
873
217
288
892
319
35
868
1015
610
833
539
454
821
993
862
20
162
158
547
1
33
898
81
417
924
42
1022
113
316
64
116
681
146
964
51
897
123
136
806
290
762
14
19
823
866
775
300
865
906
948
621
98
600
103
668
126
903
935
46
139
12
285
414
422
258
105
118
40
306
413
735
751
1012
950
284
634
1021
17
156
228
640
523
276
387
70
88
6
127
890
221
268
165
451
667
410
62
889
248
671
703
536
421
799
157
777
763
736
246
969
71
349
68
982
147
409
965
966
34
515
56
293
26
301
808
549
366
31
37
796
810
800
222
968
980
738
96
57
442
745
380
879
772
979
189
580
320
956
750
805
22
605
981
860
606
608
135
355
484
415
63
779
542
112
613
283
419
138
38
18
952
650
1000
365
937
67
776
936
39
23
666
572
315
311
512
177
568
602
824
24
731
190
947
69
191
769
427
791
107
764
115
216
910
129
638
184
450
441
633
418
381
905
140
13
1013
172
102
704
543
730
58
383
758
591
452
553
259
453
574
718
292
137
134
573
999
1014
352
912
1008
289
795
338
548
827
389
768
267
863
160
622
807
444
997
466
161
385
378
1001
220
708
398
379
394
996
260
388
504
943
627
636
516
420
483
749
446
967
321
682
741
603
372
683
145
662
727
778
973
275
346
612
540
356
278
361
693
309
752
443
329
554
998
428
716
709
705
347
524
607
476
357
324
351
406
445
747
715
974
310
687
334
475
944
507
748
279
401
144
759
337
335
339
333
247
369
336
367
433
308
299
535
714
307
587
1004
405
503
396
448
746
911
942
399
628
626
400
477
509
411
362
340
461
559
465
298
725
374
625
555
368
342
373
657
1005
588
341
719
395
432
525
726
429
526
498
364
499
332
363
556
330
589
590
331
527
694
500
721
557
528
497
720
431
558
593
688
564
430
689
531
494
464
561
529
532
530
596
563
594
562
496
595
495
462
463
