648
34
35
362
255
572
171
125
115
637
95
570
449
569
169
162
678
610
702
594
194
568
663
577
580
609
211
100
707
104
726
200
167
139
42
99
47
227
108
361
563
708
119
113
598
592
543
633
556
589
89
474
432
259
431
147
229
170
246
128
60
567
595
605
662
381
52
254
459
479
393
696
701
172
757
541
82
525
747
124
739
163
676
769
599
253
131
238
658
372
472
581
783
671
550
159
209
283
535
583
653
447
460
660
624
597
123
473
681
693
458
542
768
240
706
743
158
110
596
2
279
566
164
650
651
33
600
549
451
182
61
321
779
674
30
675
463
712
8
709
552
193
492
623
215
16
373
728
629
630
127
744
201
184
20
523
281
478
524
656
19
745
21
212
673
192
520
320
389
324
495
593
654
349
27
736
190
749
152
24
679
178
544
55
695
384
268
234
464
376
231
746
548
217
491
226
659
101
293
237
25
243
4
10
273
499
109
691
0
426
241
661
584
522
639
265
497
770
181
665
554
576
536
404
735
296
56
413
467
235
498
244
84
553
186
604
644
506
160
80
149
130
7
351
657
641
1
203
420
697
332
133
173
754
700
153
664
156
638
632
266
737
32
230
214
526
187
457
116
667
352
249
274
311
540
741
126
54
81
179
102
22
689
85
83
518
188
683
759
336
154
261
294
684
508
719
573
380
517
655
31
687
469
652
777
780
546
325
236
379
219
409
442
672
748
738
310
269
280
489
470
354
132
23
677
177
174
682
686
468
699
14
337
740
731
390
176
295
180
400
242
405
307
245
488
353
140
601
441
704
551
705
382
720
218
308
756
516
282
685
284
669
692
189
475
6
773
391
9
627
129
411
575
275
348
763
435
206
312
527
185
11
346
204
385
437
18
150
207
196
347
440
208
547
326
107
175
202
191
213
448
487
264
401
396
327
15
496
370
297
521
331
714
155
322
711
157
502
680
403
513
453
538
436
408
545
252
410
366
603
710
168
286
647
407
715
430
233
461
511
262
480
412
742
466
718
198
205
374
713
44
272
388
406
615
528
323
612
258
439
490
494
267
427
602
232
717
574
443
302
418
134
263
399
433
270
344
271
486
151
438
425
313
732
631
471
303
716
414
564
415
752
688
628
378
429
298
454
301
721
276
668
666
512
733
428
287
288
515
299
501
423
41
340
367
105
444
397
445
514
383
339
510
355
328
316
446
509
59
257
148
417
452
360
483
341
493
356
221
751
465
434
395
778
398
462
314
402
484
643
394
614
338
776
485
375
481
424
247
416
562
285
694
330
537
357
300
369
750
359
136
387
456
534
734
248
482
220
500
455
106
774
137
565
503
329
39
358
40
419
165
561
368
533
