0.011228085
0.05712557
-0.13932705
-0.17227602
0.0026364326
0.0030808449
0.27567053
0.097857475
-0.0862236
0.22059727
0.006072521
0.29168415
-0.7183871
-0.3220458
0.29124165
0.3963766
-0.07741022
0.00073099136
0.29898024
-0.03266716
-0.0744257
-0.05316925
0.16327238
0.18220997
-0.019823074
0.03351307
-0.04070282
-0.040887833
-0.17755938
-0.12497854
-0.10470438
0.115344524
0.08380556
-0.07337475
-0.4432993
-0.38716078
-0.6470289
-0.58862686
-0.2656107
0.9733434
0.9800396
0.5266061
-0.35333443
-0.49602032
0.31439495
0.052916527
-0.3980198
0.057564735
-0.2444048
-0.3040681
-0.41370678
-0.25554323
-0.1912117
0.062248707
0.08192921
-0.012441158
0.030231953
-0.0038990974
-0.0027928352
0.8125286
-0.0014719963
0.09624338
0.13034964
-0.19843006
-0.6543622
-1.0855556
-0.87545824
-1.6582475
-1.1901293
-1.8416252
-1.7822194
-2.8343024
-1.7842021
-1.1717367
-1.4918385
-1.577539
-1.42348
-0.4108758
-0.7222934
-0.6731801
0.07010889
0.12038851
-0.23978233
0.12720823
0.043694496
0.108682156
-0.69839287
-0.038856506
-0.34675455
-0.25876188
-0.98797464
-0.81544924
-0.97231483
-1.230443
-1.0824361
-0.3914113
-1.5980105
-1.0801806
-0.5266056
-0.31130457
-0.33314753
0.05685711
0.27230453
0.5708089
-0.5114393
0.5647893
0.9454937
0.37182236
-0.31594038
0.040412903
-0.004032135
0.16309547
0.10898447
-0.34827662
-1.2697449
-0.5545111
0.15557957
-1.3560019
-0.94498634
-0.2985568
-0.5764146
-0.098835945
-0.8498292
-0.18338013
-0.22839975
-0.45329142
-0.2378006
-0.23078775
-0.28476048
0.24954414
0.07865286
-0.11125183
0.23988104
0.058869362
0.46956205
1.0271153
0.89888287
1.0221658
-0.57373667
-0.21401405
0.19608307
-0.17755556
-1.8015537
-1.3636718
-0.80325556
-1.130734
-0.45882368
-0.31067085
0.5639739
0.08877993
0.2924924
0.48287535
-0.026047707
-0.0062031746
0.14763927
-0.24429369
-0.21011114
0.3167286
-0.12159586
-0.14254522
0.067578316
-0.4130435
-0.45709085
-0.16717625
-0.08657265
1.2498684
-0.6058831
-0.18587685
0.2916212
-0.5115118
-0.10704708
-0.4591136
0.13515377
0.10282326
0.16374254
0.36304665
0.21357441
0.19895029
-0.018301964
0.098736286
0.06867981
0.020346642
0.1045084
-0.06927252
0.17527151
0.27686977
0.0591774
0.09655237
0.12514114
0.2505436
-0.032001495
0.31095314
-0.028858662
-0.070233345
-0.41933584
-0.578372
0.2915616
-1.1118412
0.75721884
-0.557199
-0.28859377
-4.1484833e-05
0.3191762
0.08274984
0.29509878
0.35391998
0.22923183
0.2682519
0.14375639
-0.2854576
0.12562752
-0.15335083
0.18503141
0.29404497
0.08335447
-0.07418585
-0.20706463
-0.00274086
0.2497201
0.17128849
0.90528584
0.5979624
-0.602859
-0.8941879
0.22725105
-0.62277365
0.35385466
-0.42264032
-0.8808203
-0.30366564
0.06580305
-0.008009434
0.42768574
0.31736755
-0.011032581
0.05046034
-0.037974358
0.07250023
-0.1475091
-0.011149406
0.34763765
0.023068428
0.22442198
0.025993347
0.05297661
0.22460508
-0.2900958
0.71110487
0.86597824
0.13314962
-0.8479333
-1.0031147
0.3403201
-0.22514391
-0.20686579
-0.60829926
-0.7477751
0.6972728
0.44128466
-0.30131054
-0.21066046
0.13983297
0.3385191
0.37861586
-0.03957653
-0.29137087
0.11972237
-0.17942333
0.035776615
0.18362904
0.45444012
0.48415422
0.42645454
0.016727448
0.12294531
0.2834072
0.45671225
-0.8734398
-1.04319
-0.10607433
0.1662817
-0.11418915
0.25561333
-0.16339111
0.23009491
0.6978879
0.38057613
0.46472788
0.4731102
0.49920273
0.2907338
0.39508057
0.09522343
0.13729572
0.30020857
-0.034778118
-0.08771229
0.31505632
0.56335497
0.61112595
0.8845873
0.45365953
0.4697008
0.49800968
0.1921196
-0.6945319
-0.71157837
0.17281294
0.1806755
0.49890423
0.16815138
0.13441372
0.2644701
0.41870165
0.62494326
0.48387003
0.52150154
0.4771328
0.5171428
0.15919876
0.01741743
0.20262575
0.49684477
-0.008008957
0.08545399
0.1941328
0.3102231
0.43970013
0.65765
0.92294073
0.7772813
0.24566412
0.028461456
-0.83502007
-0.8192034
-0.86811066
0.1286726
0.2369113
0.8018222
0.6473222
0.5368061
0.63591623
0.40321112
0.11169195
0.36225605
0.20114946
0.23097372
0.24522924
0.04057789
-0.03596258
0.7505183
0.010443211
0.022977829
0.28750753
0.20369959
0.65721655
0.7032447
0.8666358
0.99345016
0.76052713
0.44856358
-0.44833755
-0.57586575
-0.7466459
-0.87573004
0.43060112
0.35178518
0.54951096
1.3580699
0.74443436
0.30812597
0.21194601
-0.1388669
0.023071289
0.49394703
0.8030672
0.08349848
0.23943853
0.45599365
0.10761356
-0.046492577
-0.1708045
0.39569378
0.7475381
-0.002172947
0.28695393
0.71834564
1.0960703
0.6930871
-0.065662384
0.20711899
0.5339637
-0.13548374
-0.17414045
0.61975193
0.68617773
0.332664
0.7431226
0.77258444
0.5290699
0.23142195
0.45029545
0.8821411
0.5537429
0.12207651
0.15840387
0.42346
0.31097174
-0.29826832
0.35412407
0.45252514
0.49727154
0.3916297
0.080458164
0.6343913
0.53254414
0.9975982
0.8278446
0.7264323
1.3257375
0.15741682
-0.63798237
-0.89489126
0.87515545
0.85301924
0.64810467
0.08411789
0.47893
0.5981188
0.66968966
0.45836496
-0.14343214
-0.08622646
0.441216
0.7046199
0.20706081
-0.11222887
0.58124447
0.6120367
0.5680375
0.26912308
0.39131403
0.34168482
0.52556896
0.7012868
1.0426326
0.6796932
0.2569418
0.26465464
-0.50235033
-1.2872286
0.050027847
0.7080269
0.3978243
0.69310904
1.0260067
0.8724518
0.32160807
-0.031546593
0.15941143
-0.019451141
0.48917294
0.7621722
-0.12210655
0.30709553
1.0182014
0.4851899
0.19043827
0.40267992
0.4163375
0.4391141
0.5847354
0.038950443
0.6358652
0.0122971535
0.45218563
-0.09098101
-1.1311016
0.28110456
-0.29610968
0.406415
0.8480835
0.83459425
0.86351585
0.7956271
0.8835826
0.6026645
0.51354456
0.12859488
0.16458893
0.42247868
-0.021788597
0.54542494
0.7498398
0.60548544
0.09586954
0.49777508
0.26143837
0.23023272
0.15980148
0.86259556
0.91997814
0.29454994
0.89565754
0.40028143
-1.1086898
0.09446859
-0.56218386
0.29008532
0.8332329
0.6767225
0.5152693
0.5919914
0.24985409
0.5712471
0.51289463
-0.16252518
0.108866215
0.11721945
-0.006468296
0.28460455
0.5276351
0.19594574
0.13344383
0.12444115
-0.017935276
0.25880814
0.5098119
0.5300541
-0.67871046
-0.24307585
-1.2592378
-0.51204586
1.4128747
0.74570847
-0.12920904
0.22421312
1.0600009
0.379426
-0.05505228
0.10560942
-0.19280386
-0.08721733
-0.14022827
-0.011194706
0.30679226
0.13949442
-0.055060863
0.035439968
0.08336592
0.036959648
0.3005619
0.008711815
0.27277088
0.1363554
0.078186035
-0.26244545
-1.4213443
-1.0089788
-1.5285897
0.0033020973
1.361481
0.8416357
-0.18526125
0.6361084
1.1481075
-0.10977602
-0.266716
-0.4942155
-0.46332788
-0.51027584
-0.3384514
-0.23825884
0.16274834
0.38099527
-0.03576088
-0.34082317
-0.34757042
-0.47222996
-0.36128235
-0.4210086
-0.19272566
-0.39658642
-0.13376617
0.024126053
-0.30834723
-0.9280653
-0.2984004
-1.055047
-0.28789377
-1.0052309
-0.8000641
-0.24999666
0.0060310364
-0.42907763
-0.2905903
-0.1277299
-0.07751846
-0.22739887
-0.12772894
-0.018914223
0.25656843
0.4613695
-0.30189276
-0.03842163
-0.33197498
-0.3604579
-0.61495256
-0.47190094
-0.44858074
-0.47963476
-0.31769896
0.3545661
-0.861639
1.0953217
0.35823488
-0.8116307
-0.73390865
-0.58440304
-0.37253952
-0.63728905
-1.1847992
-0.2947502
-0.088110924
-0.14266157
-0.14395237
0.06218195
0.3169651
-0.34261513
-0.230824
0.017682552
-0.3818307
-0.10034227
-0.34109402
-0.32684422
-0.55655384
-0.5112176
-0.4413724
0.09588623
0.028759956
0.2871194
0.034627438
-1.232377
0.62184334
0.07202339
-0.20803213
-0.7832999
0.60176086
-0.39960384
-0.7174754
-0.13773966
-0.08244324
0.14430809
-0.17658234
-0.050053596
0.09997177
0.17709398
-0.06238413
-0.077355385
0.024257183
-0.13652897
0.018738747
-0.26152325
-0.37441874
0.091189384
0.050470352
0.5163274
0.100320816
0.54619837
0.20109558
-2.0273862
-0.14828157
0.1362958
-0.049852848
-0.12469578
-0.09534168
-0.20005608
0.2832837
-0.45390368
-0.02474451
0.3642707
-0.1477871
0.1994009
0.13201475
0.13193083
0.13447285
0.01405859
0.13047838
0.5467963
0.12682247
0.20351076
0.013737202
0.23978806
-0.10286665
0.7873254
-0.015367985
-0.19609737
0.5140791
-0.5462346
0.18544006
0.060521126
-0.22369385
-0.33226776
0.47149372
0.21440649
0.25425386
-0.13044882
-0.43923855
-0.37086487
-0.096307755
0.3903389
0.35984373
-0.07955885
0.42512465
0.33918142
0.39138746
0.5116849
0.4291048
0.3894806
0.113992214
0.18676567
0.48669338
0.17077827
-0.27073812
-0.5726342
0.23570251
-0.040108204
0.12364817
-0.0011024475
0.0010356903
-0.14197588
0.18292284
0.5347576
0.55967426
0.9807248
0.027212143
-0.042920113
0.08472347
0.17209196
-0.23307467
0.17762566
0.10032606
0.38992167
-0.1668787
-0.07420015
-0.070165634
-0.024553776
-0.2033186
0.14863777
-0.025710106
0.79428625
0.6919966
0.5095844
-0.38430548
0.0724802
-0.04885626
0.2105465
-0.22478628
-0.22670269
0.115011215
-0.36165714
-0.4820509
-0.013496399
0.2135768
-0.017387867
-0.3257289
-0.28545713
-0.44902754
-0.165874
-0.24371767
-0.013903141
0.0015311241
-0.15092754
0.21930695
0.8277588
-0.04713726
0.79256487
0.12999153
0.68321896
-0.07224417
0.14521456
0.0063729286
-0.14305067
-0.16176462
