569
148
260
394
333
550
599
518
596
101
186
770
123
489
348
72
30
493
674
381
689
409
232
99
213
70
253
492
546
777
547
748
580
657
551
662
749
140
307
266
650
433
235
607
449
548
209
621
413
624
494
204
600
504
536
645
598
241
149
625
43
577
712
152
98
181
701
20
620
729
366
261
216
239
746
238
375
82
549
233
552
747
109
649
134
210
337
711
178
306
19
566
113
696
234
52
405
681
120
754
268
560
347
709
231
25
28
574
179
783
227
141
100
758
775
781
744
579
318
1
671
264
4
782
526
616
767
84
349
265
322
741
629
353
236
571
466
237
95
438
601
207
730
225
604
16
65
162
498
55
205
56
319
606
29
262
765
588
545
757
575
26
151
125
738
131
415
524
208
86
130
523
768
259
617
591
495
572
121
201
206
728
362
119
296
673
743
150
769
163
766
122
290
693
421
263
180
658
146
169
444
477
603
441
440
632
488
573
96
468
338
505
659
294
393
293
467
472
772
42
497
431
679
335
517
174
530
89
142
321
256
422
255
631
292
291
602
605
469
779
173
389
647
660
80
630
633
81
661
115
197
773
310
450
651
194
502
443
557
707
704
507
470
118
670
311
698
544
305
708
515
726
228
702
675
648
143
279
145
200
117
363
529
516
706
589
222
525
391
282
618
535
170
646
199
254
475
563
678
114
226
676
198
473
677
390
506
558
590
283
559
697
447
705
144
171
531
446
474
418
