492
493
525
526
527
524
592
560
623
591
494
460
559
461
429
528
491
428
624
655
397
495
523
459
396
593
395
654
363
618
630
404
436
598
462
561
430
427
594
403
311
662
437
364
595
240
728
992
617
627
405
974
622
558
435
331
761
993
842
994
631
1006
597
843
793
724
650
556
837
278
343
57
656
723
310
679
147
85
246
792
180
342
946
390
651
486
284
279
848
979
585
663
574
586
374
247
15
394
711
347
960
629
406
239
89
869
453
653
626
743
872
729
458
998
221
625
455
422
878
286
847
707
179
959
168
619
316
692
760
1018
312
529
675
875
557
518
149
3
490
841
817
955
981
265
468
277
245
766
785
573
318
910
384
826
52
798
348
628
874
870
271
214
997
804
148
116
661
696
266
705
678
599
975
816
611
644
322
90
596
379
411
496
712
362
12
605
398
103
162
207
487
55
84
740
201
380
105
118
986
234
677
321
635
283
815
543
86
606
839
115
443
578
825
297
106
104
809
701
569
1007
132
25
357
1019
668
74
375
938
4
957
469
939
575
136
474
138
189
821
871
906
840
88
922
181
636
680
962
315
765
646
637
830
296
426
309
924
58
73
117
213
978
67
192
755
253
991
771
389
949
448
608
202
200
667
505
987
191
756
555
844
927
945
47
91
97
867
141
353
29
700
44
473
514
990
332
157
916
244
373
167
876
829
134
907
414
224
194
478
510
858
26
0
1009
849
285
838
352
365
135
925
423
996
34
139
948
256
672
46
674
846
272
291
638
645
75
142
421
943
227
48
754
222
169
845
287
610
372
603
358
643
704
166
604
434
613
77
913
359
854
772
737
877
868
354
159
65
252
670
958
537
226
68
130
133
479
669
300
961
706
822
288
233
732
890
83
710
963
477
739
413
697
158
258
49
161
371
889
786
953
857
731
806
980
664
95
506
215
51
325
356
976
235
170
1022
519
790
544
13
193
538
45
16
35
977
861
59
72
770
153
744
725
709
914
973
788
82
1023
879
36
482
416
273
693
609
545
320
895
61
836
98
248
254
329
965
225
742
280
863
513
208
17
154
551
805
259
873
735
143
108
220
708
818
270
673
926
175
324
449
923
954
476
378
319
355
190
163
447
66
156
794
121
970
146
317
733
789
738
140
237
576
412
908
886
607
255
483
698
199
446
290
562
1020
176
350
60
967
137
649
160
950
174
695
894
767
122
568
79
947
107
62
441
915
549
546
572
323
634
54
734
484
195
893
78
385
260
642
936
888
232
512
956
541
454
203
902
862
402
113
810
1005
702
539
182
577
542
481
823
475
614
581
730
442
261
43
859
571
540
144
775
452
94
2
580
835
40
850
892
188
488
796
438
450
14
410
971
1003
485
995
647
351
125
660
904
330
699
520
41
509
129
114
905
891
236
127
69
1015
451
550
120
341
903
5
900
381
417
251
231
9
126
814
582
855
515
944
811
552
768
11
206
238
56
517
985
773
898
112
928
109
326
887
30
346
50
639
183
7
681
391
480
96
896
212
813
155
803
63
919
691
444
217
81
198
951
292
445
92
33
230
173
327
37
119
884
911
881
570
257
344
165
32
38
102
70
802
820
764
93
612
579
799
489
774
110
587
834
27
932
901
641
131
1012
387
196
229
807
659
80
388
1017
763
797
584
769
71
463
18
929
666
713
856
299
205
921
937
298
787
293
918
1014
328
930
314
64
42
791
616
276
912
241
1001
964
28
87
917
686
988
508
128
676
171
920
382
303
507
223
187
151
632
53
982
6
1010
264
548
536
999
281
882
665
100
784
897
828
652
565
76
419
1
349
386
177
111
800
418
313
467
547
648
1021
824
383
21
600
934
101
880
456
671
736
511
211
966
860
99
250
20
164
819
866
295
204
304
333
682
39
883
22
501
1008
308
24
152
457
172
185
289
757
8
942
909
640
219
249
633
694
19
808
553
885
145
831
601
407
425
685
150
801
952
243
865
