853
968
833
504
123
197
209
1013
306
1000
969
294
762
827
516
409
282
741
940
983
440
615
184
305
302
778
722
263
776
31
779
727
228
851
566
1016
935
1011
186
941
703
10
812
602
124
931
899
262
415
370
583
588
178
408
933
832
989
376
218
1004
753
269
984
268
1002
759
590
420
393
864
852
554
439
216
301
345
23
777
377
780
472
521
746
795
972
470
274
340
210
275
466
563
567
745
267
658
758
424
522
338
620
683
242
714
782
500
715
360
684
361
783
533
781
307
726
471
339
747
392
337
334
687
748
497
366
335
336
499
752
534
621
589
532
498
502
690
564
530
657
503
716
431
749
721
535
464
401
717
689
751
367
369
531
750
399
688
718
368
433
465
719
720
400
432
