368
705
734
733
771
731
249
338
396
737
446
751
745
770
677
328
116
358
144
738
602
506
695
370
308
740
330
736
336
397
369
172
366
329
562
282
255
310
774
221
359
448
735
343
418
530
148
320
708
561
746
744
347
398
248
299
254
732
371
772
534
706
502
283
321
132
631
603
574
575
768
752
151
355
410
202
720
504
146
220
385
357
776
417
546
535
257
547
778
199
707
342
419
339
399
680
400
424
344
686
356
721
226
327
465
209
164
322
332
198
360
667
24
767
189
295
500
174
425
412
501
442
175
388
289
466
384
15
665
718
348
682
145
185
196
372
383
300
331
533
341
241
279
423
264
461
694
643
615
749
200
227
349
31
710
83
152
163
725
630
411
766
697
704
432
711
748
184
386
290
4
7
433
263
26
111
315
81
525
743
305
478
177
700
222
548
493
183
22
676
194
440
437
741
112
253
350
14
230
179
258
266
316
237
181
245
135
301
395
651
186
234
171
709
673
238
173
232
777
182
354
679
520
319
659
206
756
773
134
692
187
471
490
55
375
492
429
584
0
672
661
519
302
363
141
376
84
188
147
693
713
739
239
271
443
387
165
29
459
57
439
16
180
21
176
272
668
233
640
20
28
377
54
415
644
609
428
280
652
612
781
455
456
626
219
759
27
685
683
303
23
476
18
664
56
9
729
757
2
727
511
414
314
755
149
1
691
32
624
681
496
19
153
699
639
553
427
636
217
620
140
154
85
52
717
703
660
684
587
59
426
499
663
510
780
654
554
119
645
276
619
304
690
783
191
155
150
218
688
627
129
564
763
333
632
277
133
635
593
638
597
33
494
608
628
159
634
656
160
625
637
167
61
666
552
565
275
365
596
157
582
121
445
139
107
600
473
581
606
13
648
123
58
158
647
592
161
110
611
583
578
605
60
102
195
595
43
591
108
34
223
35
51
251
193
87
36
610
166
224
90
91
75
50
48
64
47
46
