531
530
746
564
532
714
719
535
745
726
747
716
718
563
683
720
589
758
465
715
717
533
498
749
562
748
242
432
759
534
503
307
368
210
688
464
499
361
777
621
463
497
727
750
339
682
360
340
778
392
431
779
369
433
713
335
400
781
689
334
521
472
275
989
336
808
341
1000
633
780
658
751
657
795
500
267
337
420
832
516
690
23
228
588
408
393
553
851
590
602
864
999
684
502
852
308
529
1021
596
268
274
178
367
565
935
177
216
18
507
209
22
665
471
812
276
204
197
801
776
504
763
401
440
243
827
329
741
87
71
399
1016
1013
445
1004
615
952
145
424
462
345
415
833
988
681
703
425
865
721
1012
583
508
419
966
211
620
807
338
601
782
119
969
883
236
298
640
81
218
31
70
828
687
102
933
1020
762
984
547
230
548
1011
1001
884
791
24
1014
466
557
931
554
10
330
99
96
124
172
56
39
911
671
694
567
171
856
260
942
824
223
98
983
897
964
773
50
64
409
269
901
314
888
8
407
289
101
641
511
595
995
774
860
123
114
1008
542
996
501
262
764
475
377
250
128
1017
80
947
934
301
1015
129
666
38
63
295
1002
943
144
113
333
446
899
441
186
151
558
902
299
903
1
184
541
205
42
198
612
540
107
164
892
882
32
383
376
21
112
388
257
34
418
146
152
293
249
517
594
768
968
912
571
880
879
626
485
580
582
496
263
355
980
219
914
385
120
509
820
566
1023
229
923
476
309
161
929
628
346
40
545
165
76
963
410
53
956
944
100
881
915
20
699
954
614
203
217
33
853
800
382
386
572
150
261
69
866
190
9
241
480
66
536
607
921
292
366
831
520
92
155
775
752
484
444
41
187
373
965
802
412
552
439
873
17
351
417
183
72
49
769
819
176
82
477
890
850
158
698
319
19
156
736
803
328
581
887
127
642
290
294
108
54
896
259
674
898
451
237
930
1010
539
708
378
139
391
454
951
834
609
783
356
997
282
313
1003
193
315
37
561
277
78
706
473
634
251
130
188
125
1022
859
111
110
893
676
936
235
67
442
280
731
325
976
362
918
889
796
891
109
673
287
189
639
447
584
608
550
2
174
231
160
909
140
941
191
811
587
732
421
515
131
248
913
806
575
836
55
306
744
349
813
576
810
452
173
302
904
805
16
95
115
212
709
835
730
940
945
546
522
735
900
443
920
304
185
734
324
895
116
254
430
579
48
972
79
143
175
659
967
36
122
14
1005
636
104
196
948
83
375
767
537
977
613
220
387
570
35
823
757
738
7
946
288
1007
258
467
549
794
770
474
928
700
885
610
905
88
206
93
28
1009
255
627
222
244
51
862
868
126
863
118
632
323
305
68
937
916
985
347
97
65
962
182
894
953
352
137
413
479
551
606
625
858
906
47
650
389
342
799
13
159
134
932
194
73
252
855
62
809
74
154
448
702
638
742
478
11
979
878
978
320
225
772
573
917
543
264
350
281
544
510
670
354
423
332
861
568
103
986
919
854
733
121
86
6
818
512
43
577
838
605
569
5
94
238
30
77
616
317
394
637
106
867
321
157
482
603
153
291
695
646
138
1019
652
357
456
358
987
46
344
669
370
857
672
224
651
27
790
841
411
253
449
925
647
90
737
450
326
327
693
380
982
247
117
600
374
135
300
381
15
414
839
643
142
506
200
283
822
574
538
141
285
797
25
416
514
871
604
84
789
457
170
648
667
195
505
353
710
303
470
886
556
232
105
132
58
166
845
910
668
578
788
990
907
804
739
379
981
75
91
199
970
957
740
644
958
844
44
422
846
649
922
961
926
310
233
279
849
998
273
162
705
975
677
973
712
384
955
950
704
208
645
163
221
874
12
322
924
453
318
316
821
226
136
215
0
927
814
179
678
519
256
488
169
52
483
45
481
555
297
60
455
635
826
701
697
869
133
938
59
593
296
372
685
707
359
847
840
675
312
686
468
870
829
629
434
192
26
875
89
848
513
147
949
725
390
787
214
486
266
792
825
85
872
622
167
664
469
660
213
29
971
348
771
991
402
661
61
202
994
908
149
227
398
518
331
877
765
3
426
278
1018
611
245
148
201
830
798
406
495
284
680
270
876
729
760
234
343
207
286
168
766
365
181
960
784
597
939
487
57
586
619
993
743
489
837
265
696
585
438
753
679
246
842
4
817
843
311
815
959
711
1006
435
974
272
653
992
180
371
364
786
656
271
761
816
239
405
756
617
793
618
691
397
722
528
785
662
599
429
436
728
631
663
490
427
692
437
403
458
654
240
755
363
724
494
404
396
428
754
526
395
527
624
461
630
591
560
459
523
655
559
723
598
592
623
525
460
524
491
493
492
