409
102
2
543
108
382
432
75
25
332
376
54
60
536
262
125
241
604
58
538
87
257
691
367
141
159
1
326
634
526
624
576
683
312
33
318
128
325
30
605
186
19
285
23
56
5
621
314
462
728
234
541
10
568
653
268
158
594
513
757
127
730
482
727
609
457
224
466
544
254
86
378
317
710
311
124
114
126
690
783
119
210
167
453
652
183
459
687
406
592
481
237
597
689
161
121
545
181
178
616
160
292
763
204
569
43
688
622
595
225
461
657
349
8
487
169
291
197
580
162
120
294
151
623
565
549
71
640
665
647
147
721
73
694
122
350
537
433
303
404
287
94
438
589
69
539
138
166
553
109
458
289
542
638
99
310
637
97
510
98
751
184
508
51
405
144
340
70
250
198
142
450
95
733
100
666
377
295
567
662
118
586
226
452
669
72
92
77
732
563
488
582
251
698
460
478
79
74
330
509
93
359
223
471
170
14
96
284
90
472
358
610
566
581
76
507
81
531
554
445
388
726
293
165
614
564
619
612
143
417
527
639
361
64
115
668
66
44
139
68
695
503
558
389
555
479
646
419
390
591
556
171
360
618
702
667
501
67
557
65
80
195
447
89
451
611
91
583
475
528
529
584
696
590
697
391
446
474
473
418
