450
261
1008
964
1017
147
966
849
821
266
806
257
442
301
397
296
202
502
176
94
106
553
141
378
170
649
8
213
297
914
567
539
203
325
1011
209
302
930
931
777
549
810
15
582
665
945
666
970
26
461
443
245
389
484
379
988
760
614
335
453
214
982
508
712
809
1
447
113
232
208
206
452
312
85
903
210
651
647
757
211
215
781
581
842
664
793
728
474
233
368
990
763
981
174
882
265
146
844
841
328
820
875
915
578
613
906
963
204
410
638
812
855
51
555
159
676
909
679
294
182
641
845
375
372
262
284
263
804
919
114
852
227
697
876
234
858
50
987
180
287
338
577
881
663
451
472
1003
877
244
143
185
517
813
412
253
536
789
454
360
416
108
780
571
478
432
1019
486
142
629
423
72
421
916
116
790
485
922
843
978
365
566
519
212
541
983
794
773
391
235
313
408
742
386
639
696
672
390
818
739
1009
181
667
288
49
601
819
949
985
326
175
21
600
521
657
358
568
465
976
822
111
264
584
392
350
171
101
344
644
680
359
815
673
201
698
586
632
207
986
618
661
164
950
327
972
415
290
122
606
25
163
677
887
223
183
977
149
550
345
869
699
270
646
249
729
908
136
179
133
994
951
761
1006
281
41
398
737
132
583
570
946
285
975
518
774
552
710
902
711
560
771
743
687
97
895
635
926
104
376
407
197
1018
440
840
30
678
817
455
645
148
471
1023
522
816
873
617
801
117
506
168
611
802
269
885
670
684
520
87
788
939
772
1007
707
355
525
585
783
5
1002
458
35
551
349
256
933
971
238
99
354
538
424
473
871
829
198
1010
609
318
658
957
36
907
482
630
599
367
787
19
831
11
782
151
439
958
449
255
619
891
488
487
60
893
598
701
839
537
622
155
54
192
438
631
732
886
569
941
925
369
505
932
489
130
648
382
856
834
917
169
959
110
124
674
756
399
962
786
616
675
798
196
991
273
835
76
414
10
459
239
456
92
303
82
226
523
904
200
591
381
690
546
490
940
724
470
900
702
240
93
621
460
457
493
479
218
784
901
400
224
620
194
317
91
740
513
642
961
825
166
188
109
2
896
252
524
870
899
830
753
366
128
59
838
44
992
371
637
121
131
291
0
305
921
433
43
785
384
73
960
803
153
3
348
872
770
100
28
47
52
86
481
322
514
480
401
669
61
766
254
370
225
918
83
304
592
692
466
230
722
468
491
656
199
765
186
152
467
271
167
404
826
660
755
272
652
77
154
437
623
469
323
492
927
928
686
27
733
754
654
510
685
624
655
659
511
29
403
402
434
653
691
723
436
435
4
797
