492
723
491
435
655
624
656
436
403
402
401
370
400
467
754
722
434
460
753
399
623
369
691
366
592
755
404
433
367
459
371
468
437
490
368
686
305
304
469
620
654
493
466
619
652
336
690
653
432
685
458
724
457
524
181
303
272
657
337
721
599
785
489
687
523
797
756
338
271
372
438
456
398
752
971
339
29
631
335
4
688
941
334
782
323
659
148
784
488
514
940
621
692
505
381
511
1007
786
28
981
179
616
77
950
825
765
47
451
27
586
281
972
333
975
645
569
1006
568
487
585
264
265
109
635
787
928
917
365
733
743
770
918
781
617
689
322
510
1002
52
552
711
718
480
551
86
677
678
896
537
465
886
591
986
439
976
826
1018
414
273
19
180
306
225
149
901
3
951
61
146
513
982
355
301
92
834
809
772
618
985
121
933
349
471
152
269
885
667
450
801
348
200
470
485
518
26
648
644
82
740
987
637
382
473
201
285
783
100
128
598
255
233
710
36
83
520
131
630
481
660
766
935
803
313
482
384
788
479
983
949
60
835
379
587
606
536
908
59
291
658
43
0
183
167
873
215
522
830
169
521
961
431
116
254
669
259
960
903
958
166
104
449
813
538
763
927
560
698
284
932
855
405
506
252
632
182
108
840
750
939
904
642
35
222
415
519
51
73
290
256
212
101
424
732
136
117
872
44
810
638
10
957
5
133
226
168
270
132
224
553
822
916
192
921
115
838
76
317
486
675
699
340
749
898
110
891
345
636
676
419
113
684
946
127
171
742
358
223
421
406
97
214
452
780
54
302
411
153
288
78
312
962
20
600
137
907
11
93
893
992
666
701
443
899
85
926
774
839
91
234
455
829
199
771
446
72
887
823
906
895
352
915
651
30
232
663
646
843
45
984
484
386
802
854
416
318
583
143
1019
674
87
412
300
2
761
1
963
99
407
354
584
163
668
798
124
383
244
14
287
841
862
154
324
980
69
114
21
378
870
930
670
842
902
142
1008
164
504
622
922
230
387
769
550
966
856
483
708
1003
130
138
988
162
410
8
831
344
213
546
715
994
122
731
737
739
257
680
815
159
816
472
389
871
390
948
15
238
751
1017
717
931
570
106
245
704
954
478
793
68
151
707
924
96
508
730
947
292
418
729
185
350
158
768
639
909
604
147
512
103
736
869
738
795
812
347
94
423
625
42
702
75
611
46
239
672
773
202
25
196
900
515
720
118
929
320
105
55
610
253
240
41
588
316
311
967
156
50
268
978
943
150
697
40
74
413
53
356
964
325
454
641
541
804
274
1009
62
88
7
249
542
942
235
965
357
794
326
955
453
938
547
799
126
876
705
297
970
218
543
263
864
294
920
719
853
111
959
936
923
359
102
968
184
762
824
353
601
70
90
227
266
613
567
141
852
12
544
385
571
134
447
973
995
39
877
155
321
258
220
95
204
700
327
673
925
286
828
193
609
757
380
246
937
