654
598
566
685
686
491
723
623
655
271
659
492
692
272
490
434
435
534
470
630
469
754
565
653
785
502
459
392
691
457
648
816
755
661
437
629
660
458
533
784
489
817
652
815
597
729
620
1010
786
304
487
424
455
849
345
680
344
207
212
616
466
619
881
722
239
360
240
783
501
436
376
761
977
313
460
658
591
848
262
583
787
971
724
200
281
404
538
850
179
208
273
1011
624
312
403
551
819
456
585
238
171
592
270
818
914
711
391
305
570
710
269
230
537
506
743
175
569
199
402
520
186
488
599
249
684
992
327
882
712
359
611
696
550
505
206
797
678
1002
913
48
584
631
522
82
326
618
473
154
194
440
946
408
978
679
423
4
646
188
885
468
877
83
756
110
782
880
928
197
426
523
870
907
927
201
875
774
647
518
73
377
91
788
209
467
872
142
510
621
1009
697
111
218
617
176
945
577
826
845
167
698
733
900
581
856
49
839
546
991
960
170
29
820
813
282
814
198
844
702
925
609
876
622
79
1023
843
235
294
837
261
690
899
959
44
840
384
169
211
155
645
27
669
43
196
181
180
328
846
790
962
578
901
213
215
93
975
77
153
838
263
859
789
699
511
921
231
742
760
825
250
481
852
152
851
251
637
576
939
130
932
961
728
798
1006
226
182
990
210
1003
187
677
766
582
517
615
886
358
225
896
348
871
219
842
99
635
919
972
76
425
1018
54
803
514
651
254
224
264
291
545
439
674
143
314
124
909
847
642
52
794
941
793
707
765
166
888
780
673
192
390
940
204
227
131
59
830
11
822
804
571
151
480
471
232
904
831
86
252
47
579
1007
908
303
701
918
541
902
806
869
183
601
884
202
323
317
2
893
994
0
580
25
214
15
700
567
675
858
560
100
241
649
195
50
639
773
1019
732
66
87
894
891
670
829
513
41
121
16
447
203
354
236
986
874
951
575
802
521
174
740
318
407
253
641
970
244
3
229
237
672
178
397
737
128
857
482
552
80
30
983
1016
895
985
164
10
883
873
322
55
933
9
508
989
217
957
739
734
185
122
353
125
835
119
350
248
524
976
21
90
149
887
770
61
767
32
706
28
234
163
60
449
544
771
775
479
539
926
168
386
867
478
614
608
7
8
412
486
828
841
600
548
286
159
296
958
375
94
604
762
703
671
864
92
664
421
801
931
53
757
632
920
485
916
193
610
319
938
438
89
382
988
949
287
644
148
861
549
1008
855
454
416
257
325
922
74
934
955
177
643
223
836
547
141
1022
302
472
316
811
792
5
109
953
256
106
20
1020
605
413
862
493
735
147
995
930
417
45
915
150
613
668
892
542
963
640
987
572
17
14
114
371
205
799
221
132
162
97
380
396
868
744
65
33
85
64
228
832
146
258
288
923
173
283
414
123
117
46
255
948
415
878
796
906
979
165
964
736
917
834
320
233
12
808
133
105
295
1021
969
158
512
315
136
42
574
120
290
444
667
95
36
853
216
51
285
606
156
72
297
1017
954
113
293
860
763
573
809
1015
627
349
515
663
35
383
805
40
912
98
1
474
543
833
638
222
704
738
968
791
812
929
379
189
284
776
355
116
184
191
965
389
665
157
731
101
947
984
78
937
108
266
387
19
890
280
879
126
422
84
764
889
104
484
346
245
540
777
410
103
903
75
612
924
824
34
242
62
999
943
37
586
656
352
381
772
636
138
966
516
118
127
745
898
950
452
676
442
190
292
997
139
993
243
713
135
96
897
450
769
519
1000
409
81
445
795
446
476
863
607
905
821
865
145
453
289
827
56
504
866
172
705
112
730
536
996
71
39
628
758
22
394
321
6
38
1012
347
378
910
220
