566
613
212
712
130
427
547
33
454
259
8
548
426
511
401
181
375
597
720
334
291
429
100
344
174
457
182
748
600
206
113
351
4
436
143
612
104
313
3
471
624
699
408
137
576
85
587
455
115
688
175
252
355
148
52
32
383
370
144
770
31
234
232
286
267
16
314
500
432
353
177
318
592
572
168
271
169
483
346
17
578
559
577
490
262
280
111
549
105
603
737
220
362
53
233
724
382
628
413
18
441
261
543
312
20
102
28
689
402
214
82
162
379
83
430
235
719
196
752
292
551
73
0
7
114
730
241
24
783
30
238
757
736
758
405
288
326
190
495
86
319
428
237
385
693
244
575
43
316
742
606
339
400
759
84
468
347
452
59
731
219
205
176
771
56
325
485
701
270
297
99
342
604
277
552
207
764
702
208
557
708
26
378
19
404
735
354
487
453
149
477
197
186
296
729
512
599
217
101
317
749
247
343
625
593
29
374
598
649
756
140
673
530
754
164
775
560
163
462
738
9
323
553
290
80
507
781
615
550
240
225
513
384
573
22
571
11
646
589
132
372
55
106
762
515
579
629
461
254
265
517
98
170
475
643
460
268
242
526
187
545
732
647
718
371
707
160
674
741
14
159
243
395
562
287
406
306
266
632
747
322
777
711
373
161
285
501
768
15
774
634
298
269
725
658
425
448
293
772
601
81
488
524
706
397
740
253
602
472
145
544
659
136
585
134
605
565
417
248
433
709
516
283
776
631
523
522
350
307
561
390
103
434
651
335
133
320
188
496
369
733
415
414
391
679
226
633
687
308
345
368
564
423
419
199
563
765
116
697
357
222
661
630
171
447
336
416
514
502
766
194
778
442
444
393
535
743
525
534
506
734
424
172
478
721
396
779
497
705
660
198
363
504
675
443
282
722
42
366
418
469
173
533
676
281
750
470
446
305
279
678
338
135
704
677
474
310
769
394
773
703
