609
638
112
265
304
23
21
634
159
194
533
569
233
597
129
180
699
398
773
722
273
266
163
220
429
462
348
369
262
111
61
295
445
215
537
776
721
510
509
453
195
508
755
366
694
426
187
615
264
212
627
562
157
83
205
519
546
60
756
587
378
397
50
593
377
196
492
36
384
422
750
41
78
322
459
496
252
457
692
666
218
664
690
156
285
247
314
383
643
219
640
184
239
315
276
318
612
281
245
153
136
292
127
110
428
316
34
342
491
46
164
691
534
403
13
368
762
423
290
763
294
161
133
38
395
463
321
77
291
166
287
47
427
308
392
288
464
191
263
637
48
106
481
386
105
350
63
365
511
341
420
518
66
167
482
488
357
35
732
489
267
394
665
586
62
317
454
490
512
289
103
725
483
487
456
313
455
517
774
514
107
485
486
135
484
513
703
515
516
