-0.021852493
-0.12507153
0.057741165
0.075927734
0.015181541
-0.043006897
-0.15442467
-0.030743599
0.06486416
-0.03921604
0.02259636
-0.15573311
0.1508398
0.07249737
-0.117860794
-0.07411194
-0.0051984787
0.05632305
-0.15724754
0.06485176
0.055156708
0.12183857
-0.02982521
-0.036982536
0.12719345
-0.09670162
0.10805893
0.10988426
0.11758804
0.09704685
-0.024969101
-0.073093414
-0.07769203
-0.1039238
0.09875584
0.040730476
0.04287052
-0.16952324
-0.12327099
-0.83488655
-0.94787693
-0.5964489
0.3541727
-0.20915604
-0.9554825
-0.5757389
-0.24380112
-0.4174242
-0.12511444
-0.109846115
-0.025097847
-0.18315601
0.08565903
-0.009039879
-0.06394482
0.05152607
-0.1548996
0.020629883
-0.11760712
-0.41680717
-0.19910908
-0.115377426
0.025932312
-0.12115097
-0.2773857
0.1006546
0.30102253
0.21124268
0.34207535
0.82931805
0.7836685
0.9893265
0.23614788
0.0934124
-0.06791401
0.297863
0.18081856
0.032423973
0.0403862
-0.4720993
-0.26405144
0.005174637
0.09965038
0.073542595
-0.02818203
-0.14294338
0.27881432
-0.2368555
-0.15808582
-0.40224457
-0.15883732
-0.47860432
-0.42345047
-0.022855759
-0.15423775
-0.38519764
-0.15756798
-0.038773537
-0.07479191
-0.08983421
0.03209877
-0.0012521744
-0.21592045
-0.0064668655
-0.13012028
-0.30143642
-0.36669636
0.1337595
-0.19769382
-0.18620682
0.08208847
0.014521599
0.052869797
-0.042484283
0.64268494
-0.064949036
0.2512436
0.3731966
0.027692795
-0.08481026
0.12716866
-0.19828987
0.15587044
-0.3177309
-0.017066002
0.023832321
0.114258766
-0.11505222
0.0041923523
-0.0902462
-0.21203327
0.11182594
0.21374035
0.1385498
-0.14733887
-0.07719326
-0.12446213
-0.6597481
0.10693073
-0.04896927
-0.1319046
0.033920288
0.749383
0.26392555
0.49956608
0.7850094
0.45511055
0.11072445
-0.21346474
-0.14348793
-0.44725323
-0.40616417
0.007464409
0.20636654
0.100865364
-0.07101917
-0.075387
-0.2790537
-0.16482735
-0.015273094
-0.13273239
0.16349792
0.08517361
0.12525177
0.2947998
-0.8205185
0.26860332
0.059206963
-0.1665268
-0.2962799
-0.033587456
0.021025658
0.12328434
-0.08612919
-0.14968109
-0.0004196167
-0.17179203
-0.108410835
-0.07579613
-0.035925865
-0.004087448
0.17209911
0.07164097
0.0872612
-0.09387779
-0.0131464
0.00067329407
0.100390434
-0.040382385
-0.02624607
-0.15642929
-0.089692116
-0.13317585
-0.28897095
0.74812794
0.1721735
0.03836441
-0.06634712
-0.020549774
0.44339657
0.22803402
-0.28480625
-0.16585541
-0.11734772
-0.2584896
-0.047489166
-0.02637291
-0.02633667
0.123765945
0.07887268
0.050640106
0.05241871
0.03187847
-0.023468018
0.019629478
0.13124847
0.19210339
0.09689331
-0.12726021
0.052495956
-0.45479202
-0.4006281
0.70691013
0.000620842
-0.66064453
0.33480263
0.17392635
0.25027275
0.2148838
0.06964779
-0.066464424
-0.023207664
-0.10426998
-0.07517147
-0.0367651
-0.05957985
-0.003288269
-0.05857277
7.1525574e-05
0.1318245
-0.16995907
0.15442944
0.0076704025
-0.1425476
-0.080459595
0.06541157
0.12681103
-0.409688
-0.2933197
0.25764465
0.8522997
-0.020648956
0.14867496
0.88171864
0.25919247
0.27719402
-0.04627323
-0.3098936
-0.09125233
0.19671822
0.20274544
0.0005168915
-0.0010251999
-0.07795811
-0.012129784
-0.02292633
-0.045772552
0.05499649
-0.098552704
0.021151543
0.22774601
0.20115185
-0.27488708
0.019379616
-0.15152454
-0.30855465
-0.045071602
0.5505495
0.7699642
0.18278694
0.14643288
0.6438074
-0.13977146
-0.37944221
-0.33999252
-0.19167042
-0.12036419
0.031523705
0.005625725
-0.036356926
-0.08959103
-0.050765038
0.0019655228
-0.059292793
0.06405258
0.20265484
0.1190691
-0.17245388
0.30302048
0.10517597
0.097836494
-0.2368269
-0.2618065
-0.38968086
-0.12786293
0.1556902
-0.39361477
0.17379189
0.32588577
-0.33278465
0.14321613
-0.3483572
-0.16234684
0.22661686
-0.15069199
0.05490589
-0.044246674
-0.1454649
-0.108475685
-0.06882954
-0.18888092
-0.006887436
0.31730366
0.45038795
0.24728584
0.19735909
-0.025995255
0.055473328
0.05943489
0.04542446
-0.2818241
-0.08899498
-0.0058345795
0.030789375
0.38971615
0.28317356
0.30857754
-0.09586239
0.1250391
-0.27938843
-0.0069179535
0.19838047
0.13240623
0.08715153
0.0074453354
0.060611725
0.21947575
0.13022232
-0.20662975
-0.1761179
0.2237215
0.47476864
0.29240417
0.1763115
0.03735447
0.036571503
0.28254032
0.15483093
0.0107803345
-0.028507233
-0.05679798
0.21530342
0.13107872
0.5095463
0.3767805
-0.11639404
0.33128452
-0.26944923
-0.058620453
-0.18549156
0.07300663
0.073349
-0.20485115
-0.02410984
0.12535572
-0.22908115
-0.1435852
0.014780998
0.31726265
0.41408825
0.30246925
0.39428425
0.030610085
0.027046204
-0.25252438
-0.019478798
-0.2524414
-0.48778725
-0.49179077
0.116233826
-0.07925415
-0.2869177
0.011281967
0.19475365
0.033618927
-0.122050285
0.033748627
-0.30722332
-0.313262
-0.36665058
0.18765259
0.21605301
-0.37564754
-0.081498146
-0.18604183
0.1909275
0.1952467
0.389122
0.5631838
0.17686367
0.08956909
-0.023492813
-0.03650379
0.07794857
0.19383907
-0.50511074
-0.7891617
0.06551838
-0.20219898
-0.28007603
-0.091056824
-0.005343437
0.5099869
-0.19101524
-0.352602
-0.5466604
-0.03229046
0.09856129
0.26238918
0.31986046
-0.08402538
0.24643135
0.10831261
0.2369709
0.42680073
0.33696938
0.26304722
0.13308525
0.0062007904
0.23449516
0.13733768
0.29841805
0.023217201
-0.49674702
-0.9231863
-0.5928707
-0.63240623
-0.1905489
0.16235638
-0.34184837
0.08634949
-0.35509777
-0.33358192
-0.24772072
-0.13629532
0.09678936
0.099624634
0.040109634
0.113306046
0.20448685
0.0226717
0.28116894
0.51935863
0.1713829
0.16790581
-0.20645809
0.06659222
0.1812954
0.10840893
0.1944027
-0.14724827
-0.58021927
-0.70382404
-0.7834263
-0.51005363
-0.20578766
0.041706085
0.13735771
-0.019904137
0.06927776
-0.01143837
-0.442811
-0.38755703
0.026244164
0.06332111
0.057092667
0.12887478
0.09105873
0.113474846
0.41394234
0.48641586
0.24251652
0.040709496
0.2713747
0.22698021
0.12153721
0.054411888
-0.0027418137
-0.25551033
-0.17978764
-0.22079277
-0.37023163
0.16999435
-0.5753393
0.18102264
0.17385578
0.22311878
0.30591965
-0.24413776
-0.4657755
-0.4060688
0.11885643
0.1481533
-0.1068573
0.0028238297
0.1464386
0.19049168
0.32317162
0.27276516
-0.044491768
0.11029911
0.17429543
0.042010307
0.110471725
-0.07619381
0.19071293
-0.14747906
-0.3030033
-0.4453087
-0.19238949
0.7294674
0.4025545
0.35347176
-0.48086548
0.11598873
0.04924774
-0.24164867
-0.5748968
-0.401227
0.019944191
0.18647766
0.0058145523
0.04939747
-0.008019447
0.0106163025
-0.05803871
-0.008006096
-0.06920242
-0.020484924
0.16366577
0.007782936
-0.014378548
-0.07102585
-0.13342476
-0.19863892
-0.03416729
-0.33934498
0.12213135
0.8520174
0.8718214
0.04704666
-0.80310535
-0.23117828
-0.19769001
-0.5145607
-0.88370514
-0.41692924
-0.09670448
0.17916393
0.26978016
0.10896587
0.13877487
0.14131546
0.1929512
-0.06328392
0.049002647
-0.14080143
-0.08668995
-0.016266823
0.011369705
-0.16619301
-0.19923306
-0.031028748
-0.38456917
0.1248579
0.082084656
1.2060089
0.42769337
0.68311214
-0.24575043
-0.45718575
-0.30508995
-0.16099358
0.020339012
0.13422966
-0.15113735
0.044885635
0.07658577
0.0048160553
0.07652378
0.15367031
0.0490427
0.039141655
0.018906593
0.17585373
0.07927418
0.004917145
-0.017666817
0.10326862
0.20741749
-0.4194746
-0.4719982
-0.2074089
0.21550083
-1.0360203
-0.12948418
0.57537556
0.4009428
-0.3426237
-0.20502377
0.32524872
0.5479059
0.17091179
-0.04865837
0.04911518
-0.009325981
0.018161774
0.31520462
0.3351612
0.3135872
0.06437969
0.036567688
-0.020261765
-0.051838875
-0.014343262
0.10394192
0.060110092
0.0642128
-0.2622242
-0.31218147
-0.034053802
-0.2429905
-0.018287659
-0.18982887
-0.010519981
0.04835415
-0.25899506
-1.1341543
-0.2248888
0.12220383
-0.3047533
-0.09483433
-0.21392918
-0.17659569
-0.18286705
-0.25035572
0.03907776
-0.054275513
-0.1887331
-0.14175701
-0.020543098
-0.055150986
-0.07162857
0.054614067
-0.12460899
0.09820366
-0.39810848
-0.2812357
-0.62200737
-0.71646214
0.21779346
-0.02563858
0.003394127
0.011256218
-0.21828747
-0.7638407
-0.13617802
0.06954479
0.17674446
0.05940342
-0.023558617
-0.060326576
-0.12042713
-0.058994293
-0.2665453
-0.20369339
-0.25398827
-0.0268507
-0.3993702
-0.36894798
-0.13833714
0.06809139
0.017903328
-0.014578819
-0.4196825
-0.0031232834
-0.6916294
-0.23977852
0.13127613
-0.12323475
-0.014228821
0.02261734
-0.15300846
0.30491543
-0.33301258
0.04961872
0.2812462
0.4304676
0.38520622
0.18568611
-0.18456364
-0.088438034
0.07344055
-0.14232445
-0.047216415
-0.13423443
-0.24979019
-0.16290951
-0.065405846
-0.2710104
-0.10130787
-0.042943954
-0.140419
-0.057167053
-0.3198223
0.3513975
-0.16892147
-0.019989014
-0.071248055
-0.017308235
0.03024292
0.010730743
-0.056651115
-0.012075424
0.025200844
0.47668934
0.6601219
0.6182356
0.5377197
0.41324234
0.0056505203
0.20565605
0.58402634
0.31516647
0.20611572
0.4701748
0.32193947
0.1338377
-0.012132645
0.13202858
-0.05103302
0.3340788
0.0024852753
-0.030857086
-0.037208557
0.08610821
-0.017539024
0.092659
0.079711914
-0.009544373
0.1482439
0.07932472
0.32918453
0.17257404
0.12758732
0.3639555
0.50747585
0.34289932
0.33377075
0.47022533
0.6373749
0.5211992
0.54175186
0.330554
0.23747444
0.47697544
-0.029447556
0.034449577
-0.28341198
-0.0030851364
-0.086936
0.055743217
-0.006793022
0.060210228
