647
614
44
40
444
565
39
165
561
416
473
675
669
472
696
224
137
446
668
41
445
471
45
503
537
425
564
474
415
443
388
387
533
91
79
611
509
590
220
150
528
481
92
694
610
47
566
59
247
151
510
89
538
221
688
666
306
303
482
95
583
283
402
501
689
106
399
451
424
311
618
449
284
556
452
704
309
724
123
398
639
257
275
397
591
650
527
105
169
248
193
391
201
778
330
667
419
339
157
64
272
719
367
684
80
638
302
646
204
498
686
384
386
655
716
453
589
508
46
641
536
697
87
301
562
375
648
500
674
102
652
148
130
43
612
348
465
475
619
372
685
418
581
60
554
121
108
563
529
285
423
447
643
320
658
109
404
369
710
51
654
499
653
349
297
176
240
37
726
168
580
202
158
717
312
592
90
88
96
18
190
11
56
6
94
702
274
595
314
174
526
134
470
317
376
149
85
243
713
659
576
722
282
690
454
676
715
553
192
160
140
104
615
304
218
48
1
664
136
38
699
395
63
682
286
14
58
203
365
61
127
49
318
177
513
232
33
720
268
567
25
337
651
184
258
420
129
99
191
290
331
711
780
577
173
119
430
403
244
390
263
32
135
524
178
156
233
98
15
31
662
728
552
155
547
319
74
230
197
718
115
54
574
681
235
293
683
368
237
545
723
360
732
661
657
633
750
291
139
623
205
714
256
266
276
519
316
5
721
113
188
9
97
754
23
234
412
289
179
555
640
170
426
582
753
7
22
776
359
84
687
206
207
189
326
671
50
30
373
680
411
213
231
265
93
0
251
198
660
548
632
727
478
385
642
607
756
729
124
578
159
693
551
634
700
185
748
264
733
480
644
759
625
53
543
546
340
321
782
103
332
421
16
180
236
695
779
497
101
262
175
238
261
223
186
292
752
514
672
128
598
606
81
288
740
541
438
344
152
242
550
544
731
358
673
392
579
111
377
4
692
626
603
273
214
539
593
57
171
269
10
701
460
442
125
734
62
483
383
118
730
382
333
287
212
100
77
394
396
141
777
631
355
354
196
656
602
457
78
492
35
476
522
36
596
329
560
645
575
601
624
535
542
705
210
55
211
219
112
496
663
315
267
20
327
781
17
485
2
167
679
328
636
783
345
484
294
637
630
19
8
245
417
466
691
479
677
229
182
13
370
371
712
83
3
599
597
413
209
605
761
758
585
110
162
52
755
450
343
183
410
487
757
73
455
217
29
300
665
427
34
456
82
187
65
154
608
635
299
138
26
432
468
570
27
520
523
147
131
458
488
126
534
389
28
511
296
495
21
557
649
172
208
584
338
163
374
246
120
24
764
486
347
362
215
698
239
749
342
437
107
747
594
440
477
133
571
572
310
280
515
512
760
252
12
600
241
357
305
122
448
161
549
464
502
622
463
181
195
763
307
505
226
521
604
353
678
409
568
76
504
467
279
709
540
400
516
525
405
216
573
414
469
393
406
259
325
341
271
295
260
459
741
744
153
609
67
132
228
361
613
401
670
346
506
350
313
494
270
200
439
72
433
774
491
431
324
227
116
249
254
428
436
143
166
569
493
518
255
86
461
706
356
335
352
164
441
380
298
743
322
746
308
773
366
768
751
767
42
765
708
334
739
707
199
323
745
769
735
775
766
363
771
738
277
737
736
530
558
