338
446
676
705
418
310
502
769
390
773
253
307
279
362
282
363
311
366
335
506
677
474
198
199
766
779
281
114
678
81
171
708
778
504
448
530
145
283
173
704
750
733
734
533
254
442
709
394
440
776
777
477
419
174
424
256
770
468
305
743
534
765
465
707
412
226
411
257
197
505
280
137
170
747
525
535
393
134
706
299
202
421
775
222
466
752
470
737
194
438
443
410
651
772
469
337
711
738
439
771
679
42
744
558
447
742
252
475
177
414
735
531
437
516
718
749
741
441
336
285
415
109
562
231
354
493
270
452
115
258
176
467
675
130
572
272
521
736
242
308
503
80
339
589
544
396
330
328
601
710
216
497
148
169
232
255
132
205
391
228
389
302
417
131
748
425
271
368
680
434
745
656
684
382
266
670
172
326
774
86
714
495
55
409
559
563
261
444
760
344
464
456
146
462
200
433
494
136
274
492
26
565
301
293
746
227
395
327
300
16
561
367
203
629
4
388
498
361
298
423
519
186
385
449
243
693
522
309
246
287
517
726
11
488
399
233
480
573
230
329
482
189
599
673
383
143
318
259
689
15
178
265
116
781
201
523
520
721
717
754
24
767
571
716
496
9
674
627
564
650
728
117
643
507
262
355
524
264
686
149
478
179
133
400
374
455
245
724
500
140
761
204
406
700
25
84
615
312
319
537
214
56
244
22
729
379
454
457
560
551
175
715
320
768
759
402
286
739
672
340
215
526
430
168
196
401
31
6
83
703
740
370
483
471
217
751
384
1
7
129
509
18
316
346
317
14
53
187
164
697
375
188
111
719
764
112
289
85
0
288
756
369
427
151
614
135
453
429
356
343
481
397
416
342
313
720
762
358
341
165
290
428
501
291
221
314
668
484
510
315
44
725
398
371
292
688
640
485
59
694
731
612
247
647
220
106
732
248
