465
237
606
534
288
430
183
401
576
607
203
289
198
231
349
274
259
178
184
723
428
262
226
410
440
60
18
206
414
269
137
707
579
275
287
366
246
458
438
347
290
699
444
162
6
265
322
604
636
729
413
639
608
140
611
664
7
253
455
616
429
612
605
483
0
443
441
439
111
756
407
732
420
617
267
293
536
112
350
29
36
519
670
136
360
15
159
62
9
473
634
35
424
512
372
61
475
641
38
305
11
635
488
268
83
587
89
775
143
141
19
13
551
57
464
509
285
188
142
727
510
196
501
757
705
52
139
332
39
221
218
487
481
85
132
645
467
166
454
40
280
532
88
80
17
333
168
504
770
197
16
309
644
252
3
779
14
446
751
335
23
170
50
43
311
482
28
752
590
725
476
337
452
462
113
54
469
227
767
225
364
442
109
296
780
663
753
251
223
518
633
662
316
189
297
158
307
75
228
511
769
175
495
690
119
728
677
148
436
134
516
470
254
468
646
523
591
200
118
238
507
146
374
648
107
133
247
67
195
388
37
192
689
691
220
129
537
783
282
472
479
589
94
191
496
559
284
531
240
620
59
546
325
517
1
56
86
361
697
490
351
545
163
22
317
362
276
719
661
155
584
506
408
489
353
229
323
239
212
409
190
381
447
417
498
257
389
249
508
324
474
135
373
547
538
618
318
500
718
556
72
44
451
497
193
157
543
74
390
437
471
544
555
219
529
352
445
380
344
106
210
248
526
346
156
499
211
345
528
527
