418
446
705
474
734
742
733
171
706
447
740
475
708
282
731
736
745
732
697
501
768
572
771
735
558
419
391
707
770
517
283
744
226
741
390
676
743
80
531
14
81
525
702
368
448
584
678
695
417
144
748
198
746
199
502
559
114
679
460
677
767
693
338
772
545
651
165
564
279
15
363
273
351
766
181
255
148
714
720
544
184
473
396
209
749
586
132
590
222
254
170
186
177
618
619
458
752
751
667
529
574
151
424
22
310
115
718
680
336
302
301
210
554
600
546
599
42
561
145
300
320
601
518
350
31
528
507
624
523
221
459
535
7
189
183
216
668
522
713
182
271
440
530
425
152
652
673
44
24
89
565
579
589
143
629
628
26
352
583
506
0
500
563
55
83
357
326
759
207
389
272
461
562
582
547
196
712
576
776
179
324
573
737
524
756
602
244
725
490
259
361
704
125
84
290
187
557
208
597
730
308
612
180
235
609
466
29
689
696
178
43
233
317
56
185
111
243
551
176
134
478
765
643
323
1
215
172
289
739
188
754
639
130
116
146
452
249
370
747
4
616
234
28
700
521
118
194
398
665
257
270
297
16
353
471
217
698
288
314
327
519
86
672
245
261
504
571
620
684
611
342
692
552
268
646
727
307
319
112
315
560
142
375
214
694
555
489
457
503
493
581
433
429
20
329
553
625
293
9
374
432
388
470
683
726
8
82
200
626
495
19
269
373
292
757
782
376
783
358
492
149
439
299
644
617
566
615
120
53
274
653
656
211
716
627
671
592
54
658
729
434
403
580
654
141
164
236
715
372
162
781
232
23
430
402
163
360
202
431
520
21
57
588
18
526
330
250
636
11
662
346
681
596
298
340
497
27
645
717
663
262
6
295
85
721
241
774
17
657
345
258
638
556
160
263
462
442
441
228
2
311
153
206
412
318
413
494
286
322
371
548
607
758
755
701
175
688
377
5
763
109
147
550
664
623
168
174
260
438
594
10
30
296
685
593
699
129
140
366
378
325
158
401
496
25
527
598
728
59
385
650
591
404
661
356
121
382
395
242
649
659
575
291
344
150
399
604
648
246
267
127
411
467
632
476
204
534
780
384
622
321
123
539
426
155
468
52
469
159
405
488
124
428
423
95
499
218
451
655
33
454
690
139
472
445
98
264
119
122
608
117
691
549
614
578
96
567
157
569
154
100
126
58
537
195
450
487
542
99
577
397
610
349
128
606
647
508
509
511
536
333
595
347
156
251
637
635
167
161
510
220
348
110
605
61
365
97
102
191
193
108
332
94
87
70
192
51
91
79
