434
403
754
402
492
459
437
404
469
624
623
722
652
660
755
692
566
458
523
592
470
370
621
630
620
619
622
656
433
466
371
366
401
785
467
457
460
489
724
784
240
753
376
468
505
538
239
537
569
522
473
272
658
599
684
271
690
631
816
304
787
207
585
506
711
487
817
617
786
238
881
591
756
629
344
815
399
788
648
570
661
783
743
493
455
729
305
359
518
345
208
398
782
696
550
819
797
400
327
586
391
761
440
313
502
710
551
392
520
524
424
678
583
179
281
616
510
975
438
408
1010
360
456
971
849
646
212
206
4
733
845
511
818
977
521
326
697
813
488
635
927
175
264
790
303
822
928
29
852
439
348
698
946
235
826
882
601
789
843
154
199
465
230
1007
877
358
600
940
825
645
186
514
82
77
885
941
312
83
249
844
669
273
680
611
632
328
200
765
109
766
1002
27
1018
637
110
188
702
181
712
842
886
856
244
742
820
992
991
323
472
481
872
254
210
918
546
152
699
423
167
960
171
565
194
677
201
870
180
263
899
925
900
480
728
317
959
921
148
44
803
932
609
907
153
142
838
43
384
896
552
642
73
52
675
1006
204
647
798
961
215
225
962
76
131
233
809
978
234
584
252
972
830
61
976
774
519
218
901
651
951
568
143
86
560
674
840
47
770
91
486
2
875
3
291
479
485
169
513
1009
294
701
986
939
59
197
0
831
48
196
111
876
740
130
209
269
322
232
226
151
577
100
841
471
155
213
1023
93
893
839
28
390
202
908
211
482
224
128
121
732
124
707
182
265
891
933
571
198
117
318
945
957
687
793
904
10
504
985
578
54
914
835
794
983
644
99
1011
350
262
49
829
1019
673
255
176
994
541
990
11
214
639
192
871
382
92
183
79
670
802
902
449
407
834
149
917
737
919
873
757
1003
949
166
87
478
414
667
412
381
859
60
253
909
296
958
780
41
114
25
375
926
174
895
771
739
837
801
227
163
354
104
672
641
869
164
855
256
545
85
887
760
987
21
170
168
30
349
287
122
950
261
447
50
203
5
36
386
72
205
916
133
223
676
97
132
773
146
922
517
664
888
159
804
700
108
536
15
19
508
285
970
74
355
915
94
187
416
35
290
288
931
286
812
7
772
101
136
106
894
245
547
116
55
90
78
862
297
988
251
610
963
413
544
828
257
930
421
864
582
185
706
113
9
53
579
454
606
938
858
1016
8
353
451
162
193
195
284
141
316
325
581
51
75
604
955
638
125
45
237
567
668
576
20
410
906
857
920
150
415
515
984
806
995
643
387
948
867
89
42
229
231
878
103
222
964
1
736
105
95
861
236
147
258
32
934
66
874
119
763
663
539
158
969
14
282
953
512
982
219
417
1017
379
64
923
884
903
127
981
40
704
484
954
898
383
118
929
735
81
380
320
65
120
156
738
848
314
542
850
665
853
767
217
989
33
799
123
1008
84
913
501
266
935
139
613
250
165
369
966
293
46
126
138
173
70
762
292
965
26
792
543
640
796
450
80
968
248
892
832
365
71
6
734
854
769
96
708
833
452
68
62
352
703
259
221
947
808
614
979
228
666
12
389
88
178
474
937
615
636
744
924
671
397
973
319
805
98
135
419
16
69
811
980
1020
367
378
993
810
775
241
1001
137
649
731
190
115
795
189
605
377
890
67
705
442
34
943
936
157
172
38
868
453
295
548
836
549
910
572
997
768
866
824
446
56
324
140
102
22
289
134
37
823
483
39
418
356
184
999
388
1012
315
897
246
280
443
17
777
220
385
709
321
216
191
63
764
129
865
107
1022
347
23
1015
31
346
18
730
573
444
160
357
270
145
974
967
112
575
268
827
283
57
791
161
996
863
741
1000
24
243
260
311
516
821
807
860
800
476
905
422
1021
580
889
657
540
776
420
998
177
851
880
58
814
607
1013
574
448
13
634
612
351
276
411
942
553
277
343
608
301
944
713
597
1004
912
1014
781
956
300
247
681
509
603
846
883
952
425
144
758
602
445
1005
633
477
745
507
441
302
274
372
338
428
475
779
409
267
278
335
533
695
242
279
879
306
911
718
432
299
334
393
426
625
693
333
534
847
339
329
726
559
310
340
309
751
727
406
759
627
337
361
778
307
747
725
332
535
748
336
331
750
752
461
298
427
374
362
275
749
429
746
714
368
662
715
650
308
682
503
717
628
554
341
405
342
330
394
431
363
626
587
373
555
525
716
593
498
688
683
721
694
364
527
719
497
396
588
526
430
528
500
689
561
395
499
529
556
590
464
720
596
589
558
564
494
557
530
496
532
594
463
562
495
462
595
531
563
