655
654
723
686
623
754
685
272
624
653
271
755
598
491
490
435
402
434
785
492
469
457
592
659
660
691
722
304
489
459
403
436
784
692
467
458
468
460
816
305
466
786
437
817
566
620
273
656
370
630
470
652
724
599
787
591
631
371
648
756
569
621
493
537
619
753
505
303
616
404
622
782
366
456
783
815
439
401
538
690
788
523
487
488
281
240
424
617
473
585
239
710
440
629
818
743
433
684
678
506
565
520
376
345
658
407
455
249
661
524
645
711
313
551
399
819
471
570
238
438
729
179
502
583
327
646
522
207
761
392
618
550
518
181
696
175
270
359
408
269
677
552
881
680
326
398
400
908
344
215
584
635
885
171
560
264
611
586
907
632
180
822
154
843
521
358
877
698
601
886
510
825
790
360
876
941
813
742
789
390
142
186
679
235
644
946
348
882
182
391
143
875
600
909
856
1010
699
517
797
940
780
697
208
675
977
820
514
91
148
218
212
29
472
501
914
581
110
826
975
375
971
200
421
109
511
485
454
230
849
201
927
486
651
188
519
423
637
669
733
27
663
844
571
183
199
928
4
59
793
28
1007
61
676
263
82
77
794
845
642
712
111
323
945
1002
167
702
153
254
1009
225
765
482
234
852
960
766
206
918
214
1018
384
921
1006
740
578
194
991
674
152
155
774
83
976
728
481
546
687
992
609
978
803
896
579
60
925
959
899
204
480
842
707
169
47
900
732
73
121
830
939
2
52
86
44
93
149
174
291
100
798
872
917
932
972
770
131
547
43
961
664
317
252
130
146
649
962
328
541
76
701
870
513
224
951
893
294
0
667
151
831
124
986
479
855
901
48
322
891
128
166
887
244
196
192
577
198
673
1023
3
318
250
99
412
54
197
835
209
10
670
985
1011
737
425
226
49
282
829
957
916
700
739
92
983
382
933
11
117
170
994
990
251
614
834
414
1019
79
582
639
255
350
108
802
449
771
949
859
919
41
902
1003
895
87
958
772
253
25
926
312
838
187
801
256
641
760
30
227
757
176
381
610
647
597
50
163
922
354
904
386
5
888
36
987
950
133
164
262
21
672
545
478
508
223
97
613
35
72
104
132
447
122
963
94
668
232
159
15
285
286
915
397
416
85
287
136
19
533
857
355
931
387
970
7
288
988
828
101
869
106
353
290
763
114
576
8
858
544
55
864
706
219
894
839
415
930
643
938
53
168
90
74
862
804
78
349
116
867
840
955
257
9
195
1016
837
606
162
920
233
995
568
871
32
736
948
1
125
185
934
984
20
193
203
51
417
964
45
113
222
75
604
89
704
512
982
119
861
903
812
258
42
141
638
105
64
969
567
898
966
158
1017
284
923
210
640
989
929
150
211
383
738
410
66
953
40
451
95
767
65
127
735
261
139
734
165
320
14
965
799
954
103
795
935
365
1020
981
832
968
118
796
33
120
229
6
12
947
833
202
703
352
452
993
221
84
88
292
71
81
543
156
671
126
46
70
762
892
769
26
259
96
413
1008
924
319
937
228
979
68
80
836
536
316
135
936
705
868
1022
123
515
542
999
997
56
184
98
980
773
841
16
866
1001
768
385
534
62
575
450
764
217
897
548
34
67
69
22
1015
890
213
865
1012
190
189
389
1000
38
321
325
474
220
137
418
665
17
39
708
37
539
1021
115
138
484
809
157
134
18
996
605
731
24
289
967
889
800
191
23
998
57
380
379
827
777
608
873
102
549
863
302
446
129
860
147
107
607
160
973
906
293
419
884
636
369
351
31
956
63
314
448
324
260
805
792
666
231
13
1013
913
974
367
574
453
377
296
265
1014
161
850
283
811
245
791
58
266
952
388
615
943
573
848
854
744
297
112
572
821
356
442
178
173
483
236
237
580
824
177
465
241
378
1004
823
806
810
814
905
443
730
315
140
444
853
612
874
775
205
426
420
311
248
709
216
422
846
634
851
516
172
441
277
347
633
268
357
445
878
504
476
781
910
540
346
880
509
942
276
944
745
808
295
343
477
246
1005
409
243
776
657
741
145
883
602
525
278
274
411
301
758
603
713
300
242
280
912
879
553
627
759
267
507
807
428
338
847
372
475
427
693
310
396
144
650
681
247
718
695
779
279
306
432
778
335
393
911
727
461
554
751
329
626
334
299
625
662
628
364
333
717
750
587
725
309
559
405
555
361
337
298
368
752
535
749
394
429
339
336
683
363
395
406
362
503
726
275
498
682
716
431
588
715
746
688
332
331
747
689
719
748
721
526
330
340
342
714
430
307
497
694
308
528
593
590
499
374
556
527
373
500
589
464
720
494
529
561
341
557
530
596
558
564
594
562
496
462
595
532
495
463
531
563
