531
530
719
368
532
564
335
589
720
718
242
621
535
563
498
465
432
307
503
562
367
717
431
533
400
339
336
726
688
369
750
499
464
340
534
463
334
497
521
716
337
751
749
433
275
683
399
588
472
590
341
471
462
274
500
504
657
633
502
308
553
684
689
210
687
620
338
758
602
401
529
694
601
565
567
748
554
715
690
851
1011
714
566
747
440
1008
727
243
746
276
408
781
1010
777
658
366
466
682
782
745
911
759
721
407
361
209
808
501
557
665
596
780
241
507
425
301
392
752
779
882
778
819
989
852
879
360
880
883
812
969
333
864
832
776
1012
713
912
536
393
1004
783
178
881
552
268
520
424
211
267
177
1013
901
23
571
373
914
516
420
439
807
999
795
850
228
1014
943
1000
741
1021
236
681
22
329
942
18
583
902
216
903
947
935
763
269
1002
441
145
865
298
309
944
615
223
87
299
833
31
827
445
204
330
666
884
915
1001
409
1016
197
976
345
218
496
24
952
931
508
415
124
801
71
988
703
933
119
102
966
419
81
558
302
983
773
70
10
540
762
430
996
899
1015
980
39
475
123
984
775
205
376
144
250
828
98
99
547
594
56
114
897
805
774
548
63
8
572
230
50
129
888
1005
186
1017
80
764
314
511
995
584
813
1
96
671
964
856
151
860
171
146
34
260
64
410
542
249
446
306
641
892
219
824
377
101
42
38
172
640
128
517
541
820
198
968
152
237
289
873
184
362
791
972
956
1023
383
977
262
107
164
113
190
1020
32
945
923
21
934
905
612
120
257
295
485
595
838
418
40
634
539
217
476
112
582
176
332
53
607
92
382
699
20
1003
545
9
913
509
66
155
484
165
82
263
203
473
355
161
806
293
100
277
831
150
319
69
346
904
626
33
386
388
229
978
580
890
941
412
614
187
444
158
385
963
183
698
49
238
259
72
954
454
19
587
351
174
929
868
206
156
378
292
853
811
261
642
936
417
480
391
800
477
900
188
41
111
54
744
17
921
898
909
451
127
836
193
859
328
708
175
300
313
130
189
674
887
581
125
965
1022
803
835
891
802
442
37
866
76
290
997
78
315
235
930
609
394
287
282
110
769
639
951
889
280
522
1007
979
294
447
139
2
160
356
575
706
191
893
732
95
810
185
254
550
115
248
676
67
918
796
948
16
55
731
251
108
940
736
730
349
579
452
920
48
546
1009
608
906
551
324
421
515
673
858
896
212
36
616
109
895
576
131
116
770
443
834
894
88
140
325
288
196
231
323
104
650
738
143
794
823
122
709
68
878
154
93
83
636
305
65
7
967
734
134
375
854
742
118
549
11
352
51
28
953
320
862
767
844
799
387
448
919
885
479
423
126
258
97
43
173
809
222
413
610
735
917
182
606
137
35
73
225
74
194
255
6
855
347
121
861
456
857
5
389
613
159
700
768
733
62
244
252
304
354
350
543
638
916
670
281
14
220
573
224
478
863
153
628
94
962
874
291
544
103
317
937
411
702
482
449
648
804
512
79
416
672
757
321
106
737
605
344
637
510
710
651
925
474
358
157
342
90
643
327
647
357
973
886
450
1019
47
932
946
841
86
822
264
353
30
247
135
669
138
77
928
253
141
985
577
13
772
208
839
646
568
649
867
381
285
132
117
797
200
380
871
704
195
514
84
414
570
537
322
75
705
644
207
326
574
25
379
166
632
105
384
46
578
457
279
922
27
232
142
256
845
162
668
869
982
846
667
950
12
814
331
422
0
481
927
170
283
981
739
233
910
91
192
58
907
652
163
970
987
136
926
825
199
513
986
215
169
455
961
826
483
792
226
958
645
677
179
359
15
44
712
924
316
957
453
821
675
133
707
603
790
829
312
318
678
213
877
52
870
45
390
297
221
701
60
214
975
872
998
296
729
59
604
994
270
955
990
3
310
201
147
167
266
89
837
519
227
85
789
26
600
611
348
765
202
760
561
370
818
680
168
234
771
149
61
875
518
949
991
1018
840
847
467
697
278
29
740
830
148
374
798
908
284
486
488
181
245
470
693
635
57
743
842
286
343
766
695
265
960
938
246
4
761
679
569
971
487
426
788
303
506
311
793
843
993
629
180
876
974
959
556
273
659
625
711
849
939
505
239
538
992
848
597
661
685
364
271
372
696
664
363
555
660
784
585
469
627
1006
728
468
815
787
622
402
434
617
686
240
406
489
586
725
365
593
619
272
495
817
753
398
438
618
435
395
371
786
816
722
691
599
653
785
403
405
427
458
656
436
756
692
437
598
528
662
663
396
755
404
654
494
754
724
631
630
490
526
397
429
723
527
655
624
591
560
559
461
428
525
523
592
623
459
524
493
460
491
492
