702
590
604
547
585
217
719
757
544
561
263
682
162
520
566
674
598
628
100
407
459
614
753
244
537
187
571
190
714
98
8
207
399
645
212
600
780
548
659
623
142
5
449
550
284
576
201
622
509
783
113
654
603
536
648
435
539
552
129
3
164
683
584
426
293
596
52
57
508
681
235
44
593
613
599
153
553
23
471
188
2
273
374
568
208
210
451
577
472
699
670
352
126
236
89
646
297
124
594
324
54
402
549
400
653
218
656
127
269
543
163
404
128
575
572
450
156
516
499
627
151
219
401
120
239
632
155
731
692
661
348
542
95
152
405
351
570
633
33
597
675
369
416
119
631
554
662
511
264
278
432
346
123
433
377
694
295
669
375
345
510
158
121
527
323
528
538
569
607
150
580
250
428
371
429
296
606
160
372
397
209
96
373
104
154
609
684
567
581
102
555
578
403
652
58
364
165
660
513
43
221
192
306
159
634
333
635
732
398
420
157
663
620
161
582
583
105
108
636
93
595
247
556
191
275
422
592
94
347
605
691
106
97
386
357
122
690
61
392
638
331
365
303
665
376
608
666
12
610
92
277
637
664
65
220
591
473
110
139
387
695
276
619
74
39
13
249
70
251
40
167
359
73
76
45
49
195
445
77
248
304
79
647
87
60
334
69
332
723
72
88
41
71
611
62
34
667
75
36
90
51
639
223
193
91
360
107
224
50
166
642
68
63
78
64
35
66
37
67
38
48
47
46
