64
91
90
48
47
69
360
68
67
37
142
79
70
50
195
76
66
89
74
528
93
590
71
451
611
51
122
667
77
332
583
696
78
555
65
92
96
72
95
166
251
591
94
695
479
35
36
303
38
556
139
223
250
584
361
120
503
473
558
87
618
126
331
278
557
46
389
49
60
567
646
527
586
75
445
123
124
115
100
143
702
121
614
224
128
44
97
621
359
529
127
63
619
610
554
664
580
607
391
595
118
138
318
662
666
228
197
40
34
225
99
663
622
344
594
639
80
377
581
151
350
601
73
13
623
539
566
475
117
125
388
45
608
559
582
726
568
387
39
653
602
508
513
620
509
156
147
501
541
349
170
114
119
153
652
171
62
507
152
155
447
169
167
668
405
683
578
745
98
333
58
616
480
256
531
108
472
104
320
259
665
697
698
588
154
540
183
61
165
322
510
181
511
12
161
545
178
229
401
293
775
364
691
357
597
213
471
636
637
291
365
485
157
521
113
390
481
575
760
193
107
450
378
8
409
234
354
54
573
204
298
41
5
292
130
550
88
102
551
14
129
180
592
449
688
10
376
537
33
484
86
402
265
255
109
626
553
340
634
177
275
317
606
526
624
727
400
25
179
569
753
230
200
372
184
286
264
343
260
604
763
589
505
547
17
2
458
384
141
21
728
499
552
319
700
783
429
404
381
617
457
371
452
758
3
144
532
302
218
52
572
216
644
736
757
23
18
215
730
326
313
563
693
43
243
746
477
692
101
714
301
274
31
564
492
110
358
523
59
413
160
316
491
613
739
246
419
379
520
176
430
684
638
7
85
710
548
238
150
321
474
185
244
671
261
655
715
690
312
57
483
382
435
538
635
271
645
717
755
629
341
625
464
463
383
189
27
304
759
162
672
226
6
214
482
16
330
203
30
242
512
640
269
599
654
600
576
187
233
289
217
208
236
628
410
210
577
334
476
206
249
266
437
28
454
290
661
348
346
500
315
724
522
609
782
459
735
498
300
53
428
272
514
579
352
168
56
406
630
257
701
82
431
598
1
231
386
158
716
20
453
273
4
770
240
408
603
417
0
446
297
407
596
524
32
587
182
669
19
245
748
131
649
81
232
239
209
699
112
373
111
314
201
262
767
682
536
284
29
299
258
780
237
15
353
647
347
571
345
560
191
764
632
212
175
648
26
380
403
641
486
694
296
426
744
712
478
186
22
83
367
146
196
84
574
436
752
294
288
642
493
612
681
267
713
689
673
490
519
650
518
375
211
355
385
751
658
241
720
149
148
174
221
421
525
202
24
270
268
651
756
670
719
515
680
687
633
762
227
252
235
188
105
455
398
399
159
140
418
761
737
729
771
754
546
207
11
392
205
55
781
263
254
198
686
593
351
685
163
411
432
495
489
325
731
356
103
439
295
199
9
277
220
280
659
323
132
487
627
706
190
339
137
742
362
496
438
465
448
309
732
708
631
283
723
427
467
219
327
425
565
222
192
517
311
462
287
570
660
497
530
145
543
461
247
674
329
460
106
585
306
444
337
328
248
416
335
422
420
136
276
675
305
