653
691
654
659
685
660
598
652
566
686
692
469
565
655
533
534
434
240
436
239
849
723
459
848
623
629
502
470
597
435
630
437
490
376
238
620
817
661
816
850
207
592
404
208
754
392
722
881
648
819
658
327
271
501
815
359
537
272
729
619
569
505
206
711
696
360
818
690
344
424
408
1010
403
523
621
457
743
458
391
538
460
241
473
880
616
755
684
466
847
199
977
328
570
679
712
710
761
680
455
468
326
440
212
175
345
402
820
882
487
230
48
846
728
209
845
489
313
210
851
179
678
583
235
946
194
992
697
577
281
797
506
262
269
877
813
200
599
788
456
264
928
844
631
263
971
790
852
611
237
622
789
927
787
785
358
176
609
294
647
4
197
551
913
724
273
312
167
171
550
202
546
82
249
646
870
900
617
578
201
1011
945
204
960
875
304
198
872
522
978
296
520
843
914
384
784
236
581
925
856
423
1002
211
234
826
481
518
899
154
842
585
921
186
1009
962
196
584
181
232
576
742
110
83
618
49
233
760
885
244
991
295
959
514
876
111
932
510
733
142
73
825
2
907
188
673
203
261
961
674
635
1018
375
901
878
439
669
698
1023
130
213
642
151
919
838
182
180
699
822
675
407
29
707
79
205
837
270
994
390
786
493
975
859
896
467
169
545
582
814
886
480
226
774
839
44
488
170
225
143
702
990
840
511
218
397
579
215
793
224
871
153
43
27
291
601
645
282
41
425
902
888
765
766
841
637
918
803
91
940
615
794
941
99
744
152
677
798
939
227
348
783
174
377
323
858
77
187
482
251
131
513
811
893
517
93
904
701
155
250
571
124
166
254
831
9
830
909
0
3
297
76
214
986
192
195
471
1003
61
317
802
641
59
829
891
86
1019
11
894
869
54
541
972
252
908
664
884
100
700
651
52
314
567
737
672
804
183
732
25
128
354
50
30
10
66
649
951
670
740
219
109
121
447
773
575
231
229
318
87
521
957
857
253
809
883
983
322
835
32
479
780
775
242
895
985
874
933
639
970
350
243
739
614
706
989
1016
547
125
178
485
508
478
580
449
544
117
1006
353
164
305
770
734
7
828
185
119
149
47
60
887
122
767
608
771
163
976
412
926
486
286
28
539
53
1020
325
600
21
812
74
217
159
806
90
632
703
114
382
958
610
879
177
426
55
89
922
671
934
148
938
141
855
801
92
193
223
319
150
1007
931
867
757
861
643
386
524
413
949
916
988
1022
316
792
120
221
604
920
955
864
106
963
995
605
873
472
380
834
915
94
248
97
836
756
287
808
665
862
552
542
256
85
735
644
315
168
15
416
65
930
574
549
173
16
33
799
265
969
257
245
156
444
123
676
414
5
417
415
293
853
953
892
64
75
640
668
8
776
572
283
454
515
349
255
95
543
165
606
285
868
80
987
132
84
923
422
548
162
258
228
133
189
266
288
410
438
964
284
663
638
1015
573
88
222
1012
762
613
147
72
383
948
627
782
860
906
62
158
421
796
379
1021
20
1
387
146
157
118
917
474
35
108
979
31
78
667
984
191
823
126
1000
1017
320
628
832
519
57
303
81
280
98
586
381
763
26
540
51
346
512
101
116
190
442
45
105
17
777
113
371
42
929
833
713
56
476
290
445
6
220
736
136
