348
134
396
132
375
385
384
162
180
136
665
408
518
370
201
208
222
163
374
516
135
379
562
424
223
642
145
325
200
144
468
670
535
397
380
116
347
194
352
671
534
219
412
425
236
701
159
404
2
549
324
133
168
316
33
484
426
663
664
343
700
421
645
726
698
783
112
82
117
32
107
218
757
423
756
55
433
674
54
173
651
28
782
477
759
644
196
5
191
420
292
381
597
164
29
519
197
114
140
4
632
643
172
422
308
560
30
496
476
369
546
158
727
781
195
0
563
26
758
780
309
280
588
761
760
491
169
559
357
142
323
517
152
442
83
143
365
253
392
187
349
638
635
728
702
589
653
485
609
137
85
31
141
469
110
27
376
675
605
694
662
84
155
364
703
611
732
3
263
342
393
512
262
302
414
115
297
561
230
398
647
637
616
157
111
413
755
57
60
617
386
378
754
190
315
729
358
673
590
443
56
497
149
655
165
705
225
547
319
252
207
672
243
353
203
59
273
337
336
205
646
586
731
298
235
531
264
432
733
1
177
604
226
521
113
281
458
181
522
548
87
89
405
271
449
244
525
614
224
395
699
216
202
356
58
88
131
106
650
61
533
192
160
753
633
52
455
215
467
550
575
188
53
483
154
752
24
578
289
86
488
270
314
591
227
326
495
682
688
231
407
272
275
507
587
25
532
489
471
109
409
461
459
156
394
148
615
448
730
296
81
537
153
619
482
387
351
506
689
695
175
415
220
454
558
692
204
690
51
659
509
657
660
599
299
300
631
691
237
722
683
354
242
217
221
245
447
652
209
704
505
9
603
193
355
261
368
539
229
608
460
634
233
327
439
490
606
610
661
260
654
403
520
293
511
129
639
291
577
251
290
618
581
269
504
596
693
524
457
678
523
470
685
553
492
341
723
274
19
494
536
677
249
574
493
669
710
687
435
602
179
50
151
359
499
513
125
23
287
247
487
174
234
579
232
498
681
108
711
301
656
250
279
254
686
627
538
214
255
440
258
189
105
456
399
641
161
625
680
176
401
552
79
406
486
658
576
268
465
278
21
313
37
434
438
15
697
241
320
7
259
265
328
679
121
127
607
629
725
47
288
39
714
11
446
668
573
311
199
167
515
80
371
411
715
139
77
583
763
441
171
124
623
402
312
130
248
571
593
119
551
769
762
228
335
419
329
530
565
503
303
720
239
123
751
285
213
508
735
206
104
185
598
35
150
346
46
310
382
147
283
429
345
773
569
38
377
49
344
14
592
572
43
295
18
361
363
198
510
22
146
666
383
463
544
42
636
721
466
257
36
779
453
676
178
318
475
410
427
428
48
585
514
212
13
567
128
256
183
20
713
684
267
322
339
317
8
372
600
767
436
649
166
286
389
630
765
17
307
400
601
775
724
430
640
10
527
391
502
34
543
246
706
545
667
63
373
240
118
542
716
734
462
718
712
451
777
321
708
540
613
431
120
566
529
75
709
417
719
266
277
473
41
707
437
276
628
388
717
186
73
564
170
211
626
126
71
76
771
78
621
45
390
330
282
305
612
6
284
481
70
526
582
501
450
360
500
101
570
100
416
472
98
72
444
528
99
