396
172
397
677
116
370
506
423
173
562
705
687
338
249
369
478
443
535
164
422
336
368
774
372
398
348
400
320
324
376
442
194
220
429
399
734
772
534
731
163
343
135
371
144
773
344
414
425
394
132
631
703
243
385
310
561
366
659
379
456
180
424
415
491
725
305
412
349
660
208
428
351
416
496
615
179
191
393
254
222
455
732
401
308
469
427
643
630
518
365
411
175
468
352
395
24
470
604
386
439
704
380
384
201
467
290
245
525
603
466
15
733
148
490
553
61
83
476
22
337
323
262
426
283
131
440
29
563
383
778
233
781
575
107
196
219
454
111
417
358
227
316
112
757
202
295
688
433
221
282
461
387
342
52
7
637
548
407
136
18
673
59
152
546
665
776
756
471
448
207
499
729
133
26
644
31
32
244
483
28
11
547
728
167
355
632
134
273
242
84
494
215
500
55
248
234
347
297
119
272
141
103
779
19
200
388
497
771
263
658
205
9
755
4
459
57
16
511
17
445
235
174
0
330
20
292
382
589
226
405
203
519
680
651
457
54
140
635
329
62
777
357
510
214
577
375
602
291
460
576
521
438
53
672
458
23
524
21
699
489
356
759
317
236
151
378
149
261
146
216
176
56
377
682
406
681
319
700
714
730
782
154
626
617
549
289
783
504
270
679
1
300
620
328
25
181
560
232
2
413
645
218
735
339
5
188
271
482
354
269
430
258
231
255
106
189
14
533
509
432
697
441
230
302
33
678
102
82
484
600
159
60
129
192
155
13
648
259
147
550
190
162
420
758
537
304
3
130
101
485
311
543
486
599
229
636
628
301
629
204
110
274
671
453
571
498
564
481
578
150
157
495
34
601
161
364
539
527
552
487
606
223
523
35
113
12
596
309
517
58
512
598
160
117
538
392
570
647
542
333
605
507
540
619
156
224
128
723
473
63
284
105
545
444
516
38
760
761
51
508
559
674
536
607
108
753
158
170
118
572
722
726
228
46
614
541
87
698
48
166
36
592
47
421
70
100
49
75
569
73
50
195
580
193
591
88
169
646
37
76
45
531
90
505
77
41
642
472
618
99
675
610
450
69
78
68
66
