-0.13058019
0.106238365
-0.0628643
0.33949757
-0.27987504
0.18616247
0.028787851
-0.23485494
0.058823824
-0.029390812
-0.099443436
0.09128332
0.7909682
0.53109217
-0.25661826
-0.40501714
-0.0028541088
0.05286956
0.070328
0.08020806
-0.100703955
-0.18098187
-0.102995396
-0.013683081
-0.32471156
0.25753236
-0.3064134
-0.1775086
-0.01701212
-0.021975994
0.16680503
-0.28673363
0.09625387
0.3215952
1.0683212
1.0297346
1.0082462
1.8906245
2.2692666
0.31736135
0.5228088
1.0537593
0.19329786
0.79972196
0.49645805
1.3889165
2.8164277
1.9879159
1.742633
1.6420693
1.4934659
1.142752
0.2847314
-0.14056492
0.0052087307
-0.1576519
0.07822204
-0.04620266
0.4860139
0.08618474
0.9573014
0.721987
0.84421206
0.88551927
1.5149511
1.6599966
1.6752158
2.9156144
1.5017937
0.69653106
1.2596382
2.2740836
2.64168
2.2865465
2.2593122
1.8978068
1.789173
1.0080614
1.727856
1.692593
-0.35369062
-0.61921453
0.12985873
-0.3509915
-0.101138115
0.023445368
0.08352804
1.1272331
1.5655084
0.53476954
1.7559086
1.6621501
2.2500467
1.6594748
1.9514943
1.2419366
1.9335215
1.9642465
1.2336438
1.1030464
0.87841845
0.4693811
1.0530169
1.0283716
1.9152786
1.0942588
0.6030569
0.44152546
1.2431124
0.49544668
0.7062504
-0.29550862
-0.17449427
0.8865719
-0.06731224
0.4084561
-0.53864264
0.7774849
0.60615873
0.611748
0.08969498
0.28111458
0.75815845
0.4944346
0.38877654
0.3012302
0.39824152
0.52788115
0.6744921
0.1570065
0.42398238
0.4174266
-0.543859
0.22942281
-0.23310924
-0.4551816
0.39552808
0.31594515
0.6075847
0.046196222
0.12318182
-0.032162428
0.48644805
0.55822396
-0.4930098
-0.31084538
-0.63405776
-0.017084122
-0.76542926
0.1305356
0.3632381
-0.49407148
-0.2079711
-0.10867381
0.23138928
0.2534685
0.89176106
0.4665873
0.66234255
0.5340309
0.42593694
0.55039644
0.41329455
0.26075292
0.050799847
0.26412845
1.0960627
0.3771212
-0.0145971775
1.0614624
0.020058632
-0.30423498
0.086019516
0.53818774
-0.18187165
-0.22140741
-0.019032478
-0.2493279
-0.11209583
-0.3862326
-0.31890488
-0.25429034
-0.375463
-0.49287248
-0.47223854
-0.6328392
-0.3928311
-0.33076167
-0.113754034
-0.6155808
0.55367947
0.6077509
1.3233916
1.6555947
0.28456616
0.68919444
-0.4762001
1.9398156
-0.9706533
-0.6640749
-0.3816228
0.7383969
-0.3422649
0.3296008
0.18203759
-0.10348773
-0.12399602
-0.106842995
0.121852875
0.110500336
0.011821508
0.26481056
0.11844087
0.23243046
-0.20594168
0.024592638
-0.26805687
-0.13449001
0.20087719
0.0964272
0.1352477
-0.0023953915
0.25822115
1.6032568
1.807784
0.5308609
-0.76158667
-0.16179395
-0.21159196
0.06737113
-0.10111737
-0.0072259903
-0.42874002
-0.011620522
0.065161705
0.098887205
0.23286223
0.16431451
0.40029335
0.15703273
0.32798076
-0.121302366
0.3518741
-0.09114528
0.23894572
-0.14068699
0.12107515
0.2758987
-0.57889295
-0.352849
0.026800394
1.0605395
-0.5698619
-0.6581497
-0.54391885
-0.5737572
0.47925854
-0.6528847
-0.41675544
0.01724267
0.020580292
0.080602646
0.48326302
0.040404797
-0.00049996376
-0.104750395
-0.13374972
-0.09130812
-0.09577823
-0.12476182
0.11922002
0.21263194
-0.023309946
0.38092184
0.2455585
0.3387921
-0.14354038
0.44479728
0.34201288
-0.5003216
-0.3609624
-0.45893598
-0.86886716
0.053952456
0.507992
-0.44521904
-0.3061657
-0.03580594
-0.0061979294
0.11038518
0.019165039
-0.26830268
-0.3316369
0.06499195
-0.08219552
-0.34414744
-0.4658916
-0.090776205
-0.29380727
0.45737052
0.14255929
-0.21806574
-0.117622375
-0.3893447
0.2008102
0.72862077
2.2894247
-0.399163
-1.3107259
0.12856054
-0.8770006
0.49800134
0.50085425
-0.34327984
-0.3265617
-0.03393817
0.70001674
-0.034959078
-0.6678629
-0.5487683
-0.4432013
-0.5676737
-0.5160148
-0.58837676
-0.4816811
-0.6783488
-0.09142184
0.12014294
-1.3024261
-0.9832618
-1.3665555
-0.72892976
-0.6080501
0.60548663
2.2210538
0.61945415
-1.0923316
0.61379266
-1.510123
-0.6119087
-0.65278363
-0.9203861
-0.7192099
0.16839147
-0.008793831
-0.37905598
0.1534462
0.04785657
0.4733131
0.33780646
-0.03507185
-0.73577714
-0.20568156
-0.49763584
0.38269687
0.1450727
-0.5002892
-0.5697887
-1.5191786
-1.5688131
-1.5433762
-0.71856594
0.8339968
-0.14303803
0.54136705
0.67840695
-1.154607
-0.39932346
-2.1757843
-0.57363987
-0.41956735
-0.1501782
-0.0017018318
0.14353251
0.054365158
0.27182436
0.7476983
0.2145505
-0.15083003
-0.22230506
-0.42883825
0.20547962
-0.02002716
-0.15181065
-0.22276711
-0.2331276
-0.13854527
0.25616527
-0.0230999
-0.6355834
-0.54223084
-0.14137053
1.2685555
0.67727494
-0.18869853
-0.32628822
-0.36491466
-0.13640857
-0.2543075
0.0025305748
-0.1653235
0.37122774
0.19624472
0.14871716
0.6808896
-0.17957044
0.043103456
-0.05530572
0.37415123
0.34608006
0.22608423
-0.27325797
-0.3446524
0.1748178
0.445822
0.31930733
1.2963836
-0.82696223
-1.3174713
-1.243911
0.9879706
1.1571069
2.0292032
0.21034026
-0.13077664
0.15158534
0.4186592
-0.056848288
-0.21367407
-0.26185107
0.035859585
-0.058208942
-0.37025714
-0.30099797
-0.27430773
0.28562236
-0.19708896
0.43819785
0.0044164658
0.12653804
-0.16751528
0.60363436
0.023748398
0.73519874
1.3966018
0.82238674
-1.3992872
-0.19354677
-0.99120307
1.6716145
2.0753622
1.0313647
-0.33883858
0.1776154
0.18345642
-0.11281109
-0.002077341
-0.36068583
-0.020554066
-0.38374853
-0.109086275
-0.43348384
-0.39594698
-0.0449059
0.24677896
0.13147068
-0.051161528
0.47211838
0.4343555
0.6441598
0.58962345
0.3754177
1.6673521
1.4093019
0.048467636
-0.7719612
0.13543773
1.5086257
0.4857161
0.45867348
-0.3157599
0.24947739
0.48086786
0.07852888
-0.007913351
-0.034375668
0.049871206
-0.09949136
0.0006532669
-0.014205694
0.17446709
0.03301406
-0.16307592
-0.026763678
0.5314071
0.5723491
0.20382881
0.581594
0.72268486
0.55338216
-0.5971019
-0.60679793
-1.0005271
-0.69404507
-0.9968612
1.4248117
-0.35307813
0.43944335
0.8593025
0.6053467
0.3590386
0.087258816
0.15846872
-0.091124535
-0.5394895
-0.38203263
0.21056294
0.28118825
0.023414135
0.18615937
-0.27312708
-0.34773803
0.19683313
0.50130343
0.20682883
-0.0661912
0.34980106
0.32420754
0.39213514
0.8302233
-1.3220155
0.3664167
0.059983253
-0.9213598
-0.72489786
0.29425645
1.2544769
0.7122953
0.7430415
0.19431067
0.2985692
0.3671031
0.024823666
0.4981346
-0.040537596
0.32989073
0.66622305
0.57336116
-0.2749176
-0.8750694
0.32626057
-0.17298245
0.45570564
0.42664647
0.13896203
0.20408058
0.97382855
1.0714622
-0.6683798
-0.31332493
-0.065704346
-0.44447708
-0.38652468
0.7728808
0.54132724
0.40108037
0.78592634
0.8832736
0.71345925
0.947382
0.69084334
0.76670957
1.0905156
0.3234744
0.556679
0.70242333
-0.049767733
-0.71338034
0.41564465
0.15512514
0.79940104
0.46788144
0.14632034
0.38468313
-0.7038102
0.28195333
-0.9429004
-0.27266788
-0.0891099
0.6193514
1.7310762
1.355122
0.8464563
0.16785598
0.009534121
0.6166365
0.4662454
0.21452856
0.40529966
0.602026
0.5701146
0.64758086
0.79320264
0.770705
-0.093826294
-0.7327802
0.40675187
0.5261297
0.21647644
-0.08840513
1.2360028
0.7511716
-0.77516747
0.6284945
0.88814783
-0.18701601
-0.04630375
0.2900524
1.1938941
0.62588596
0.3043747
0.21017289
-0.13745761
-0.090033054
-0.15403438
0.24235678
-0.06614041
0.26578975
0.27096152
0.3606615
0.04918933
0.7220757
-0.034484386
-0.22948575
0.24357533
0.5999317
0.27124596
0.7274952
0.27459383
0.07360506
-0.8101084
0.17846227
1.9417725
-0.28773594
-0.029013395
0.22382832
1.7379794
1.8704607
1.3479205
0.57498837
0.4687116
-0.012799501
-0.0455029
0.32594132
0.18626261
0.011132956
0.00035214424
0.039619446
-0.12007022
0.15602875
-0.055321455
0.0626986
0.10201502
0.14923692
-0.09495163
-0.3464303
-0.30592895
-0.5651159
-0.40104723
0.7230854
2.5275183
0.25246882
-0.20369768
-0.09084225
1.0947971
2.1308444
0.14931273
-0.56276417
0.34058714
-0.005251169
-0.4807961
0.37740493
-0.1359067
-0.06348777
-0.002834797
-0.2662115
0.38419986
-0.09782696
-0.20664907
-0.08741617
-0.013855934
-0.077175856
-0.4355626
-0.28001523
-0.60605335
-1.0510786
0.67859364
-0.3676951
0.88878703
0.044918537
-0.28452992
0.21769571
0.46531558
-0.14961553
0.18569517
-1.5221803
-0.5184636
-0.29881787
-0.5464668
-0.2453754
-0.19103312
-0.32723975
-0.1041553
-0.19529986
-0.64253116
-0.01299119
0.2579639
-0.11154175
-0.5287285
0.14620328
-0.70346975
-0.8860123
0.5038898
0.7063186
1.3120807
-0.5410247
1.0230396
-0.15464187
0.29814363
0.06559157
-0.0020942688
-1.0629823
-0.4390056
-1.6531913
-1.9415479
-0.93317556
-1.1615674
-1.2668808
-1.0813963
-0.38010192
-0.88686585
-0.4276502
-1.5516965
-0.48451853
0.08465314
-0.9814179
-0.67478347
0.09952378
-0.54338145
-0.57501125
-0.7089863
-1.7049859
-0.8919804
0.66662693
-0.07035375
-0.05941391
-0.23876476
0.16744018
0.21685576
-0.090101
0.5293212
1.4461889
-0.16161633
-0.4269805
0.1798985
0.11845636
-0.42830133
-0.35462284
-0.5517013
0.10768962
-1.1636927
-1.2499802
-0.5897865
-0.3003161
-0.9943645
-0.056590796
-0.9701612
-0.31468415
-0.6085253
0.46181536
0.036715508
0.043922424
0.12430024
0.27997875
