492
491
653
435
659
652
436
817
272
660
816
624
271
723
490
754
655
592
459
797
785
755
815
818
469
648
686
623
240
457
186
489
620
239
784
565
154
510
819
460
468
273
304
434
786
188
621
787
927
249
733
458
616
392
722
523
619
424
691
654
29
403
849
788
511
440
598
437
848
238
685
218
199
467
439
702
629
669
925
487
533
826
977
537
230
569
959
456
599
566
680
407
505
1010
305
27
756
783
281
631
766
971
617
493
597
585
991
724
470
466
254
455
153
813
692
4
946
348
560
765
870
637
583
551
155
82
402
928
798
471
488
152
408
91
1023
630
83
881
522
900
197
859
696
830
207
167
404
831
520
200
269
622
282
782
538
384
501
61
317
992
376
270
856
1002
360
93
252
251
789
473
187
534
124
262
151
661
502
899
838
198
110
872
611
901
48
250
932
960
618
59
678
978
990
584
710
196
656
73
962
893
850
175
701
111
658
303
837
524
646
825
814
1009
945
506
732
921
645
914
743
182
261
961
820
940
1011
345
550
546
711
44
712
684
86
941
913
829
208
609
896
43
52
215
577
183
975
882
871
907
877
591
541
171
77
803
121
888
891
169
326
670
179
327
679
375
675
876
570
142
632
939
241
794
181
699
902
674
858
318
76
663
578
918
313
707
25
642
514
761
904
729
581
359
690
839
447
79
479
438
635
651
919
875
49
664
790
639
323
994
219
677
517
433
700
100
972
518
41
843
253
957
109
481
740
845
291
601
54
344
3
673
166
869
391
170
206
933
894
1018
371
908
895
194
10
131
951
11
909
30
87
647
143
28
780
886
644
2
552
235
350
1019
576
844
804
571
227
885
846
148
986
545
1007
99
423
1003
421
802
579
480
774
983
47
209
366
770
521
513
50
835
390
737
149
60
1006
9
548
465
482
425
641
698
176
773
130
985
314
370
567
600
472
976
122
926
582
672
195
847
580
185
857
354
225
958
294
322
201
454
180
212
478
739
164
224
226
508
117
970
0
757
649
192
822
449
771
128
742
426
880
174
949
7
613
887
21
163
397
412
263
801
92
97
358
544
32
353
549
614
66
486
256
193
586
386
706
33
834
64
168
615
65
257
1
728
214
382
229
288
264
1016
237
217
141
328
697
610
74
485
204
15
864
931
676
320
90
539
416
96
852
667
203
258
125
159
793
812
915
129
547
938
35
119
920
162
867
612
53
989
604
828
290
963
934
922
842
930
917
643
389
5
325
94
146
106
811
232
775
210
211
160
8
161
916
512
452
98
286
114
236
840
1017
231
884
177
791
806
969
289
72
244
760
987
132
55
377
34
640
410
302
474
995
575
988
133
608
953
401
955
736
321
223
287
519
80
668
234
515
767
352
851
81
16
874
979
734
104
108
417
78
173
178
453
75
906
948
777
85
873
855
709
1000
484
1001
312
923
704
832
113
36
355
202
365
45
213
1012
744
841
147
387
861
693
136
255
792
443
984
753
101
665
808
738
954
165
398
293
964
89
6
266
572
414
662
297
316
413
150
1008
172
516
950
296
929
862
883
105
228
968
248
836
442
40
833
878
14
448
422
205
666
396
703
42
145
776
378
671
910
943
451
821
17
525
245
762
19
346
379
868
319
46
20
103
441
809
380
763
898
71
139
993
627
772
95
947
12
602
853
650
769
233
536
1020
937
903
966
409
242
974
1022
1015
735
415
633
879
70
965
912
542
605
745
634
897
973
705
824
603
810
292
116
51
311
243
120
866
295
731
67
444
246
865
982
343
683
507
807
158
483
123
805
84
277
349
357
420
823
892
388
118
540
625
935
385
980
285
265
708
606
854
135
138
799
450
221
999
395
768
730
713
268
419
636
144
68
259
278
216
276
274
981
156
280
796
394
427
140
372
638
284
936
315
997
383
381
476
905
543
88
112
657
800
62
38
1004
37
222
759
687
1021
356
568
741
944
126
405
300
475
626
411
39
758
418
247
996
18
497
283
310
573
26
69
267
890
184
127
681
504
134
1013
574
22
107
429
102
189
428
157
324
942
781
695
137
393
13
795
56
860
260
31
717
279
998
301
347
889
952
764
57
590
967
924
191
399
190
23
529
593
1005
553
716
430
628
461
115
779
911
24
727
561
682
446
63
718
364
751
220
1014
827
778
406
329
535
306
725
607
400
445
863
494
363
503
338
715
351
369
58
299
367
309
750
554
555
956
362
526
432
462
509
557
333
361
477
559
749
335
298
334
556
275
498
528
726
373
752
558
339
747
587
337
748
332
694
719
331
588
336
527
340
342
714
368
307
746
689
688
330
308
374
589
431
721
594
530
464
500
562
499
341
720
564
596
496
595
495
532
463
563
531
