333
665
570
100
108
544
364
276
656
96
689
549
125
529
277
73
161
235
33
209
723
239
621
568
546
637
590
519
324
465
227
371
295
372
491
488
664
760
381
2
212
52
610
267
659
236
291
582
702
289
105
574
432
346
569
646
642
690
262
592
532
587
3
559
180
8
377
616
550
578
464
755
763
117
241
553
265
476
392
318
208
409
113
266
27
334
628
294
645
261
99
352
146
325
753
344
437
552
460
118
624
104
182
138
654
354
231
435
237
618
520
600
603
28
225
783
219
353
408
240
214
588
566
431
576
635
757
638
382
490
270
598
242
326
233
609
577
636
296
232
608
217
599
342
580
489
775
410
158
320
234
187
492
493
131
730
149
20
548
426
407
662
316
259
207
458
758
686
16
206
53
298
782
319
571
547
459
625
461
314
185
596
436
101
292
246
593
688
486
545
463
260
380
604
268
19
557
181
258
579
378
517
661
82
211
634
297
658
29
269
103
524
617
370
518
761
701
84
671
186
286
632
184
462
24
729
140
420
681
98
30
573
115
560
26
606
472
169
498
613
280
507
726
163
322
572
781
317
312
649
190
522
767
290
633
343
736
323
521
739
9
143
589
762
351
770
725
406
192
164
433
162
155
673
581
607
523
754
172
256
536
657
575
641
648
183
724
350
315
293
55
156
43
669
467
674
422
698
563
215
719
650
764
449
494
337
631
86
602
651
308
744
133
772
197
629
109
525
737
495
216
497
530
157
768
712
630
660
693
748
605
601
585
441
336
740
171
505
718
443
640
379
421
703
444
777
469
450
114
531
134
283
741
468
434
679
707
396
440
477
393
711
721
706
749
535
738
470
722
394
506
194
222
173
253
199
366
311
747
281
145
670
708
709
612
306
779
81
743
362
765
504
335
305
773
733
502
474
766
677
750
307
282
675
704
42
363
678
338
769
705
310
676
279
