95
187
173
274
805
634
205
859
934
65
140
33
79
764
953
125
32
190
751
211
974
135
665
942
67
340
388
392
343
888
890
357
39
197
321
139
293
6
545
207
578
792
967
818
777
71
296
134
380
248
875
231
102
277
936
990
681
165
417
328
64
385
861
543
894
286
62
170
150
174
70
857
266
188
126
790
643
615
258
210
517
705
706
864
193
50
184
175
276
824
715
995
750
649
876
90
796
567
613
356
118
799
360
1023
700
53
923
347
749
542
156
453
965
406
1016
938
544
937
929
141
413
955
447
853
55
7
353
111
768
316
571
828
40
762
919
227
845
198
673
609
964
812
730
664
738
547
661
587
311
418
1001
105
641
194
858
924
852
696
925
158
639
96
292
610
877
943
253
512
300
869
515
147
736
804
46
991
320
604
41
68
483
920
138
294
541
966
103
405
204
909
704
94
954
789
376
769
297
325
324
375
902
270
731
74
708
862
350
106
795
931
155
162
478
75
389
959
672
930
69
973
508
378
257
8
757
411
969
988
352
387
410
263
817
196
968
963
137
1017
970
871
185
794
383
806
737
707
159
245
611
994
268
702
793
186
1
164
739
900
446
773
287
831
798
218
1008
391
898
130
114
163
697
443
99
416
670
419
484
663
386
142
113
202
922
326
25
1019
668
636
239
232
127
854
980
2
143
546
122
829
72
601
354
11
412
895
78
97
870
906
115
288
42
452
259
977
151
674
947
893
984
318
440
21
926
1009
327
891
132
948
213
802
192
666
454
638
701
223
30
133
450
235
226
222
823
676
962
290
421
168
20
136
1010
729
124
5
101
763
810
482
230
240
899
302
359
407
256
935
238
224
51
903
449
35
992
584
771
85
171
680
390
91
19
957
199
761
104
915
570
384
451
87
182
675
606
244
901
249
801
689
415
978
166
932
317
780
642
269
699
116
961
379
987
843
93
284
887
169
146
117
0
423
560
108
958
291
830
73
815
732
842
651
513
960
896
841
481
131
382
479
766
128
167
285
234
553
36
355
214
921
100
3
183
154
839
698
1003
255
486
254
822
60
855
550
742
646
504
225
349
110
856
472
985
153
774
358
252
45
669
826
200
907
312
201
933
583
667
809
783
644
480
1018
927
986
301
536
637
344
781
600
648
414
632
455
322
939
752
904
514
485
233
273
765
816
92
54
59
825
710
306
348
677
215
519
61
10
149
982
740
813
424
622
928
212
510
916
83
946
840
465
772
770
1006
733
82
345
506
47
949
313
838
121
180
684
522
381
538
678
983
718
635
616
518
908
803
872
835
976
471
323
76
630
645
788
782
551
568
473
439
834
521
972
281
951
631
265
264
148
743
52
711
1002
1007
181
975
784
26
109
152
873
787
520
14
885
511
537
179
86
797
333
44
4
552
28
981
724
756
487
886
591
621
77
29
721
43
618
569
617
917
918
271
599
786
365
505
950
688
971
785
940
658
523
941
272
692
27
398
586
753
493
585
598
470
456
432
488
755
339
334
660
754
335
438
620
657
468
524
687
372
338
337
619
459
433
303
722
723
336
489
458
659
592
690
466
305
469
457
368
652
460
490
399
304
434
492
367
653
366
404
401
437
491
654
436
402
371
685
400
369
403
686
691
467
623
656
435
370
624
655
