562
563
530
462
531
463
495
594
558
534
561
529
532
533
557
564
595
526
565
596
494
527
496
430
394
597
497
880
556
395
628
847
528
879
593
364
559
396
590
363
589
13
502
362
727
913
501
498
500
464
393
846
848
883
429
566
555
911
499
759
503
525
850
912
1013
849
626
409
726
746
535
242
342
836
650
330
882
758
683
426
57
868
12
554
608
865
58
331
575
851
445
881
627
1000
373
662
952
377
177
295
580
24
695
341
209
361
779
745
329
374
778
1014
332
208
629
1005
461
1012
860
694
1004
279
31
832
588
820
776
477
719
236
275
602
427
775
475
671
1015
250
241
866
720
581
298
247
23
308
84
63
703
278
307
944
747
889
425
682
996
837
144
282
428
516
612
910
283
441
157
22
914
507
574
633
956
309
878
243
811
17
819
448
422
1021
80
48
56
310
120
814
540
444
791
716
800
251
18
576
998
351
319
191
314
863
315
119
549
897
548
905
807
734
397
573
176
741
821
603
219
693
867
1022
474
808
112
16
607
260
712
833
614
625
1020
572
107
206
221
713
714
999
237
161
725
178
267
679
420
89
145
509
605
189
228
172
744
748
1011
431
989
945
299
874
289
160
539
123
129
9
582
728
98
997
66
442
476
280
767
993
216
229
346
246
884
579
262
38
408
34
717
217
709
203
577
49
979
195
844
37
81
760
220
892
827
640
88
735
261
15
647
