360
66
68
64
67
91
361
389
93
90
69
142
65
558
70
586
528
332
89
37
611
122
92
96
555
228
451
591
195
48
51
79
77
94
95
250
696
359
331
76
47
50
556
74
667
120
583
71
590
166
559
126
503
479
143
388
527
695
529
557
567
97
139
614
473
702
128
664
123
542
38
387
115
618
445
610
121
357
554
541
619
646
118
99
371
224
147
298
509
539
623
342
117
513
656
684
517
511
508
156
169
46
683
653
545
665
159
155
349
652
119
98
13
510
616
152
153
588
333
726
637
157
540
471
481
438
543
569
698
688
154
537
686
302
505
627
548
589
364
234
129
365
5
167
563
62
260
655
728
658
189
249
201
632
526
141
2
23
203
18
538
482
512
3
499
671
644
532
571
314
258
520
572
682
645
476
6
536
654
82
386
348
191
56
782
1
453
498
150
41
701
647
681
407
648
227
375
670
304
458
163
724
286
546
311
140
346
565
192
219
347
642
392
497
247
723
309
441
674
337
328
276
