534
565
849
597
533
848
847
566
48
395
846
562
564
850
594
532
880
608
596
394
208
561
629
817
727
207
628
883
529
502
851
1011
818
882
530
580
206
501
242
393
879
396
581
408
881
295
376
16
236
209
576
462
820
241
679
563
575
712
819
759
239
17
262
494
409
1023
526
240
776
426
392
696
577
177
362
695
1004
745
377
914
531
1000
660
327
758
237
913
282
495
1010
775
1005
661
176
595
49
816
991
837
197
1022
445
440
430
359
250
728
836
112
814
626
261
593
238
144
328
175
119
990
844
662
203
527
598
364
582
789
314
80
425
821
659
1012
84
574
578
713
726
251
671
860
360
808
868
579
1020
422
734
229
194
535
66
612
627
815
243
760
463
959
326
875
195
845
79
549
878
319
545
558
528
790
912
391
548
503
145
429
996
205
228
681
811
744
703
874
516
791
427
746
441
1021
361
865
120
897
98
614
609
210
448
9
859
296
198
363
329
767
602
779
344
889
32
633
877
375
283
729
57
211
219
172
852
497
397
615
989
894
330
31
123
65
263
979
647
170
832
998
496
605
315
125
945
925
807
267
640
905
573
33
174
107
89
188
993
294
249
934
911
178
157
664
650
444
231
186
870
517
761
540
867
500
204
572
863
173
477
539
191
230
129
900
806
876
345
673
342
235
260
293
741
665
649
694
611
154
161
700
747
187
999
1013
706
702
428
34
866
196
289
475
351
956
680
160
697
474
417
280
64
1015
792
218
800
227
309
217
221
199
13
202
155
343
643
447
570
952
111
735
777
139
193
778
81
455
997
658
804
871
165
757
888
603
805
902
884
559
275
544
470
546
41
286
693
353
541
550
423
248
641
310
910
90
869
892
567
407
74
773
944
601
630
258
6
853
71
216
969
53
140
442
189
977
995
380
707
919
571
7
95
135
833
842
313
276
547
38
298
725
653
970
141
277
297
764
864
37
346
827
684
63
683
50
424
953
938
762
507
247
798
1014
312
828
253
992
607
857
831
672
67
130
634
899
56
420
793
24
839
1001
22
861
639
794
994
246
709
937
182
325
955
890
266
909
213
476
610
843
538
212
508
692
974
350
646
613
142
583
542
91
171
948
278
151
454
70
25
923
858
543
388
185
472
799
244
358
478
42
190
232
413
796
774
604
94
274
58
2
316
143
55
12
124
962
390
812
710
40
110
515
648
964
737
384
742
105
584
674
920
872
299
18
841
268
663
739
968
824
1003
220
893
901
931
1016
788
965
670
183
159
461
270
929
184
943
75
321
99
215
23
234
126
738
318
802
134
106
736
651
317
654
716
838
887
927
988
320
701
932
714
39
512
30
973
412
214
150
281
682
257
916
245
856
829
158
506
885
557
62
473
930
164
748
279
1009
978
699
980
156
625
354
537
8
102
854
960
162
287
862
891
813
907
103
705
600
147
509
822
88
46
963
302
76
936
163
904
668
590
14
711
273
453
254
949
252
122
385
21
942
669
93
292
780
1019
1008
416
783
886
704
751
356
410
675
96
569
226
44
983
347
743
181
387
731
386
921
632
224
180
961
486
45
771
153
924
918
383
951
966
87
504
896
922
730
192
311
895
982
766
223
308
498
622
1
357
118
374
167
732
946
795
906
72
138
68
482
642
11
114
97
823
471
73
984
840
717
769
389
678
708
288
481
518
917
787
365
915
801
348
378
352
768
54
20
830
300
954
127
269
928
439
78
200
418
521
179
685
510
967
981
1002
637
719
222
855
939
618
169
485
560
168
484
271
483
284
589
59
421
10
201
556
479
733
108
698
554
520
15
449
898
636
505
519
5
446
166
331
947
43
976
950
513
256
152
676
415
341
132
957
443
0
133
763
233
555
1017
69
382
522
835
285
307
617
638
85
291
551
765
272
290
324
136
873
926
536
379
786
933
35
101
131
797
803
109
3
903
487
255
117
225
666
411
128
264
606
104
826
553
480
419
908
784
77
585
82
83
810
452
332
137
935
464
100
975
809
987
514
834
591
349
1018
750
373
652
414
552
677
686
149
616
451
499
52
60
720
450
740
985
749
113
631
259
36
689
51
469
398
61
644
322
718
825
465
406
785
667
355
511
525
986
586
301
645
621
971
715
27
1006
635
657
306
941
26
770
781
691
568
756
121
772
431
972
1007
459
405
588
86
782
29
146
116
690
333
381
334
265
687
466
303
587
92
958
340
488
688
489
4
458
438
490
724
148
599
323
19
47
115
437
457
456
523
493
619
940
335
468
28
304
620
592
460
623
366
524
338
752
372
305
432
721
404
434
655
339
399
433
337
755
371
367
467
336
656
624
436
722
403
491
402
368
435
754
400
723
369
370
401
492
753
