422
46
38
193
306
670
761
277
642
107
88
136
37
106
47
104
48
105
78
192
62
49
305
194
276
50
675
72
392
41
703
103
278
110
420
304
34
249
90
416
393
166
773
674
376
248
223
73
723
108
75
394
197
71
173
334
191
35
337
647
224
443
505
220
375
371
137
432
250
536
477
221
63
45
12
284
348
365
421
36
347
113
722
116
273
209
534
92
499
760
414
70
648
94
449
222
423
13
379
61
74
219
462
370
497
87
172
42
133
753
40
312
403
281
201
251
343
349
369
60
181
189
707
51
97
463
164
404
438
434
182
468
724
135
772
592
247
450
459
320
436
620
39
427
779
548
538
333
76
431
397
433
442
287
335
364
469
386
208
445
717
119
387
544
575
472
444
549
775
426
382
3
470
617
587
537
99
547
52
384
487
532
686
467
398
117
498
774
409
385
441
411
98
713
122
77
96
510
262
546
352
741
514
679
490
165
482
138
292
596
190
163
396
508
195
377
688
288
383
553
574
245
769
157
535
203
58
230
633
542
260
437
464
781
439
577
579
95
635
351
150
455
64
489
407
406
315
645
709
681
783
341
728
413
229
476
66
323
435
32
236
461
54
604
244
289
526
496
175
545
509
140
715
342
327
280
607
402
415
677
511
395
17
632
227
149
481
309
324
357
218
408
593
525
471
69
19
380
91
67
33
644
28
93
562
757
729
643
5
412
25
233
11
726
527
399
646
699
473
755
410
18
615
555
120
167
1
265
637
698
725
29
454
567
141
619
121
2
84
591
730
500
56
85
453
727
111
22
759
488
0
196
460
144
563
625
451
53
68
610
756
202
528
561
79
83
59
539
7
355
554
298
478
297
388
31
425
624
564
651
614
565
200
148
732
664
15
151
142
118
329
359
731
618
358
336
254
665
65
14
257
170
328
139
611
702
228
559
621
330
308
740
590
529
360
226
586
695
751
198
389
584
501
531
282
171
447
612
419
391
734
80
697
558
474
