566
424
662
300
351
271
682
689
557
417
259
179
326
134
256
268
272
717
330
686
189
286
298
421
479
535
212
678
692
257
178
226
246
683
776
718
174
775
184
228
765
169
270
543
715
221
680
340
202
302
746
283
243
297
507
170
714
374
296
367
687
325
504
769
751
747
447
735
339
323
186
274
258
741
480
269
707
86
216
194
779
752
328
711
739
777
138
366
531
685
177
250
198
750
136
252
590
559
743
452
254
419
706
736
713
640
249
242
143
449
299
505
503
335
668
710
734
197
109
391
137
696
279
475
115
693
749
709
145
448
310
222
748
745
766
80
506
282
737
477
676
770
712
738
171
338
586
311
744
199
733
363
389
530
474
361
253
742
708
705
81
307
362
502
114
446
558
390
418
