-0.11708307
-0.07388544
-0.102267265
-0.17546272
0.123473644
-0.137537
-0.10852432
-0.121296406
0.029725552
0.06031704
0.046362877
-0.091379166
-0.80053616
-0.85308313
0.04391098
0.045519352
0.2426238
-0.046210766
-0.03517723
-0.0919199
-0.116910934
0.020719528
0.014085293
0.056383133
0.16668749
0.09059429
0.21907854
0.010955334
-0.16262484
0.020507812
0.13058281
0.021812916
-0.20779133
-0.45684862
-1.3923512
-1.8116679
-1.1882863
-1.1508651
-2.020937
-1.1771479
-1.2266746
-1.3493214
0.38932705
-0.08398628
0.057443142
-1.6300998
-3.047254
-2.42593
-2.5283437
-1.7317901
-1.8481178
-1.3249245
-0.22477531
0.05518675
-0.1851139
0.24709749
-0.027259827
-0.045274734
-0.6658883
-0.80690193
-1.350153
-0.7712798
-1.5638485
-1.8385429
-1.7097545
-1.1100669
-2.3982186
-2.312254
-1.6163483
-0.46809387
-0.6526165
-1.0538754
0.026023388
-0.3004551
-0.62571
-1.3362875
-0.9130559
-1.0338526
-1.4991584
-1.3826184
0.9952841
1.543668
0.06572819
0.18357944
0.05039978
-0.07784748
0.644917
-1.4727855
-1.6524358
-0.16553259
-1.3497553
-1.1610079
-1.0742836
-1.0709472
-0.871088
-0.40719938
-0.18292475
-1.0092564
-0.23314095
-0.016063213
0.023758411
-0.025419235
0.08209324
-0.4595132
-0.15586233
-0.6510091
-0.6603241
-1.3768387
-0.512342
0.88153505
-1.1914992
-0.050245285
0.06257582
0.022812366
1.7238312
0.9037876
-0.58221626
-0.023395538
0.048529625
-0.28997278
-0.13007641
-0.4390707
-0.31025505
-0.04223728
0.14674139
0.2270422
0.045244217
-0.2893834
0.014974117
0.05966997
0.20823193
0.024878025
0.29424715
-0.10466194
0.44113588
-0.7232995
0.7101426
0.8872628
0.68650293
-1.2652435
-0.12737513
-0.020459652
0.12447119
0.7960782
-0.03861904
0.93704844
0.18010902
-0.021651745
0.13986301
-0.27513218
-0.5164523
0.20329666
-0.086565495
-0.024704456
0.21149397
-0.10249519
0.08638525
-0.057391167
-0.018704414
-0.072496414
-0.01360178
-0.22064734
0.31875277
-0.013502121
0.11668444
0.054633617
-1.3418779
-1.5882998
-0.025948048
0.5158992
0.5573549
1.1059549
-0.5434189
-0.03649664
0.49687147
-0.16964817
0.19835329
0.69676447
0.48553896
0.4341216
0.102844715
-0.1841054
-0.23459864
0.34652615
0.50753784
0.24126339
0.621542
0.4073739
0.31758022
0.45934534
-0.07145882
-0.014181614
-0.13942337
-0.5425191
0.65707684
-0.5975294
0.004266262
0.87214136
0.6988721
1.1522918
0.08454609
-0.10323334
0.5322318
0.07835245
0.2071538
0.36374807
0.33955193
0.20233297
-0.17690659
-0.5845814
-0.15445232
0.3782277
0.48126888
0.39186525
0.23084974
0.2509513
0.6477003
0.28481197
0.18442059
0.26146793
-0.13739061
0.5259609
0.9523692
-1.0874271
-1.5870862
-0.057619095
0.48712063
0.0054688454
0.51169586
-0.1315198
0.1519351
0.33676434
0.28773022
0.2213974
0.2860198
0.12190485
-0.4328804
-0.17945242
0.29591608
0.13489103
0.20679426
0.37641335
0.7904868
0.55276394
0.23235369
0.20886946
0.4873538
0.11235762
0.18655634
0.7750015
0.69735
-0.27670527
0.7102976
1.3009782
0.73975086
0.38910484
0.441679
0.4840951
0.6312947
0.43007803
0.15156269
0.37367153
0.12378168
-0.18151474
-0.25932312
0.034481525
-0.13036776
0.11669588
0.4417615
0.64105034
0.51716423
0.4222808
0.44177103
0.09049177
0.62454367
0.20511675
-0.21318197
0.2683859
0.33786774
0.8978915
0.56869364
0.38301754
1.017344
0.54671764
-0.2148943
0.36731815
0.46815777
0.060999393
0.13951778
-0.065428734
0.10919809
0.17787886
0.23044968
-0.23037577
-0.069541454
0.14673853
0.56086683
0.5548396
0.4692526
0.8116169
0.40710115
0.40363216
0.53567696
0.17849255
-0.5243387
0.49805546
0.15162134
1.5600698
0.24926615
-0.7209344
0.94761276
1.1413505
0.1718378
0.28531218
0.115534306
-0.13894892
0.019362926
-0.09933281
0.22648907
0.04444027
0.18943596
-0.040783405
0.30563927
0.62114096
0.29251575
0.58180714
0.43957233
0.08142328
0.6728201
0.09464216
0.44914198
0.035800457
-0.43786573
0.00543499
0.025867462
0.83245087
-0.17539024
-0.10762882
1.1114438
0.6068821
0.53073406
0.25194407
-0.21546268
-0.40069008
-0.18585777
-0.36843538
0.24761963
0.3304124
-0.41853857
-0.53597736
0.34962988
0.41097736
0.16177225
0.121585846
-0.101067066
0.14054012
-0.03359127
-0.4159422
0.055327415
-0.41300488
-0.33293486
1.2362959
1.6495335
1.1784034
-0.35408068
-0.74197817
0.687315
0.5648413
0.41518593
-0.54817295
-0.5775733
-0.6483879
-0.56546545
0.3757472
0.5603876
-0.016201496
-0.5880475
-0.17896175
-0.0032753944
0.05932665
-0.07801199
-0.18274832
-0.005810261
-0.0039482117
0.2278533
-0.03010559
-0.6726947
-0.9466524
-0.10541248
1.2005255
1.8803895
0.8855276
-1.062182
0.2158432
-0.4765663
0.004460335
0.17630386
-0.7444501
-0.4199891
-0.18360662
-0.085514545
-0.09328461
0.2213955
-0.31725788
-0.19846535
0.0020356178
-0.18304777
-0.10480404
-0.14977407
-0.055025578
0.10894871
-0.13579607
-0.049510002
-0.16854715
-0.2724781
-0.43431473
-0.9921646
0.4294486
1.9871378
0.74252653
-1.1759667
0.47303963
-1.0624409
-0.41685104
0.39839935
-0.09946203
-0.02997446
-0.38758707
-0.21094465
-0.06541109
0.18051577
-0.09215593
-0.13832998
0.1902957
0.015405178
-0.11615896
-0.077400684
0.11918497
0.03474188
-0.1333332
0.02564907
-0.23040676
0.12459278
-0.4678998
-0.49741745
-1.3165088
1.8176136
0.6029477
0.93855286
0.8088999
-0.07527113
0.17063427
0.7327404
-0.10720539
0.10895538
0.08987141
0.009319305
-0.0017704964
0.053676605
-0.5204401
-0.22029495
-0.2552619
-0.06527519
-0.035089493
0.18586493
0.13113165
0.10849142
0.16484833
-0.12626266
-0.1816144
-0.16382647
-0.027867794
-0.35714722
-1.1591935
1.2251041
0.90114784
-0.058955193
1.045829
0.04193878
0.47384644
0.6398845
0.022799015
0.17914438
0.12070227
0.12903547
-0.015654564
0.37500477
0.2866645
-0.20633936
-0.03339815
0.039048195
-0.042897224
-0.10422182
-0.011182785
-0.16526222
0.1315608
-0.3477335
-0.27446747
-0.2596302
-0.46344948
-0.13765478
-0.3297367
1.6779346
0.8193145
0.58577394
0.81853485
1.008203
0.55566835
-0.1130991
0.20393705
0.1943121
-0.14980555
-0.14429426
-0.22766829
0.044790268
0.05894661
0.40238857
-0.0069966316
-0.13515949
0.12552977
-0.046848297
-0.14468288
-0.013177395
0.0034952164
-0.08230114
0.12537146
-0.2867527
-0.49376774
-0.08722639
-0.5000596
1.206985
0.6901531
-0.0045261383
0.38272905
0.36790657
0.4771552
-0.17795897
0.13072062
0.103307724
0.06577015
0.052589893
-0.0012969971
-0.040755272
0.5237756
0.37852287
-0.005232334
-0.05601549
-0.06917286
0.24478292
0.16865253
0.21819353
-0.021712303
-0.25096607
-0.2996335
-0.28528833
-0.29696035
-0.07927179
0.42905283
1.8771589
0.712595
0.03097868
-0.6066685
0.08783531
0.17060757
0.13883781
0.05162716
0.38845873
-0.24436522
-0.13674545
-0.30387068
-0.4241681
-0.35685396
-0.25034237
0.16378498
0.2003212
0.31149292
0.009328365
0.055140972
0.12882996
0.1085453
-0.19468498
-0.20702457
-0.2189784
-0.007857323
0.31042194
-0.15970182
1.1224022
-0.13080597
0.22450733
0.32700253
0.71061563
-0.6368027
-0.49860573
-0.42385626
0.22147703
-0.22945309
-0.18641758
-0.45390987
-0.48161507
-0.37369776
-0.36321878
-0.2479763
0.257349
0.16789865
-0.13658953
0.117256165
-0.1432581
-0.017346382
-0.16644764
0.030168056
-0.33253098
-0.5472059
0.3319831
-0.19397354
-0.69048977
-0.10311127
0.061717987
0.13573885
0.31100368
-0.8519778
-0.4564767
0.020727158
0.20481873
0.2230053
0.0693655
-0.27066565
-0.08296299
-0.19915485
-0.11662245
-0.29204226
0.0485425
-0.20471907
0.09027052
0.22677898
0.059121132
-0.12956715
0.050198555
-0.2974515
0.077115536
0.09285259
0.77453566
0.26082087
-1.1969543
-0.17285681
-0.14489174
-0.19978857
-0.11706066
-0.7060642
-0.40428257
-0.2611947
-0.0775404
0.26660204
-0.041324615
0.10376358
0.05347824
0.30753136
0.1063261
0.17424726
0.09014416
0.2713642
0.20819378
0.32346153
0.40471172
0.36310482
0.15471697
0.19005394
0.14694834
0.10548067
0.8414779
0.0017728806
0.18159676
0.06530857
0.14323139
0.16505814
-0.37176466
0.021021366
1.0516522
-0.0148591995
0.4813652
0.1589117
0.53069973
0.1492672
0.4235797
0.4895563
0.20731497
0.69659376
0.45475435
0.5750966
0.050448895
0.42456675
-0.13567257
-0.068341255
0.48167372
0.92841244
0.23195839
0.219275
0.89206076
0.21147585
0.012080193
-0.26049614
0.12724161
-0.11843586
0.047920704
-0.7782817
0.26680756
1.5118692
0.7553625
0.6441469
1.4522121
0.9353337
0.8434253
0.6834545
1.0567665
0.763803
0.56036854
0.52405405
0.34631968
0.44720364
0.49507046
0.24069357
0.32295275
0.13856792
-0.3506813
-0.7469053
-0.077382565
-0.36236048
0.080965996
-0.028337479
0.027134418
-0.09316158
0.014629841
-0.23730278
-0.40115023
1.1647153
0.8494024
0.6059451
0.7557087
1.019254
1.0773752
0.6852269
0.068603516
0.63525105
1.3319848
0.7300582
1.1424925
0.9806323
0.5406685
0.5965977
0.9769223
0.92861366
0.7054262
0.59007597
0.6604214
-0.09385252
0.04233837
-0.21201229
-0.11267567
-0.026233196
0.07321882
0.1138401
0.14854097
-0.23101568
-0.22988987
-0.13243246
0.09434843
0.51187134
0.9915819
0.42375755
0.042387486
0.58890104
1.0521483
0.4185276
0.21745825
-0.18143797
0.08182573
0.50674677
0.49154425
0.6859002
0.58070946
0.65936947
-0.11677313
0.010195732
-0.051928997
-0.088639736
