360
250
66
69
586
70
278
68
195
359
67
71
166
332
434
775
331
433
222
516
745
736
249
462
37
48
616
90
588
64
489
77
443
194
517
490
488
50
620
78
361
122
558
358
464
142
737
487
695
735
51
223
120
47
251
36
128
436
435
405
38
479
542
480
303
147
463
742
35
75
432
770
739
689
667
389
584
507
144
406
407
364
159
100
229
313
622
161
461
491
617
738
518
341
13
191
253
417
245
129
138
751
608
139
188
146
160
76
60
509
65
410
72
760
459
387
551
277
441
513
34
746
8
357
594
601
365
710
164
408
207
107
113
104
259
639
532
131
217
132
652
514
87
218
102
225
330
182
119
783
715
548
714
193
273
510
437
445
547
515
683
208
163
127
157
654
426
126
301
373
553
771
91
587
630
706
61
21
442
200
52
767
17
549
460
550
121
237
298
655
409
333
414
458
230
625
329
772
49
5
537
559
598
757
23
763
530
575
275
605
471
569
3
73
302
214
10
541
101
130
412
374
758
476
727
54
12
227
454
744
552
492
713
644
232
628
519
524
556
707
205
413
82
141
682
631
175
372
653
62
666
431
2
112
543
165
680
577
619
728
27
108
672
236
661
211
759
46
221
103
83
258
269
57
213
316
481
645
596
422
219
18
635
234
209
508
578
621
29
700
28
124
638
123
187
658
592
411
536
624
451
526
212
609
730
58
623
235
150
486
26
429
400
19
252
185
262
629
203
356
263
93
24
280
755
525
272
520
204
634
125
472
151
231
346
340
684
712
321
89
192
576
22
152
470
427
176
692
153
260
482
595
324
354
326
599
538
25
156
568
242
31
597
154
155
343
246
388
7
602
540
345
288
16
99
485
393
753
627
708
186
274
53
546
4
296
732
690
111
264
681
196
455
782
606
216
215
500
659
179
560
401
762
210
63
271
386
428
535
325
554
323
255
544
202
15
581
206
201
582
74
0
404
180
781
465
33
158
430
685
522
189
673
291
545
145
322
84
570
717
506
20
320
632
286
167
774
270
315
456
174
314
636
55
181
610
701
725
1
300
85
466
579
686
600
611
297
671
499
30
362
448
348
117
244
32
688
233
478
756
257
382
295
14
254
607
562
319
452
289
226
148
228
240
308
86
241
267
59
114
726
604
748
752
268
698
170
640
350
115
336
285
702
776
651
419
734
390
198
366
368
143
391
503
614
199
502
612
504
733
475
338
81
447
697
171
531
80
282
418
446
