0.011228085
0.054570198
-0.13932848
-0.17526293
0.0026359558
-0.034807682
0.2432146
0.046041965
-0.08622408
0.22059727
0.0060715675
0.23769808
-0.7183876
-0.33022213
0.1620493
0.2965803
-0.0774107
-0.031941414
0.24916029
-0.052074432
-0.07442522
-0.05316925
0.10502386
0.18221045
-0.019823551
0.011981487
-0.040703773
-0.040887833
-0.17880154
-0.13921356
-0.10470486
0.11534548
0.076952934
-0.12323618
-0.5949607
-0.6131482
-0.68428373
-0.64036703
-0.6544876
0.9733434
1.0131321
0.5266061
-0.35333443
-0.49601984
0.31439447
-0.13600111
-0.98040485
-0.40106058
-0.73665
-0.6602354
-0.74295187
-0.5154109
-0.2403593
0.06224966
0.08192968
-0.012441158
0.03023243
-0.0039000511
-0.1300106
0.5225487
-0.30264091
-0.11472559
-0.116555214
-0.33182478
-0.99655485
-1.6279755
-1.6042819
-2.3324313
-1.6971073
-1.8416262
-1.885571
-2.9090743
-1.9259453
-1.3468599
-1.5058022
-1.6898737
-1.587986
-0.5709944
-0.8594723
-0.89427185
0.07010889
0.12038803
-0.23978329
0.1272068
0.043694496
0.10868263
-0.69839287
-0.34792137
-0.42885685
-0.3310895
-1.144784
-0.975451
-1.168973
-1.4952865
-1.2604055
-0.571424
-1.598011
-1.3383737
-0.6223669
-0.41193676
-0.45472908
0.008505344
0.13038015
0.2649827
-0.43839693
0.5191374
0.93466854
0.2744913
-0.3507309
0.040412426
-0.15034533
0.16309547
0.10898399
-0.34827614
-1.2697453
-0.55451155
0.07031584
-1.4047232
-0.991405
-0.3775897
-0.5933585
-0.17246866
-0.8770814
-0.18337965
-0.22840023
-0.45329094
-0.23780107
-0.23078728
-0.3094635
0.24954367
0.078653336
-0.19629574
0.19342566
0.058869362
0.46956253
1.0145764
0.89888287
1.0221663
-0.5737376
-0.39397478
0.1875987
-0.17755604
-1.8435197
-1.3636718
-1.0020628
-1.1307349
-0.45882368
-0.31067085
0.5639739
0.04544401
0.27677393
0.09006691
0.03890276
-0.059304237
-0.0815177
-0.3462243
-0.21011066
0.31672764
-0.12159634
-0.15175104
0.06757736
-0.41304302
-0.45709133
-0.16717672
-0.086573124
1.2129378
-0.77213
-0.4538679
0.29162025
-0.51151276
-0.28698826
-0.5241766
-0.21067286
0.06512165
0.16374254
0.2430191
0.20132494
0.19894981
-0.01830101
0.08662319
-0.11930132
-0.0593853
-0.029940605
0.31218767
0.17527199
0.27687025
0.059176445
0.09655142
0.12514114
0.25054502
-0.03200054
0.31095314
-0.028858185
-0.07023382
-0.41933537
-0.65548897
0.2915635
-1.1118436
0.41667223
-0.55719805
-0.4409747
-0.06672621
0.31917763
0.06256199
0.2950983
0.3539214
0.2292366
0.26825523
-0.079698086
-0.41335106
0.006438732
0.16660166
0.1850357
0.29404593
0.08335829
-0.07418585
-0.20706224
-0.0027365685
0.24972153
0.17128849
0.90528965
0.5979638
-0.6028595
-1.0198946
-0.08109951
-0.7915163
0.015648842
-0.42264223
-0.8537059
-0.3036685
0.06580448
-0.00800848
0.42768908
0.31737137
-0.011032581
0.050460815
-0.10770941
0.030548573
-0.16332054
0.08193779
0.347641
0.023069382
0.22442532
0.025993824
0.05297661
0.2246108
-0.29009485
0.71110535
0.86598015
0.13315392
-0.84793663
-1.0031161
0.34032345
-0.22514343
-0.24507475
-0.6082988
-0.74777794
0.68334055
0.4412899
-0.30131006
-0.2106595
0.13983393
0.33852243
0.37861776
-0.11350393
-0.28352833
0.11769724
-0.41685104
0.035777092
0.18363047
0.45444345
0.48415947
0.42645502
0.016727448
0.122945786
0.2834077
0.4528265
-0.8734431
-1.0431938
-0.10607338
0.16628313
-0.114188194
0.25561237
-0.16338873
0.23009491
0.69789076
0.38057518
0.4647274
0.47311068
0.49920416
0.29073572
0.395082
0.19826984
0.033929825
0.17704248
-0.018517017
-0.08771372
0.31505775
0.5633564
0.6111288
0.8845887
0.45365906
0.4697008
0.4980092
0.1921196
-0.6945305
-0.7020221
0.17281246
0.18067455
0.3764043
0.16814947
0.13441467
0.26594782
0.41870356
0.62494516
0.4838729
0.521502
0.47659492
0.51714325
0.15919876
-0.05955124
-0.06480265
0.29431725
0.092484
0.08545399
0.19413424
0.31022453
0.31626034
0.65765
0.92275
0.8596697
0.26419878
0.028460503
-0.835021
-0.8037615
-0.8681102
0.08417511
0.15284681
0.80182076
0.64732456
0.536808
0.6359167
0.40321112
0.082594395
0.36225843
0.19886494
0.23097467
0.22492075
0.22671747
-0.02286625
0.58235455
0.030444622
-0.05868578
0.28750896
0.19002676
0.59811544
0.7032461
0.7523694
1.0548749
0.84291315
0.4968915
-0.38413477
-0.57586527
-0.7466459
-0.8757305
0.16355944
0.3517866
0.54951143
1.3580699
0.7444358
0.2500019
0.21194696
-0.21529722
-0.09191847
0.32159853
0.6686907
0.0029511452
0.23188162
0.4482894
0.12027788
-0.06703186
-0.23576736
0.23132372
0.64951086
-0.0021739006
0.24252558
0.6643915
0.73235226
0.3818884
-0.019459724
0.20711851
0.2539692
-0.3023262
-0.18599272
0.6197524
0.68617773
0.3326645
0.60268545
0.7233968
0.426713
0.20840931
0.3330903
0.78292704
0.35189486
0.07108307
0.1456461
0.38170385
0.31102276
-0.34571314
0.18811464
0.34039593
0.2773857
0.33588696
0.027410984
0.41702604
0.4135332
0.6597667
0.5763879
0.56996393
1.0493035
0.028365135
-0.63798285
-1.2152524
0.60856485
0.85301924
0.50520706
0.03244877
0.36865473
0.4961095
0.4857478
0.36120653
-0.30360174
-0.28482485
0.21793985
0.715003
0.20761108
-0.2670169
0.37554502
0.40805817
0.4442997
0.2691226
0.19487238
0.17492104
0.3675151
0.512105
0.5073619
0.6185322
-0.11395979
0.2646556
-0.50234985
-1.3987665
-0.09049845
0.7080264
0.35863876
0.5255103
0.92262936
0.7852397
0.10275221
-0.13116932
-0.21491003
-0.12242651
0.41495848
0.7372446
-0.12019682
0.16620922
0.7636223
0.3589015
0.04073906
0.19008207
0.15357208
0.19054556
0.51095486
-0.16519308
-0.11690569
-0.21373749
0.24396896
-0.09098196
-1.1311011
-0.027689457
-0.24590635
0.4064145
0.8346162
0.80813074
0.72582865
0.73032856
0.69952726
0.3924651
0.27631664
0.2057848
0.1191802
0.39482975
-0.008422852
0.42463493
0.65089417
0.37547445
-0.04422331
0.26187468
0.021942616
0.03447056
0.005501747
0.777225
0.47563314
0.29455042
0.8956585
0.4002819
-1.1086907
0.09446859
-0.5745411
0.12154436
0.70775175
0.676723
0.3948331
0.540153
0.30951118
0.60057735
0.58161163
0.2757826
0.10103369
0.114391804
-0.03938198
0.130445
0.31210232
0.022521973
-0.05911398
-0.05774021
-0.23221636
0.06285429
0.23367882
0.34947157
-1.0566897
-0.2430768
-1.5215783
-0.51204586
1.4128742
0.74570894
-0.12920904
0.05004263
0.9009795
0.37942505
-0.055053234
0.10560846
-0.21617031
-0.15669775
-0.28957367
-0.052232265
0.2600999
-0.024456978
0.043720722
-0.19000006
-0.11211014
-0.17884207
0.2273984
-0.09480238
0.060945988
0.02101612
-0.06698465
-0.26244545
-1.4358177
-0.9550867
-1.5702119
0.0033011436
1.259831
0.7452307
-0.34998512
0.45508432
1.0889735
-0.10977554
-0.29036093
-0.494215
-0.46332788
-0.5274601
-0.43464994
-0.5411358
0.066551685
0.38750935
0.22574663
-0.3455677
-0.37718868
-0.59648705
-0.36128235
-0.44789505
-0.1927247
-0.39658642
-0.1337676
0.024126053
-0.30834723
-0.92806625
-0.29839897
-1.055048
-0.30697346
-1.074358
-0.91949797
-0.28296995
-0.049582005
-0.42907858
-0.2905898
-0.14307785
-0.15471077
-0.3384943
-0.21101618
-0.1215148
-0.12261534
0.43085766
0.15266514
-0.037771225
-0.3319745
-0.36045837
-0.6149516
-0.4719019
-0.44858027
-0.47963524
-0.317698
0.35456657
-0.861639
0.62028646
0.3582363
-0.8116307
-0.73390913
-0.7223687
-0.5215063
-0.6965265
-1.1847992
-0.2947507
-0.0881114
-0.14266205
-0.20758581
0.036020756
0.26765394
0.5159421
0.013088226
-0.05613184
0.40435886
-0.044136047
-0.34109402
-0.32684422
-0.5565543
-0.51121664
-0.44137192
0.09588623
0.028759956
0.28711987
0.034626007
-1.2323775
0.61912155
0.047843933
-0.22423172
-1.0388689
0.3944354
-0.6039376
-0.7174754
-0.13774014
-0.12185049
0.14430809
-0.17658281
-0.050054073
0.13757706
-0.0639019
0.021534443
-0.28202343
-0.023657799
-0.04608488
0.018739223
-0.26152325
-0.37441874
0.09118891
0.050469875
0.5163274
0.10032177
0.5461979
0.2010951
-2.0273871
-0.14828205
0.13629532
-0.049852848
-0.1246953
-0.22647524
-0.20005608
0.1698556
-0.50730467
-0.024743557
0.36427116
-0.14778757
0.19940042
0.13473034
0.12194729
0.049269676
-0.19092369
-0.117640495
-0.042734623
0.126822
0.20351028
0.013738155
0.23978758
-0.10286713
0.7873249
-0.015368462
-0.19609785
0.09756756
-0.79352474
0.18544054
0.060521126
-0.2236948
-0.49502182
0.47149372
0.21440649
0.2542529
-0.13044882
-0.43923903
-0.37086535
-0.096307755
0.39033985
0.3598442
-0.07955885
0.42512465
0.33918047
0.391387
0.51168394
0.42910385
0.38948107
0.113992214
0.18676424
0.48669338
0.17077875
-0.27073765
-0.5726347
0.12163544
-0.33859587
0.12364817
-0.058192253
0.0010352135
-0.14197588
0.18292189
0.4496231
0.55967426
0.98072433
0.027212143
-0.042919636
0.084722996
0.17209196
-0.23307562
0.17762518
0.10032606
0.3899231
-0.1668787
-0.07419872
-0.07016611
-0.024554253
-0.20332003
0.14863777
-0.025709152
0.79428625
0.691998
0.50958395
-0.38430643
0.07247925
-0.06381035
0.19537449
-0.239892
-0.22670269
0.10431242
-0.36165762
-0.48205137
-0.031864643
0.2135768
-0.01738739
-0.32572842
-0.2854576
-0.4490285
-0.16587257
-0.24371862
-0.013903141
0.0015311241
-0.15865993
0.18971682
0.8277588
-0.1622715
0.79256487
0.12999153
0.68321943
-0.07224417
0.14521456
0.0063729286
-0.14305067
-0.18162394
