529
142
564
535
347
668
182
624
225
321
320
438
616
233
152
238
89
621
212
344
181
702
218
718
757
537
265
56
25
766
236
267
654
375
623
16
120
524
371
263
234
553
185
279
345
239
184
439
399
272
507
240
353
178
207
728
271
682
744
292
479
661
245
264
749
203
431
208
206
402
715
287
141
730
657
266
471
235
551
651
554
404
319
539
522
626
268
183
291
541
204
378
523
145
411
288
510
658
436
457
231
545
29
708
290
711
84
560
348
55
672
492
289
406
440
428
324
614
230
458
307
519
237
273
205
688
374
683
259
377
17
673
186
270
680
349
555
179
759
687
576
521
18
343
748
350
693
241
425
4
396
147
187
606
467
460
373
346
176
706
214
429
424
229
22
700
509
315
216
713
746
456
302
151
286
24
490
400
401
372
384
656
7
269
114
528
172
210
542
26
300
494
772
31
215
385
604
322
525
495
383
677
83
177
258
491
354
463
217
255
685
655
527
412
550
376
323
478
301
244
243
712
660
232
356
549
295
695
442
14
435
684
632
174
480
489
738
488
454
326
175
146
775
452
659
531
631
686
202
455
15
327
297
253
148
331
562
577
296
298
464
633
745
605
132
299
325
340
228
559
578
584
170
80
81
355
282
752
144
770
506
735
199
737
705
338
388
171
474
254
200
771
742
257
448
736
447
502
733
391
390
361
329
501
328
503
751
697
389
417
226
734
330
530
475
358
198
419
446
586
558
360
418
