313
135
66
285
281
105
103
359
358
419
341
417
68
252
136
107
751
360
750
287
389
590
774
198
725
308
77
106
309
387
69
288
330
530
386
263
67
591
722
161
62
133
253
703
340
357
104
226
297
65
775
247
329
101
312
777
286
257
563
280
776
477
449
314
203
258
63
301
505
191
504
296
290
592
225
324
331
564
273
291
778
218
302
299
762
175
134
535
315
450
13
271
503
132
205
229
35
594
167
219
40
642
761
59
83
37
763
502
396
264
317
391
298
53
421
597
166
618
566
196
755
721
567
232
292
627
111
325
204
569
10
289
21
17
692
691
9
200
639
425
48
38
19
697
245
195
595
756
561
316
352
568
442
336
102
596
18
589
3
206
760
202
328
269
318
582
30
39
687
500
355
300
558
611
780
23
139
272
532
78
11
690
670
610
694
342
323
667
49
580
525
262
668
507
231
554
583
607
578
624
351
560
32
570
41
552
699
636
565
339
110
140
36
337
34
25
112
403
460
260
270
598
629
420
631
573
781
361
393
5
581
411
50
553
437
8
70
392
625
495
600
646
326
523
626
295
601
129
727
422
47
614
609
599
467
536
383
397
576
669
6
575
168
664
665
550
424
438
571
20
628
224
764
524
2
549
274
242
429
476
638
630
464
635
657
275
579
572
632
73
498
26
658
603
656
458
606
430
526
448
459
520
555
593
439
759
368
475
671
254
608
463
577
621
61
369
201
27
527
602
521
233
364
584
492
623
426
548
574
522
382
604
469
466
15
353
491
431
410
215
622
562
661
585
666
304
24
660
146
556
659
672
547
55
551
428
734
779
478
587
615
261
758
60
29
468
412
662
663
633
174
493
436
190
435
88
33
440
246
451
655
85
729
490
494
398
164
673
384
674
327
332
613
559
303
58
643
375
645
157
414
100
605
408
57
461
496
617
402
538
757
644
497
390
616
401
701
619
457
407
423
84
236
634
754
379
637
427
404
715
506
465
189
268
546
519
730
413
367
728
235
773
81
586
234
365
736
187
230
28
641
409
141
338
12
259
612
686
783
683
214
700
4
228
52
539
244
698
109
322
501
385
227
693
537
284
441
173
452
528
716
307
354
416
588
147
489
211
542
170
415
680
207
399
432
241
199
508
131
265
185
381
82
462
31
518
688
453
7
640
510
356
22
213
240
654
545
54
99
373
319
380
238
509
543
782
0
540
769
163
433
16
294
737
732
310
188
192
488
87
534
711
733
752
162
366
395
128
293
557
400
176
243
735
160
194
1
541
487
178
155
480
685
51
681
653
714
684
113
344
159
434
177
726
765
456
217
720
652
717
80
154
772
511
276
544
345
650
479
470
56
444
677
695
220
753
689
713
405
739
651
158
216
704
418
454
649
455
712
148
388
179
678
682
749
86
266
126
499
718
208
376
394
239
719
372
149
279
533
14
209
237
675
137
517
679
742
620
481
445
647
696
483
46
64
250
486
702
747
98
183
138
485
709
710
156
482
180
76
212
311
531
278
108
267
370
723
374
743
745
512
182
748
124
447
45
484
343
349
93
746
514
676
744
153
186
731
771
348
443
738
516
378
74
75
515
770
282
406
350
116
79
513
184
223
347
222
741
142
121
321
740
706
127
145
471
150
210
766
119
371
724
705
120
248
256
346
377
707
708
118
125
152
181
71
172
767
648
97
122
117
151
529
768
320
42
169
90
143
446
72
472
130
114
363
94
115
255
91
333
306
123
165
277
89
92
362
171
193
144
95
335
251
43
249
334
197
44
305
474
221
283
96
473
