69
266
355
255
73
120
70
750
712
117
103
5
478
144
171
102
256
717
614
46
87
392
64
76
730
358
79
726
33
48
84
759
116
755
172
642
110
674
41
12
63
104
101
563
643
173
2
21
53
763
391
530
20
27
182
398
90
100
489
77
181
105
32
45
737
741
312
78
99
395
367
49
92
336
294
738
34
586
179
764
716
719
397
71
330
96
434
518
503
688
415
583
735
383
438
748
696
426
127
128
58
250
313
234
565
533
453
740
772
98
444
515
126
473
224
621
701
485
439
739
25
765
450
97
622
760
466
47
486
443
493
675
736
470
501
781
169
768
613
293
562
400
306
177
558
316
502
557
322
372
68
