444
633
997
188
832
693
859
376
84
800
175
790
956
161
703
760
741
874
789
119
744
683
107
172
817
993
328
197
517
945
640
1021
818
195
374
203
98
351
944
671
310
441
191
187
821
1014
247
353
477
397
914
341
66
878
814
296
540
17
734
58
315
243
391
897
650
112
905
837
309
681
80
237
498
319
275
267
807
229
714
865
811
178
475
228
420
808
1011
289
57
952
428
868
1015
1022
13
31
544
283
408
219
16
998
392
889
779
860
819
360
298
574
144
820
582
713
778
747
882
836
578
679
775
464
1012
712
206
207
791
1013
361
314
251
445
503
293
535
241
176
377
48
388
236
1000
556
426
911
776
589
912
695
342
851
661
209
417
883
1004
579
409
559
996
758
881
250
282
260
575
330
261
427
1005
363
262
745
329
726
393
612
448
694
208
577
242
364
913
746
362
545
422
627
177
516
590
549
662
727
626
759
429
548
500
850
849
576
581
846
502
879
848
880
557
295
501
580
629
566
593
528
394
497
847
608
527
430
396
628
526
558
395
496
597
534
595
494
531
463
565
533
530
495
561
529
594
563
596
532
462
564
562
