466
530
498
562
363
529
434
561
364
594
399
626
367
362
394
467
366
497
365
395
465
400
331
332
661
396
593
333
435
433
716
405
437
372
373
658
428
398
334
397
436
427
330
684
432
404
531
659
431
499
301
693
847
468
528
560
819
403
850
715
625
300
368
660
335
469
340
820
851
974
406
302
1005
846
426
329
749
361
714
341
1006
845
342
848
849
683
581
402
299
304
682
563
374
500
810
809
879
748
942
662
1004
473
390
746
389
977
438
844
882
306
401
429
613
501
759
1009
504
744
303
878
816
777
776
315
717
441
422
945
1010
818
343
311
781
307
527
865
614
694
678
713
910
814
472
421
310
298
808
357
536
16
782
49
