43
82
140
573
241
683
246
98
570
598
378
274
672
157
659
23
551
9
231
714
217
406
487
275
497
72
376
57
514
616
553
442
520
465
483
468
688
781
504
355
535
432
324
486
245
550
691
178
480
414
112
400
27
260
541
516
597
3
151
348
764
263
313
401
181
543
350
624
499
676
384
484
367
375
158
156
402
298
522
682
291
641
396
364
289
75
395
571
311
488
103
716
625
776
617
762
545
680
288
711
346
719
230
685
679
544
737
113
379
715
770
542
295
485
319
686
739
164
460
775
523
721
443
90
279
677
539
767
108
317
294
710
338
191
768
292
588
290
567
71
287
779
392
307
532
580
351
706
753
347
581
12
744
280
747
252
293
78
37
339
40
251
421
585
273
777
315
363
342
337
322
333
220
712
765
133
766
323
760
449
750
610
110
138
173
312
718
104
145
192
708
420
320
778
343
310
197
772
341
321
713
247
393
318
219
742
41
369
105
587
674
366
675
505
738
284
745
222
746
717
371
743
477
422
221
88
137
707
106
741
723
533
107
42
724
709
193
722
335
761
250
194
534
670
394
703
642
304
773
253
249
136
281
305
769
306
278
362
248
276
277
334
