529
561
497
593
465
462
433
625
622
341
683
682
364
363
650
394
430
496
340
560
395
464
715
494
374
373
528
436
626
590
468
530
651
463
654
434
562
466
342
653
498
467
437
402
714
716
307
429
332
308
658
372
594
592
726
469
591
331
499
495
396
652
684
1015
362
435
309
426
333
500
432
397
558
406
531
401
623
1012
504
404
405
431
315
914
943
365
694
573
763
748
526
808
403
1011
1007
979
727
627
347
559
445
339
841
1014
888
624
473
300
283
628
911
421
425
807
1013
1005
851
850
541
542
236
375
746
869
276
204
946
1020
563
446
681
242
947
301
980
882
809
685
1016
574
700
247
527
974
902
116
890
18
606
775
883
659
390
731
330
393
237
747
912
346
794
407
329
872
230
713
839
477
115
1006
806
820
874
316
856
858
485
605
709
261
613
1001
189
764
248
889
139
72
177
759
732
98
34
17
453
63
158
543
67
795
1021
252
299
575
113
472
881
774
510
965
147
122
879
49
996
275
389
988
210
870
205
1004
15
580
104
516
84
16
915
484
644
536
38
776
773
838
221
796
112
657
357
48
80
47
1023
983
422
260
190
253
956
40
478
1022
71
913
476
103
857
217
934
678
922
159
517
975
130
259
942
355
892
314
380
717
161
371
144
781
828
479
637
633
419
191
792
85
671
233
83
222
963
501
95
88
969
997
291
440
903
668
96
279
661
73
873
324
194
826
58
356
859
906
455
508
777
203
284
994
81
55
842
505
90
250
229
102
35
65
319
901
768
290
127
325
220
321
198
287
641
693
184
70
735
923
197
162
749
545
673
251
880
379
1010
134
643
710
962
25
804
801
153
706
837
511
907
742
57
351
708
146
383
268
704
288
672
705
137
607
223
976
129
138
74
292
154
989
20
819
865
235
945
107
778
171
954
638
509
475
447
868
548
269
674
219
123
352
214
871
293
884
925
384
135
910
827
156
891
854
118
256
670
39
385
121
852
823
125
187
936
707
595
12
56
990
825
99
981
66
618
569
119
525
758
378
411
964
737
762
904
791
640
507
544
41
772
642
832
192
160
448
350
193
897
867
228
8
973
824
703
157
608
31
935
131
767
930
64
423
148
924
896
414
895
927
361
108
547
929
745
225
298
188
451
186
97
183
68
33
427
206
353
452
149
320
211
141
9
636
418
82
646
168
178
576
900
428
957
960
952
578
21
928
438
224
176
136
32
323
695
515
36
317
821
833
75
847
898
744
610
199
612
354
443
800
89
13
128
933
514
984
126
106
734
277
101
124
244
318
238
899
105
864
258
675
760
140
937
257
730
992
993
2
860
540
609
52
572
91
848
866
92
398
991
769
243
152
413
132
450
416
391
266
667
738
232
546
46
639
417
702
846
254
289
117
87
679
302
840
916
78
512
77
44
482
79
267
151
829
813
480
322
995
799
699
736
779
698
69
328
955
166
285
780
581
770
120
926
805
145
218
454
834
999
655
280
740
1008
932
803
831
611
849
878
958
26
313
175
961
481
42
802
164
173
209
62
37
810
861
449
676
196
255
441
53
649
226
822
836
931
109
86
577
549
310
212
415
894
1017
412
165
50
76
386
537
959
741
59
875
629
207
1
978
155
216
94
830
513
7
14
951
6
944
686
743
213
43
887
143
798
297
863
579
1003
169
246
311
3
845
893
615
382
551
200
1009
733
167
967
486
174
274
114
163
835
19
953
231
905
286
51
711
179
712
420
392
729
998
410
765
201
701
387
1000
666
424
133
100
583
11
766
853
170
172
444
180
182
677
348
27
185
241
532
262
862
739
227
797
358
660
10
295
518
245
0
844
987
45
360
761
582
54
986
790
520
142
647
93
215
614
519
234
968
296
669
938
110
886
818
550
487
771
662
5
921
265
843
461
604
439
334
195
793
483
381
345
855
571
665
111
982
948
442
966
312
264
4
941
940
30
814
919
939
635
539
456
645
388
359
603
282
568
634
270
977
471
950
370
918
602
680
263
970
885
24
202
656
278
972
249
552
474
908
343
811
349
782
281
697
208
181
23
728
812
60
1002
150
22
876
239
616
506
687
538
648
949
920
273
1019
877
306
488
503
294
601
535
28
909
409
788
584
917
377
338
240
327
344
470
567
326
408
570
632
718
971
1018
815
817
663
664
631
696
789
61
617
985
271
725
621
600
335
29
304
599
376
303
502
688
557
757
816
400
533
630
692
619
305
368
369
493
457
399
784
534
596
272
719
337
689
553
585
336
783
366
787
750
566
751
564
720
785
521
620
690
367
756
598
691
752
489
459
786
597
724
589
586
458
565
721
753
460
755
754
723
554
587
524
556
588
722
490
522
555
492
491
523
