280
399
438
197
189
517
285
555
312
677
545
491
467
45
499
679
551
231
490
128
119
552
718
319
696
199
549
435
59
492
757
31
706
656
274
213
219
673
34
93
148
37
235
585
293
351
701
287
129
663
464
380
432
625
195
725
8
127
10
347
212
470
318
171
84
504
553
572
316
320
550
208
715
534
236
49
188
547
452
384
271
596
429
21
459
278
538
580
350
665
769
563
462
298
523
221
520
521
425
758
431
536
314
303
373
754
326
200
595
47
386
50
152
444
777
558
353
410
177
230
395
179
115
210
238
40
466
118
484
527
176
232
245
325
299
273
366
204
144
465
180
683
372
479
370
294
311
202
262
454
284
471
548
36
388
402
80
376
772
662
35
156
367
702
680
333
257
266
583
404
537
387
717
664
258
519
160
666
767
246
151
506
38
265
449
406
442
88
682
618
554
323
430
134
478
439
79
44
743
296
349
593
458
711
302
369
652
48
321
281
342
731
306
91
688
440
716
198
237
357
227
327
589
313
426
360
676
403
267
331
510
167
68
667
329
450
445
223
695
73
356
220
355
735
562
276
295
139
250
104
249
503
732
315
341
63
675
741
720
181
358
126
752
398
67
692
739
674
107
60
209
268
92
339
719
383
178
493
368
647
744
721
248
286
105
272
182
736
89
170
98
751
116
74
41
330
359
768
283
738
255
328
565
734
310
153
646
475
776
300
771
710
165
254
733
750
253
154
138
775
99
101
747
136
277
745
340
746
137
332
590
226
100
668
251
737
770
742
166
773
102
740
774
338
748
749
334
