47
64
78
36
79
91
39
48
642
166
35
63
50
107
38
51
90
77
71
46
13
34
74
68
195
75
619
12
88
72
591
223
76
87
45
437
94
121
139
224
70
555
60
95
62
371
67
66
464
93
89
92
592
409
438
97
463
110
49
620
459
295
411
217
357
364
150
108
386
554
106
566
431
161
435
465
276
629
486
439
410
377
167
398
244
382
490
58
354
436
647
637
65
343
349
54
374
372
73
457
405
322
105
369
601
392
445
539
408
572
345
460
358
575
462
578
407
380
516
420
119
229
33
458
98
461
298
762
401
100
317
271
318
527
61
644
699
3
353
481
430
387
344
645
429
543
624
241
517
384
732
327
552
549
269
355
487
5
266
561
375
646
302
406
544
365
403
471
702
674
32
473
755
593
0
102
625
370
400
599
149
783
52
383
28
600
499
402
326
643
190
598
413
472
488
615
511
427
320
701
476
20
245
513
270
299
761
428
529
356
782
432
192
218
265
508
376
6
1
31
267
239
500
116
275
272
238
59
196
111
729
485
133
577
571
512
7
56
329
379
118
385
466
397
649
268
756
325
18
574
757
17
426
509
545
491
140
484
541
537
348
515
135
560
550
19
774
346
373
319
453
296
781
395
596
614
292
163
29
309
650
450
540
293
651
526
597
14
399
548
273
323
536
101
492
404
203
725
440
117
264
728
547
11
131
246
175
225
553
201
347
433
328
22
191
564
648
434
301
542
570
493
274
482
456
567
300
524
336
455
520
621
388
352
240
337
522
569
523
15
415
518
467
483
703
416
546
498
568
496
422
519
132
623
495
562
514
103
494
444
219
594
324
396
521
200
393
441
425
454
144
423
414
294
563
443
726
497
501
773
698
220
170
525
394
468
173
622
321
595
172
469
442
470
447
247
417
677
531
478
678
419
697
226
248
198
