590
474
670
446
362
283
618
171
96
705
477
513
647
449
114
696
505
311
418
390
143
115
486
473
708
589
306
169
531
472
563
221
44
485
305
450
557
648
89
335
535
706
363
334
421
591
447
137
678
512
707
702
282
118
144
256
81
529
117
95
80
744
333
43
222
710
471
564
712
251
170
249
109
693
165
726
506
145
668
704
391
556
361
709
507
689
177
72
91
199
279
779
255
74
138
388
558
444
745
669
741
425
583
123
193
724
559
502
292
733
475
713
443
94
619
451
125
228
698
174
86
748
743
610
682
254
525
119
162
679
767
124
396
113
151
614
201
747
711
470
478
746
651
194
566
580
685
681
172
307
400
98
607
611
650
424
697
677
749
686
142
310
346
738
178
202
528
393
399
274
176
90
718
662
592
448
173
646
126
714
565
717
99
523
108
578
389
642
467
179
259
97
127
120
441
439
753
495
742
636
42
728
719
223
639
659
16
100
56
192
499
440
263
617
766
241
76
291
673
464
452
683
663
569
14
267
122
469
536
581
667
680
163
649
442
684
461
484
582
246
720
553
152
459
541
415
212
466
571
272
540
497
230
538
379
554
147
570
300
231
302
353
93
671
688
204
509
740
674
1
150
71
239
264
768
498
715
463
777
782
157
492
731
200
602
537
401
730
757
299
716
148
198
410
22
552
25
55
234
82
187
635
765
758
588
503
104
141
695
630
700
416
268
31
462
737
414
226
626
261
633
153
4
628
149
215
778
629
84
129
257
510
783
121
438
594
26
548
701
30
658
319
184
754
575
277
632
739
213
522
657
638
351
250
73
134
381
24
539
367
573
339
238
301
603
186
190
601
207
562
521
203
579
550
320
501
284
328
271
660
426
29
625
409
154
258
606
526
189
494
620
577
220
295
128
233
347
429
735
15
600
645
468
374
412
102
631
131
327
597
375
656
324
352
7
458
661
599
237
210
0
574
433
457
672
354
180
759
217
18
85
431
413
52
278
160
380
235
321
687
164
338
407
781
465
266
430
491
576
385
402
54
623
275
493
519
479
326
734
561
729
476
244
382
609
604
185
140
159
547
11
624
524
560
146
384
760
57
8
75
229
373
322
214
227
20
508
514
595
5
405
28
6
434
408
770
487
616
598
596
23
17
752
436
240
527
206
260
325
771
634
183
53
555
182
664
303
225
10
330
83
480
419
286
584
403
232
65
70
621
411
551
195
175
329
736
545
417
340
253
612
775
530
454
489
490
331
518
586
69
67
308
358
751
68
360
359
675
