-0.008773804
0.069075584
-0.11750126
0.009021759
-0.0050640106
-0.036632538
0.10184479
-0.005917549
-0.107785225
0.0614357
-0.05565071
0.14478493
-0.19658184
-0.44087505
0.03758526
0.07461071
-0.005911827
-0.025753021
-0.022978783
0.027713776
0.016659737
-0.13467407
0.046499252
-0.17012596
-0.04797268
0.049500465
0.036878586
-0.09219265
-0.018998146
0.017616272
0.056072235
-0.042819977
0.02327156
-0.012289047
-0.32954788
-0.49554825
-0.4902296
-0.5235262
-0.3027811
-0.22793579
-0.20925999
-0.13572693
0.4064846
0.22639847
0.14550209
0.06944084
-0.15699768
-0.44059944
-0.6225729
0.0013303757
-0.35797596
-0.39052105
-0.027789116
-0.010953903
-0.14409065
0.07616806
0.086499214
-0.11250591
-0.025500298
0.19283295
-0.21998215
-0.09744167
-0.24157047
-0.33386803
-0.39318943
0.21670532
-0.22649765
0.06967831
-0.24213505
-0.68643475
-0.47938538
-0.11204147
0.10268879
0.1721201
0.037962914
-0.08698177
-0.11425972
-0.25656796
-0.26635933
0.38051987
0.24443245
0.23811913
0.020126343
-0.10277653
0.043159485
0.014565468
0.13922977
-0.16043854
0.03534794
-0.026655197
-0.276062
-0.34527397
0.31396008
0.08958626
0.2500124
0.18204212
0.27034283
0.35217762
0.28760624
0.26206875
0.08603668
0.16788101
0.04055977
0.2929077
0.27462673
0.19118023
0.03727436
-0.57894707
0.07411766
0.18782234
-0.06435013
-0.0671463
-0.12554646
0.10163593
0.17668056
0.20688725
0.04460907
0.23725128
0.20718765
-0.06642246
-0.3314991
-0.15040779
-0.34606552
-0.15191936
-0.20026588
-0.092977524
-0.24071217
-0.16378975
-0.13669205
-0.14041996
-0.005970001
0.13395596
-0.060014725
0.15815544
0.237813
0.08643246
0.031680107
0.21652031
-0.07121277
-0.28773594
0.12402153
-0.0803709
-0.36443615
0.1293602
-0.022586823
0.26974106
-0.04976654
-0.22877121
-0.035339355
0.14158821
0.032279015
-0.43723202
-0.31815815
-0.17935371
-0.15675068
-0.20449352
-0.008306503
-0.04332447
0.07039738
-0.04570198
-0.033555984
-0.039069176
-0.05661297
-0.14093113
-0.1831541
-0.19271946
-0.48383904
-0.1624012
0.05635643
0.29494476
0.2592783
0.3561449
0.2652235
0.45225525
0.070222855
-0.06309128
0.15778732
0.026774406
-0.026378632
-0.08107376
-0.119130135
-0.012630463
0.054636
0.2776127
0.23947716
0.18524742
0.10751629
0.2322712
0.24517536
0.17953968
-0.13355541
-0.30783463
0.111471176
-0.079009056
0.095765114
-0.5576248
-0.055252075
0.56814384
0.53547573
0.32404518
-0.11021328
0.039777756
-0.0625391
0.045147896
0.03250599
0.06714344
-0.027976036
0.06770897
0.004585266
0.0037488937
-0.12291622
0.20093632
0.09728432
-0.009066582
0.013972282
0.013222694
0.015746117
0.08724022
0.21331406
-0.14965248
-0.47220993
-0.36596298
0.056782722
-0.27431107
-0.015234947
0.35636425
0.24268723
-0.094566345
0.07562828
-0.21980381
-0.14720535
0.046899796
0.0071401596
-0.06789398
0.0010004044
0.069600105
-0.015192032
-0.0007572174
-0.18148899
0.03204727
-0.006254196
0.10960388
-0.17237186
-0.085790634
-0.08021355
0.19391632
0.014176369
-0.25574875
-0.33524227
-0.8519602
-0.6983042
-0.36148453
-0.06416702
0.32915115
0.005320549
-0.13360882
0.5593128
0.05225277
-0.08733082
-0.08981514
-0.11067295
-0.00030517578
-0.056578636
0.050035477
-0.1974802
-0.13866901
0.16306782
0.24337006
0.020291328
-0.14855385
-0.01368618
-0.16179276
-0.056435585
-0.071492195
-0.1429596
-0.27981567
-0.19265175
-0.2966385
-0.47087574
0.701272
0.047804832
0.44314384
0.703784
0.6205988
0.16483784
0.20850277
0.013928413
0.13463593
0.0054445267
-0.00048732758
-0.09677315
-0.00886631
0.17896366
-0.39260864
0.055929184
0.20449543
0.012553215
-0.053590775
-0.23525238
-0.2549324
-0.16820145
0.026061058
-0.07244778
-0.750844
-0.49561024
0.51961994
0.8929348
0.39359283
0.053572655
0.4267063
0.6111822
0.5368271
0.29057598
-0.1308279
-0.074934006
-0.24845886
-0.17844868
-0.17678452
-0.03284836
-0.024834633
0.011612892
0.37829113
-0.13544846
-0.052661896
-0.016269684
0.106681824
0.06121254
0.18089199
0.4543686
0.3580742
-0.10487652
-1.0105066
-1.2497969
-0.19400883
0.48515415
0.63552
0.19663334
0.34991074
0.44298553
-0.22213173
-0.019183159
-0.34144592
-0.16531277
-0.1850481
0.0066080093
-0.2395792
-0.09678936
-0.063856125
0.18339252
0.4536276
0.20319748
0.29169846
0.04712963
0.06415367
-0.07715988
0.117996216
0.0073690414
-0.0020561218
-0.7970295
-1.2954178
-1.095458
-0.37390518
0.8052187
0.53973675
-0.13280106
-0.16854954
0.28355694
-0.010639191
-0.36878872
-0.16814995
0.010010719
-0.16948128
-0.18328667
-0.17352581
0.054844856
0.04703808
0.23321342
0.18386555
0.10776329
0.31948566
-0.005171776
0.0069122314
0.11690807
-0.07838249
-0.31318474
-0.096972466
-0.28254223
-0.34944725
-0.11250019
-0.21448135
0.43001652
0.22082138
0.2144556
0.3495779
0.576849
0.09230995
0.03478813
-0.043637276
-0.29314804
0.1304903
-0.1086874
-8.4877014e-05
0.0089559555
0.31161213
0.022182465
0.35906315
0.18410492
-0.01656437
-0.20318413
0.05066967
0.011209488
0.1637268
0.21121025
0.0976944
0.324605
0.37285233
0.46283627
-0.039964676
1.1195183
0.28810406
0.33097935
0.407238
0.41386986
0.15008259
0.2633276
0.32607841
-0.02879715
-0.0018835068
-0.17692566
0.012392044
0.08350277
-0.0103702545
0.0861969
0.24180317
0.33247852
-0.018527031
-0.018110275
0.048074722
0.3209877
0.29733276
0.4217806
0.47203636
0.3528328
0.49628735
0.6426439
-0.14089966
1.091958
0.47282314
0.116957664
0.24133396
0.5235958
-0.037377357
0.09104729
0.12667942
0.02981472
-0.15769196
0.019421577
-0.10281086
0.01117897
0.03650379
-0.107530594
0.03439808
0.15323734
-0.01050663
0.0017261505
0.19089413
0.2333889
0.39738846
0.49226856
0.46689606
0.5263033
-0.003566742
0.5882921
0.06493378
0.9365759
0.39254475
-0.06034088
0.3904028
0.11408806
-0.09176636
-0.13797855
-0.09900379
0.06769943
-0.09452915
-0.2578287
0.2599764
-0.017531395
-0.0676918
-0.21310139
0.044873238
0.055963516
0.0068864822
0.11239147
0.1486454
0.2787857
0.3842306
0.1930008
0.40789318
0.3615141
0.06803036
-0.02249813
0.14788055
0.44188213
0.1256609
0.36344814
0.4069233
0.21397305
0.02179718
0.09690189
-0.05900669
-0.26459885
-0.25070477
0.013475418
0.528142
0.25741482
-0.12974548
-0.25168133
0.07429981
0.032339096
0.016427994
0.06206417
0.39570618
0.18695354
0.2437954
0.20271492
0.31306076
0.23871231
-0.11478329
-0.19218826
0.31757832
0.045124054
0.59762
-0.07595062
0.25335026
0.004084587
0.2384634
0.27180767
0.09540939
-0.06713009
-0.13181686
-0.04777336
0.080578804
0.2912817
-0.00788784
0.009468079
-0.039175987
-0.26035404
-0.014920235
0.11950207
0.0380764
0.07627773
-0.013004303
0.07570934
0.031312943
-0.14297676
-0.2992611
-0.114289284
0.21397018
0.03139305
-0.1248703
0.08469677
0.1391964
-0.021155357
0.27947426
0.21387386
0.35071468
0.08264637
-0.01864624
0.11016178
-0.06777763
-0.05786991
-0.16823196
0.084671974
-0.09280205
-0.26706314
-0.0030498505
-0.08290577
0.015881538
-0.048350334
0.053587914
-0.046862602
-0.16304302
-0.24725246
-0.33273697
-0.43366528
0.21103096
-0.45787525
-0.20178223
-0.085020065
0.2255621
0.21043396
-0.0947485
0.028841019
0.07044029
-0.31637192
-0.20275402
0.088581085
0.007663727
-0.21135426
-0.13602924
-0.13760471
0.051901817
0.011959076
0.26598263
0.22132206
-0.14803886
-0.063773155
-0.14972878
-0.38478374
-0.35964203
0.10184002
-0.25538158
0.08461475
0.10345745
0.46996403
-0.005457878
-0.14171982
-0.005056381
0.25624752
-0.20931435
-0.27810287
0.014422417
-0.29725647
-0.22250843
-0.04568386
0.08402252
0.14655209
0.05617714
-0.06300449
0.06391811
0.09920597
-0.04840088
-0.08939171
-0.14098454
-0.16037464
-0.19322109
-0.33761215
-0.23836613
-0.25305462
-0.6850443
-0.08564663
0.12907219
0.107658386
0.014230728
-0.089463234
0.021206856
0.29537392
0.41484356
0.4742632
0.26748753
0.33656788
0.31253242
-0.33697414
-0.11048889
0.010679245
-0.05714798
0.29674911
0.23870182
-0.15090847
-0.13581657
-0.4316826
-0.34400654
-0.34191895
-0.5211687
-0.7038431
-0.7264366
-0.40155697
-1.063961
-0.16004276
0.22754192
0.664093
0.1340437
-0.072340965
0.07224083
0.49868298
0.9821005
0.76907444
0.6315708
0.6900053
0.28834534
-0.161973
-0.06040764
-0.1772337
0.20222187
0.20892715
-0.35017204
-0.10193825
-0.38290215
-0.21960926
0.10393906
-0.32854462
-0.51167965
-0.47504807
-0.04972458
-0.29130936
-0.8554659
0.34753895
0.35865784
0.40477848
-0.035970688
-0.075240135
0.14280128
-0.0013237
0.15488338
0.554245
0.38824368
0.19608879
0.24423313
0.12357235
0.2372837
-0.2266264
0.15471268
0.067557335
-0.22487831
-0.25520515
-0.2461605
0.014401436
-0.07433319
0.15277767
0.14677048
-0.25515366
0.0696764
0.34017277
-0.21410656
0.49135494
-0.0058908463
0.44016457
-0.100400925
0.063729286
0.062083244
0.022428513
-0.31245708
-0.28518772
0.085188866
0.11332893
-0.049946785
-0.19534588
-0.17829323
-0.11451721
-0.19935894
0.08720207
0.08084774
-0.25517464
0.24245453
-0.08874893
-0.41852665
-0.19396687
0.47657585
-0.05265236
0.042450905
0.36481
-0.39892006
0.08238411
0.13311768
0.12859917
-0.04095745
0.005660057
-0.037413597
0.071471214
-0.010117531
0.116802216
0.39831924
0.1633873
-0.12336731
0.21782207
0.41777992
0.37895393
-0.10536766
0.037032127
0.77630234
-0.18001366
-0.1278696
0.094955444
0.8448057
-0.22475815
0.20949078
0.18497467
0.17320156
0.24167347
0.61469364
-0.010837555
0.084851265
0.06552315
-0.02966404
