498
562
530
561
466
529
434
399
396
367
395
497
433
366
465
427
593
435
594
365
400
626
398
364
428
397
363
658
467
661
436
560
625
394
403
659
437
362
432
851
850
528
405
879
333
431
404
819
910
372
847
373
402
499
331
716
693
468
820
942
334
660
531
865
684
368
332
882
974
878
469
330
896
945
329
406
913
845
897
914
335
846
342
934
341
849
911
340
903
374
299
715
935
1005
662
426
844
848
977
714
881
361
875
429
401
300
874
301
501
746
818
1006
813
749
946
880
902
500
796
1004
694
841
814
315
809
309
748
298
563
473
883
929
899
869
810
938
504
816
536
781
496
868
808
438
842
683
979
922
375
422
888
527
347
866
302
472
892
464
441
266
310
614
267
390
80
440
307
232
713
343
943
581
533
1010
811
1009
789
852
926
759
236
242
682
1013
346
1011
16
540
737
776
973
646
455
582
799
508
777
706
49
248
1001
779
744
17
235
81
726
98
807
768
717
877
283
843
311
821
122
328
615
48
31
920
269
640
613
782
747
745
978
912
308
828
859
704
895
709
797
633
189
627
306
58
788
750
304
389
74
75
760
1003
678
735
919
817
812
795
891
864
275
454
798
113
357
780
657
705
276
758
259
303
201
898
763
65
962
274
252
1012
960
778
297
784
742
476
233
270
95
840
1015
88
384
573
279
152
407
35
385
57
321
272
703
583
47
210
90
710
228
421
386
507
379
647
976
273
177
764
572
92
907
1014
234
104
247
606
736
951
823
204
918
63
27
532
1022
15
580
112
197
551
139
29
183
639
316
260
356
103
352
870
999
124
889
924
253
277
73
452
153
258
354
575
486
221
215
240
832
834
190
901
969
93
237
516
216
975
205
30
209
679
672
928
549
2
230
783
853
282
674
284
217
96
775
700
641
18
97
448
699
740
519
99
860
767
542
698
194
930
727
1023
64
171
520
505
423
220
671
146
475
66
931
416
291
196
358
731
271
268
100
741
241
37
134
925
393
730
612
610
141
164
391
261
568
206
200
791
548
418
89
800
38
227
127
106
119
408
604
1016
801
511
644
59
792
118
157
992
790
148
322
243
388
350
1
28
420
961
997
569
708
355
290
125
158
102
445
149
222
131
677
251
34
829
353
67
144
6
46
314
645
732
517
105
444
762
121
970
68
643
130
126
278
477
145
292
815
692
87
702
56
538
1021
509
280
325
170
91
137
576
26
537
123
541
1020
262
36
608
998
571
453
510
296
199
518
324
676
202
223
317
44
70
32
263
107
62
208
607
751
182
159
944
854
485
668
411
479
893
734
980
264
129
294
60
947
539
419
143
185
229
69
94
203
5
116
207
55
738
318
336
578
439
673
184
191
544
132
1000
265
447
79
446
140
76
138
150
707
417
244
484
412
873
176
550
198
642
287
991
165
712
339
101
824
3
804
128
409
752
894
320
250
994
915
115
147
958
827
136
574
443
701
133
84
71
993
634
965
319
42
772
450
163
921
766
711
108
487
728
908
611
257
293
9
33
154
285
246
151
1019
351
254
743
45
289
50
822
605
933
114
769
61
41
638
188
1002
696
695
211
603
543
831
288
836
861
602
765
187
890
78
4
637
39
739
166
481
793
996
442
14
231
667
169
326
577
545
178
72
142
135
120
512
219
83
162
478
984
952
109
858
387
226
1017
839
802
249
863
156
546
86
941
360
514
474
579
245
85
225
675
195
761
82
383
451
281
218
255
238
862
488
323
733
155
833
513
111
8
256
609
506
380
413
480
953
161
25
547
295
666
773
160
552
826
430
774
77
40
43
981
967
1007
192
173
449
470
410
987
305
54
214
570
186
867
830
180
636
729
359
377
239
876
968
803
19
483
175
600
982
856
12
181
515
172
286
167
0
327
110
193
376
927
669
855
681
806
923
7
794
963
939
23
670
685
53
117
835
24
20
174
482
785
697
887
52
