742
771
766
304
46
767
741
744
133
191
752
77
712
738
529
219
224
103
136
708
47
248
745
420
161
220
48
768
740
13
88
78
709
619
655
665
737
739
646
406
218
192
166
707
104
614
281
710
706
252
668
654
568
118
589
690
275
653
651
50
769
746
567
378
502
90
164
350
59
477
569
735
678
583
691
49
664
736
535
167
501
410
110
714
647
392
779
765
682
659
377
505
652
41
60
676
624
726
698
566
92
657
692
308
87
597
388
35
679
23
294
474
711
409
381
163
267
753
380
91
564
525
772
40
37
12
134
112
695
531
713
559
449
174
369
557
196
591
684
83
96
556
51
425
95
507
490
38
19
3
368
656
309
563
648
321
146
506
295
625
407
259
450
21
266
190
626
434
650
322
94
558
354
139
747
663
245
18
594
530
570
554
463
373
552
697
58
598
34
93
415
413
661
374
73
555
573
421
53
132
617
782
408
268
320
230
195
382
9
405
293
97
412
111
389
683
2
140
280
718
592
411
440
667
435
601
98
32
364
528
733
57
400
30
397
64
623
734
399
99
45
17
716
441
346
609
202
686
296
503
100
523
345
423
580
611
620
257
595
473
461
336
704
658
157
215
130
526
39
680
532
775
476
187
160
443
328
764
675
756
337
596
433
721
360
574
343
671
11
681
353
332
371
495
302
464
497
312
561
524
327
352
754
522
194
600
549
8
89
10
442
498
585
622
269
571
356
323
158
168
229
65
36
75
430
551
33
424
395
299
237
553
445
203
578
274
719
206
436
669
584
348
550
341
234
5
385
159
273
504
27
265
351
175
372
370
479
119
201
162
458
236
102
379
729
527
20
340
342
235
300
367
347
324
271
339
303
298
129
244
338
261
560
586
272
576
644
189
579
344
223
270
645
231
437
301
128
173
521
204
759
72
452
331
604
572
329
500
232
468
431
188
629
674
642
319
432
459
757
491
238
359
605
185
493
418
297
71
631
672
208
773
318
429
241
180
207
6
606
233
240
783
636
227
326
581
393
494
349
52
205
444
469
211
85
599
355
154
242
662
28
758
217
262
414
24
316
635
520
777
575
214
460
720
577
213
519
29
67
70
366
748
330
155
290
607
730
727
239
260
246
731
325
264
778
384
127
628
25
209
608
396
401
610
404
61
439
548
547
688
451
156
701
438
602
176
131
462
480
776
616
54
182
749
402
603
398
728
284
562
496
228
492
417
715
216
210
633
649
315
593
183
565
55
781
82
630
243
428
755
416
101
466
470
475
84
177
258
419
673
465
637
42
457
699
533
621
147
126
478
314
22
422
68
310
660
587
376
677
152
181
358
689
291
7
0
153
499
634
108
383
66
212
536
141
390
193
467
69
286
15
317
120
700
277
693
63
26
311
687
179
285
732
632
122
365
249
263
542
184
761
508
703
426
489
186
116
539
518
1
361
292
762
123
582
615
641
702
121
289
613
124
76
763
541
125
643
138
357
780
4
427
403
545
588
543
375
456
74
150
149
222
109
471
639
16
544
113
200
31
250
62
537
137
288
546
148
151
448
79
694
705
178
666
472
313
534
509
145
56
540
455
387
253
165
14
488
638
117
538
453
287
225
386
226
510
394
751
723
256
750
254
255
172
640
612
446
725
278
774
483
511
454
333
391
282
487
198
512
81
447
199
43
722
334
279
221
482
484
517
481
307
86
305
306
283
485
80
251
514
513
143
44
170
362
142
486
516
169
515
144
115
363
171
335
197
114
