670
590
474
362
96
197
446
647
473
696
171
115
618
143
646
306
675
557
283
418
390
477
676
44
449
563
114
505
311
648
531
472
705
334
169
221
589
89
92
421
450
591
391
535
702
726
566
564
335
471
137
130
556
388
744
333
315
698
614
779
668
583
145
559
460
689
123
528
745
502
619
741
249
127
287
470
697
156
713
580
748
268
201
176
162
93
733
567
194
178
126
611
607
424
151
746
767
400
677
396
128
179
749
267
56
553
537
617
673
742
432
467
479
131
214
758
594
295
217
22
757
663
189
55
700
783
322
141
203
667
155
624
29
18
412
24
562
739
759
687
616
10
195
695
584
621
132
417
771
403
541
175
542
586
331
69
751
