539
656
274
385
373
318
263
553
591
673
486
552
413
24
297
551
468
235
452
467
30
177
268
685
164
216
580
577
563
572
683
439
402
469
599
574
16
81
206
523
546
162
5
686
458
205
141
317
155
272
372
596
244
514
589
607
242
653
571
567
261
575
301
26
25
550
320
730
497
757
659
19
410
519
460
157
383
391
579
509
671
238
438
161
626
208
491
265
496
448
404
603
600
10
241
569
254
290
529
543
204
457
676
437
463
508
152
527
8
605
324
783
597
660
246
633
215
291
412
153
156
595
435
687
487
606
548
630
213
328
214
210
186
518
728
355
124
255
459
184
17
300
547
125
655
502
440
374
654
622
549
484
273
200
154
356
625
234
401
485
628
187
382
239
528
488
618
298
36
472
331
464
209
346
185
43
119
736
613
594
545
267
271
270
658
48
293
627
118
181
260
535
405
490
758
296
150
325
431
678
127
377
126
767
340
407
77
764
230
228
632
182
629
506
735
211
516
381
199
380
604
406
266
739
530
170
408
207
364
762
646
525
64
436
744
737
313
378
461
531
259
770
240
171
256
229
456
556
101
462
555
151
489
517
621
307
433
766
120
726
147
352
451
389
86
95
169
49
144
429
109
295
480
434
98
532
333
146
311
122
50
91
590
712
108
747
294
617
195
698
128
113
350
99
753
616
78
557
559
223
89
97
73
68
65
166
706
450
37
75
312
76
323
100
746
361
322
760
115
421
708
507
449
363
94
142
143
225
479
92
93
251
96
586
745
588
74
390
66
117
724
558
104
138
145
69
70
775
114
335
72
505
67
90
477
222
253
250
71
197
670
278
362
