-0.17355442
-0.08761406
-0.04541588
0.2284584
-0.011125565
0.0066375732
0.007009506
-0.18462467
0.09926891
-0.051181793
0.0828743
-0.16195011
0.27621365
0.030640602
-0.33049583
-0.29327965
0.005156517
0.15722847
-0.16411304
0.05068016
0.08363438
0.09207058
-0.1946106
0.008546829
-0.012464523
0.033773422
0.033667564
0.10986805
0.051921844
-0.06183052
-0.0064048767
-0.1831007
-0.024662018
-0.07370663
0.20497131
-0.054948807
0.20968437
0.6966791
0.4781704
-0.5211811
-0.37075233
-0.24320602
0.3274479
0.22223186
-0.44615746
-0.1141119
0.04976654
-0.059399605
0.2516842
0.46141434
0.5187063
0.064333916
0.1353817
-0.08274078
0.05219555
-0.07604122
-0.09720802
0.003332138
0.0023450851
-0.7255373
-0.1609087
-0.03224182
0.2339077
-0.19842911
0.35080242
0.6727495
0.9802427
1.2713251
0.6625309
1.0859842
1.1559725
1.6804876
1.2357788
0.65640926
0.96209717
0.71431637
0.732707
0.29985142
0.6221762
-0.19685078
-0.37174034
0.0052518845
0.12158489
-0.17875862
-0.081861496
-0.13285923
0.4513054
-0.058394432
0.48082447
0.6373997
1.2779198
0.5315132
0.8850689
0.88531876
0.83389854
0.45781326
0.90388966
0.64986897
0.4782505
0.5909586
0.7531729
0.40628433
0.28486443
0.29514313
1.0484991
0.37828922
0.18746758
0.2521534
0.5576029
0.46650028
0.3587637
-0.13670921
-0.0047397614
0.5870619
1.1866856
0.769475
-0.026550293
1.0149002
0.26295757
0.22319412
0.4304247
0.0026445389
0.51854897
0.15435982
0.15199089
0.16182423
0.29560947
0.28916454
0.58192444
-0.01931858
0.16506386
0.32776737
-0.10095978
0.05092907
-0.26669407
-0.5919199
0.6691799
0.52234554
1.0519762
-0.46032906
-0.02266407
0.008648872
0.84163094
0.8477125
0.46179104
1.0718441
0.49709797
0.4406309
-0.32878876
-0.05863285
0.2786293
0.4145279
0.098015785
0.12650013
0.18663406
0.009757042
0.12862492
0.056394577
-0.18633556
-0.097447395
-0.1212244
0.06508732
0.006547928
-0.13345432
-0.0027656555
-0.3610525
0.6735735
-0.5088959
-0.0483675
0.45946312
0.33943462
0.37788963
-0.038103104
0.11496925
0.20164394
0.011109352
0.16129589
-0.006082535
-0.03392124
-0.13286877
-0.060189247
0.26607418
0.3107233
0.12622356
0.1566925
0.2208643
0.14343262
0.1981144
-0.122633934
-0.40671444
-0.20567513
-0.058408737
0.3204651
0.82075024
1.4061623
0.57108116
-0.14256763
1.6993952
-0.11643982
0.32931328
0.18561077
0.06150818
-0.097584724
0.064442635
0.0925169
0.008485794
0.0055265427
0.34370327
0.068291664
0.21912003
0.1428585
0.32114792
-0.0040607452
0.1393528
0.14226341
0.12152672
-0.0024585724
-0.106760025
-0.22501945
-0.036623955
-0.49132633
0.048300743
1.3516293
0.63700104
-0.22913647
0.8792677
-0.21459389
0.116147995
0.30400085
0.3862419
0.30291176
0.17042637
-0.14484024
-0.14823055
0.19155121
-0.00951767
-0.06600475
-0.19396019
0.06103611
0.19873905
0.37695026
0.08310509
0.022350311
-0.041449547
0.014263153
-0.17041016
0.11895847
-0.41262627
-0.33418083
0.4963131
1.5847645
0.8895016
0.30081654
1.4680443
0.08867073
0.15554619
0.3794794
-0.27763653
-0.06954765
0.37233734
0.2670622
0.029147148
-0.1826582
-0.02076435
-0.056921005
0.06980896
0.33438587
0.23605251
-0.003247261
-0.023843765
0.24132538
0.23744678
0.011422157
0.18178463
-0.029932976
-0.39613152
-0.2592373
1.1092691
1.9655571
0.14771366
0.31702328
0.91027737
-0.5341978
-0.35966396
0.38807106
-0.16056252
-0.0538311
0.19681263
0.08908939
-0.13552189
0.08895302
0.12480259
-0.034540176
0.2518654
0.56079006
0.47248077
0.2766981
-0.010781288
0.20907497
-0.04160881
0.15882397
0.03178501
-0.08458328
-0.19163227
0.05341339
0.42991543
1.4700232
0.4228449
-0.51145935
-0.20696831
-0.29667568
0.5052004
0.7311926
0.35443497
-0.13078022
0.08182049
-0.024852753
0.009020805
-0.02264595
-0.043071747
0.037254333
0.122701645
0.76012707
0.74319553
0.105280876
0.28219032
-0.0252285
-0.05191517
0.14010906
-0.33657742
-0.39323807
0.21727657
0.024053574
0.493989
2.2318802
1.2027388
-0.55850506
0.23054123
-0.38859367
-0.13758373
0.29686832
0.47140408
-0.152915
0.17014217
-0.31389332
-0.21243954
0.21977043
-0.14783382
-0.17785549
-0.06281471
0.5907669
0.503767
0.44590092
0.15889835
-0.12392044
0.15177917
0.19077396
-0.21612167
-0.40369892
-0.46758366
-0.529439
0.75871754
2.03477
0.8324089
0.34407616
-0.1482029
0.015543938
0.028277397
-0.7180948
-0.25306416
-0.27434826
-0.12973118
0.011862755
-0.025312424
0.17302418
-0.07092476
0.08908939
0.29302883
0.3544855
0.4820013
0.3294716
0.32806396
0.19839096
0.056562424
-0.20521355
-0.026593208
-0.36299133
-0.36496353
-0.14780998
0.45017147
0.97808075
0.056588173
0.17798328
0.51266766
-0.027012825
-0.22300339
-0.4755926
-0.8505907
-0.63869286
-0.8100195
-0.060004234
0.1932764
0.0030651093
0.012472153
0.079200745
0.27541924
0.3330698
0.29783154
0.34174824
0.10672665
0.05398941
-0.24569511
0.12525082
-0.014145851
-0.0343647
-0.39346123
-0.40244865
-0.22645283
-0.64050865
-0.64300823
-0.101335526
0.7748394
0.72861195
-0.36127663
-0.41092682
-0.78661346
-0.15529346
-0.37889385
-0.14561081
0.46206093
-0.19521523
0.2846756
0.34323978
0.4238224
0.4736824
0.13127518
0.3508644
0.09485245
0.06312752
0.0014352798
0.17236614
-0.05774021
0.2103014
-0.17706108
-0.44642162
-0.503417
-1.0073004
-0.28149128
0.072502136
0.8166399
0.6915312
0.4495926
-0.008363724
-0.17057419
-0.20854092
-0.3565712
0.3874216
0.09384918
0.008394241
0.15635777
0.054811478
0.36157227
0.41131783
0.096149445
0.21865845
-0.26190662
-0.090955734
-0.0076150894
-0.009973526
0.0042591095
-0.09919357
-0.18555546
0.2145729
-0.33680725
-0.108130455
-0.43883038
-0.0323534
1.3268757
-0.15166092
0.88418007
0.47325325
-0.17493725
-0.052989006
-0.13138866
0.18067741
0.19670582
-0.016440392
0.13533974
0.20063782
0.41611195
0.27596092
0.0688076
0.021864891
-0.19748878
-0.17703915
-0.21030521
0.07060528
0.04421711
0.186409
0.20866776
-0.18655682
-0.7336798
0.1701889
-0.44019318
-0.22092819
1.2680683
0.31794357
0.81585693
0.09735489
0.05797863
-0.023902893
-0.050292015
-0.056508064
-0.03837681
0.014929771
0.06868935
0.32682896
0.41950703
0.1461258
0.05408001
-0.22004986
-0.17549706
-0.03997326
0.005824089
-0.14717865
0.35052204
0.20211792
0.09843826
0.1999731
0.08900261
0.33778763
0.36261654
0.48063564
-0.2953434
0.1238966
0.26936913
0.18629265
-0.1158123
-0.10177708
-0.034297943
-0.06978893
-0.2984171
-0.03072548
0.08966637
-0.02824974
0.23520947
0.006541252
0.16141415
0.13684464
0.17529678
0.036014557
-0.01052475
-0.016177177
-0.020460129
-0.12850189
0.41383266
0.38959503
0.6358595
1.0368052
0.63648605
0.10062885
-1.0573454
-0.56747437
-0.0019311905
-0.43448734
-0.9645281
-0.10200596
0.027801514
-0.16402626
0.088318825
-0.09127331
0.025590897
-0.00071811676
-0.111927986
0.004711151
0.030349731
-0.06915188
-0.0021677017
-0.057138443
0.057286263
-0.0023889542
-0.19806194
-0.07821751
-0.07349205
-0.1903696
0.10261822
0.9214554
0.46653175
0.94041824
0.015035629
0.5374174
-0.020413399
0.07174969
-0.28857994
0.23264885
0.13122559
0.012189865
0.1083231
-0.039489746
0.0042734146
0.08146
-0.07826996
-0.08803177
0.08016014
0.33016968
0.10255432
0.13671303
0.020852089
-0.11983013
-0.3265581
-0.31502247
-0.70411205
-1.0696115
0.22560978
-0.4316883
-0.4709034
0.6023245
0.56564426
0.20409298
-0.3471613
0.28058147
0.4206667
0.17342758
-0.08464527
-0.16445923
0.19151115
0.066859245
0.26148224
0.19791603
0.31711483
0.13868046
-0.057619095
0.30976295
0.11948395
-0.21216202
-0.14220142
-0.25381374
-0.4485588
-0.6781502
-0.5507269
-0.7485037
0.15870094
0.8948202
-0.5184345
-0.11467838
0.04744816
0.34916306
-0.5542135
0.106591225
0.18360233
-0.13946247
-0.21638584
-0.20856667
0.022835732
0.17316437
0.16603279
-0.030485153
-0.2502098
0.24920845
0.050561905
0.11775112
-0.28149605
-0.18926334
-0.15636253
-0.4341259
-0.59261036
-0.7629185
-0.6919317
-0.6044197
-0.28576088
1.8276958
0.06086254
0.038479805
-0.016654015
0.5156536
0.06457615
0.094037056
-0.26334667
0.28849697
0.13968086
-0.045819283
-0.14643955
-0.055194855
0.0013408661
-0.09402084
-0.0028085709
0.007378578
0.13514042
-0.070934296
-0.2862854
-0.3934059
-0.11231613
-0.23417187
-0.096634865
-0.8685341
-0.76360226
-0.11125469
-0.8812256
0.5788717
-0.22190475
0.07242203
0.1729908
-0.21945763
-0.40359402
-0.7355442
-0.43713474
0.6865244
0.9305725
0.7924166
0.49537754
0.14981842
-0.1609335
0.5505285
0.21035671
-0.06346798
0.0042448044
0.077960014
0.5593538
0.2425499
0.051921844
-0.5416832
-0.56867695
0.08728981
-0.055132866
1.0267649
-0.27613354
0.43178082
-0.08039665
0.15162182
-0.14558601
0.042679787
-0.6468315
-0.9174948
-0.8664675
-0.8682327
0.3211155
0.2236948
0.35417652
0.5565195
0.33776474
-0.8945608
0.56550217
0.4929037
0.19793034
0.35216236
0.93135834
0.7572975
0.5600996
-0.20827484
-0.12839603
-0.2840271
-0.33460617
-0.07716656
0.60047436
0.019619942
-0.020588875
-0.27919865
0.047992706
0.27653408
-0.1407032
0.7687597
1.0879345
0.34554386
0.014987946
0.30028534
0.49671364
0.43034554
0.29610252
0.014252663
0.85974693
0.37336254
0.1946497
0.43321323
0.27576542
-0.20048237
1.162055
-0.0800972
0.25016308
-0.14687347
0.5153551
-0.11716175
0.05216503
0.07619381
0.10739517
