0.032247543
-0.111107826
0.1423397
0.2236557
-0.12962008
0.076206684
0.09164381
-0.025766373
0.09791851
0.13250208
0.0966568
0.055218697
0.44796848
0.71418095
-0.15296316
-0.0034108162
-0.22467756
0.03659916
-0.0018081665
0.10863733
0.068573
0.13268423
-0.07774973
0.098517895
-0.076830864
-0.119066715
-0.08473396
0.15539503
0.08299017
-0.026053905
-0.0109090805
-0.097949505
0.08598566
0.15559578
0.80641127
1.2363012
0.80506563
0.56438255
1.0955727
0.7542138
1.0267339
1.2138753
0.12061882
-0.43514347
-0.8393979
0.5539894
1.3762808
1.2774253
1.3326254
0.8991494
1.0305977
0.44264746
0.009727001
0.0898428
0.02181387
-0.10117102
-0.2246809
0.061819553
0.3500967
0.52756834
0.48716593
0.23258686
1.2129533
1.3327157
0.34433937
-0.044405937
1.0301666
0.46453285
0.6941967
0.44205523
0.12976646
0.09254217
-0.33914566
0.14893675
-0.43807793
0.20711517
-0.15040636
0.9611635
1.0804176
0.37489223
-0.76626587
-0.61885786
-0.055336
0.094666004
-0.0581975
0.037722588
-0.34182358
0.6996312
1.00373
-1.1149883
-0.40837383
-0.62602377
-0.6085596
-0.122657776
-0.35882998
0.42962456
1.0871189
0.0049328804
-0.107955456
-0.1114521
-0.1673665
0.09439278
0.069300175
0.78569555
0.084379196
0.9173193
0.8129177
1.275846
-0.20549822
-0.5657573
0.8954301
0.17269993
0.10071373
-0.30658436
-1.2517738
-0.98217773
0.17295694
-0.92067814
-0.82229185
-0.4782877
-0.39275074
-0.04501772
0.013408184
0.49453592
0.4508567
0.09216452
-0.26601982
-0.318532
-0.1647811
0.11216688
-0.71698284
-0.14672995
0.057071686
0.5267935
-0.011157513
1.5930521
0.12884998
-0.7340903
-0.32892942
0.8505173
0.06868887
-0.14372349
-0.42283487
-1.0524297
-1.1691332
-0.74548006
-0.11011219
-0.30826616
-0.19036531
-0.017601967
0.062289715
0.2928462
-0.074043274
-0.10786295
-0.011802673
-0.09905815
-0.40578032
0.21699762
-0.0023798943
0.021288395
0.03945875
0.4042158
-0.28689384
-0.15299559
0.06290865
-0.38723612
0.9834349
1.0623562
0.13029385
-0.9066663
-0.76679516
-1.4860368
-0.50896454
-0.4247098
-0.7149749
0.07368994
-0.3261633
0.17794466
0.3125553
-0.04539776
0.08765268
-0.30653667
0.0015802383
-0.045138836
-0.22408342
0.16103601
-0.20493269
0.18369102
-0.072329044
0.01629591
0.03232956
0.18287277
-0.0596385
-0.2812791
-0.3733101
0.20217276
0.2719531
-1.3907661
-0.37517595
-0.62311697
-0.4505849
-0.64811754
-0.47815657
-0.1474104
-0.1337285
-0.012912273
-0.11706686
0.025363922
-0.0684886
-0.12829876
-0.15245867
0.16127396
-0.041549683
0.03166437
0.20269823
0.18494368
-0.105476856
0.15013695
0.123132706
0.20102262
0.0097670555
-0.98290205
-0.73445797
-0.16167736
0.42138767
0.12911177
-0.33219242
-0.09065485
-0.78441095
-0.19204235
-0.26969385
-0.2634611
0.074873924
0.009500027
0.0332942
-0.017893791
-0.029224396
0.014930248
0.10565472
-0.026010036
0.13162088
-0.22526503
-0.17765236
-0.26166964
-0.029928684
0.19494247
-0.14797449
0.44057178
0.22384214
-0.7314453
0.06338453
-0.4213233
0.34660912
0.17741251
-0.65266514
-0.62193346
-0.9118638
-0.26713276
-0.04473114
-0.2948494
-0.012134552
0.08212757
-0.17219114
0.54286814
0.23038673
0.3252945
0.09102869
-0.2040801
-0.49668264
-0.27526712
-0.12503815
-0.017877102
-0.042200565
0.024657726
-0.25690746
0.11541271
0.98746324
-0.04186535
-0.0003938675
-0.48967266
0.086368084
0.9514837
-0.7151389
-1.3425903
-0.020737171
0.38734436
0.19352818
0.5135999
-0.3715992
-0.9791608
0.21366835
0.6598792
0.49672937
0.3392825
0.15896511
-0.28983307
0.10055399
0.44251633
0.3791871
0.52059793
0.36727142
0.16630411
0.05175686
0.035327435
0.6621728
-0.9203191
-0.7344389
-0.24894953
0.545393
0.7115898
-0.31269264
-1.108582
0.21269655
0.8575115
0.45141315
0.4969368
-0.41041374
-0.5640912
0.48692608
0.1036644
-0.0033621788
-0.12944412
-0.09051895
0.40607834
0.13865042
0.2490449
0.170053
0.107944965
0.36714363
0.16024399
0.4045887
0.045154095
0.45051384
-0.61773586
-0.6386318
-0.8313551
0.5346303
0.070510864
-0.045137405
-0.14235258
0.30568933
0.5714493
0.62326527
0.052083015
-0.16311169
-0.03254223
-0.38086748
-0.12668705
-0.3280058
0.042418003
0.64994
0.013151646
0.06775999
-0.0122118
-0.11085749
0.11360502
0.050853252
-0.22610474
-0.24012089
0.6006417
0.3141966
-1.1943135
-1.8527231
-0.85025406
0.3235755
0.54424953
0.18811178
0.012969494
0.37676907
0.34402227
0.13131571
-0.046943665
-0.14333344
0.0012907982
-0.03935671
-0.060800552
0.06636
0.37169838
0.2728963
-0.071517944
-0.07667112
-0.086120605
0.057814598
0.22664642
0.022511005
-0.0056586266
-0.49732018
0.29509544
-0.968369
-0.6947212
-1.3852696
-0.66506577
0.9441004
-0.27191496
1.0586188
0.48316622
-0.429523
0.13709545
0.16117
0.08046532
0.32826185
-0.045476437
0.043456078
0.04892063
0.42437696
0.08909178
0.07759857
-0.081041336
0.04531145
-0.07435036
-0.18051577
0.07763195
-0.0085225105
0.0016794205
0.042465687
-0.2694621
-0.065666676
0.07761383
-1.4939694
-0.06314421
1.1159575
-0.7638478
0.23144436
0.18101549
-0.25028753
-0.57985926
0.027077675
-0.17982769
-0.14454842
0.0015997887
0.13553333
0.018678188
0.04033518
0.0042276382
-0.18539333
-0.22940636
-0.111228466
0.008554459
-0.0682435
-0.2902689
-0.24654865
0.0015769005
0.16001987
-0.5718031
-0.3828783
0.33368254
-1.8925371
-0.87119865
-0.37646484
-1.001153
-0.652617
-0.47201252
-0.1681037
0.29716253
0.36433315
-0.2799883
-0.5692644
-0.00077438354
0.05401516
-0.046028137
0.5353732
0.14325237
-0.11691952
0.08376217
0.15022326
-0.18701029
-0.17114782
-0.31768656
0.017034054
0.15075016
0.046612263
-0.75370073
-0.8813081
-1.1953106
-1.8959823
-0.60894394
0.010011196
-1.1881108
-0.39031124
0.06346035
0.05892563
0.42230272
0.3591795
-0.2058878
-0.8681998
0.037846565
1.1760378
0.9636569
-0.5219598
-0.3178873
0.04858017
0.06597662
0.10856295
-0.04966116
0.101728916
-0.16368723
-0.11154699
0.0717864
-0.08403635
-0.24156475
0.28671312
-0.1465087
-0.60789824
-0.20697117
0.35038662
-0.9703126
-0.89703465
-0.5261426
0.15377378
-0.15632057
-0.060644627
-0.16730547
-0.63184595
0.4652462
1.0728924
1.0734279
0.9960134
-0.43084908
-0.31009245
-0.021623135
-0.16112041
0.1273861
-0.0154185295
0.11591864
-0.08078909
-0.08691931
0.040798187
0.0010790825
-0.2699399
-0.7784505
0.086262226
-1.2304635
0.24308252
0.59887123
0.45785046
-0.97193
0.004263878
-0.041330338
-0.05528927
-0.016396046
-0.14389133
-0.054756165
0.2729206
0.2766714
0.7706232
0.14907503
0.080854416
0.10099125
0.14207172
0.00075674057
-0.03719473
-0.255898
-2.336502e-05
-0.12628365
-0.07809353
0.1376667
-0.3263197
-0.9622812
-0.8839817
-0.8909912
0.077858925
0.04202509
-0.1467967
-1.1104236
-0.5107727
-0.07850742
-0.5428467
-0.14117241
0.2626753
0.26207113
0.053179264
-0.08355284
0.22154045
0.02410984
0.01097393
-0.05633974
-0.046851635
0.020186424
0.09388113
0.053628445
-0.18391466
-0.078353405
0.055922985
-0.2867837
0.21744967
0.62825155
0.2923007
0.6911111
-0.12363148
-0.9777622
-1.7695413
-0.6142669
-0.0657382
0.4555545
-0.06594801
0.050565243
0.030478477
-0.07046366
-0.14739609
-0.07722664
-0.018002987
-0.06977558
-0.15970135
-0.12347269
0.11008167
-0.014370918
0.06485748
-0.29404354
0.22780037
0.20214605
-0.26237535
-0.14690638
0.4955449
0.49407244
-0.48800993
0.1713543
0.12290144
-0.20396328
-1.2669601
-0.32091188
0.04325199
0.18306303
0.18095541
-0.01906252
0.03269148
0.07307863
0.025151253
0.011953354
-0.12637138
-0.005823612
0.026061058
0.007788658
0.0049648285
-0.024790287
0.14695168
-0.033187866
-0.15079832
0.20604992
0.14419699
-0.03346014
0.45666456
0.21321964
-0.042483807
0.31518745
0.1181798
0.033112526
-1.1372824
-0.9790168
-0.71854734
-0.054434776
-0.18504
-0.48386908
-0.101539135
-0.28055143
-0.22341394
-0.23767805
0.1055069
-0.08711338
-0.050844193
-0.1646967
-0.003118515
0.052917957
-0.23186827
-0.12447405
0.15089655
0.31012487
0.4914918
-0.08691406
-0.44649458
-0.33352852
-1.7520466
-0.1064558
0.012993813
-0.19147539
-0.024608612
-0.77796936
-1.1554947
-0.45367575
-0.61271524
-0.26989603
-0.1610589
-0.27249718
-0.39619446
-0.17447472
-0.1433363
-0.29849625
-0.2535715
0.072083
-0.054703236
-0.4531517
0.41146326
0.36193037
0.2133069
-0.497406
0.25033665
-0.1007905
-1.1014061
-0.6192727
-0.42789507
0.2207179
-0.14570475
-0.011291027
-0.6184325
1.9150856
-0.5448971
-1.3016372
-0.7202554
-0.7019558
-0.9541211
-0.37868166
-0.52270555
-0.21396017
-0.6215205
-0.38040113
-0.24544716
-0.013165951
0.03131056
-0.15832424
-0.17780685
-0.0068302155
-0.07945824
0.56541014
0.796947
0.48355818
-0.34776926
0.9028716
-0.62978697
0.17050076
-0.3096447
0.052535534
-0.10963726
-0.08459711
0.46594048
-0.41175556
0.08578539
0.025245667
0.215312
-0.008173943
-0.15414095
0.13828468
0.03550434
-0.32343483
-0.13650846
-0.2979293
-0.5578265
-0.5461235
-0.27932072
-0.14103365
-0.24794722
-0.18183374
0.7064915
0.76681757
0.10341978
-0.21831751
-0.00914669
0.2937069
0.22393894
-0.099173546
-0.07044649
0.047833443
0.0053448677
0.1930871
0.98913217
0.97299457
0.7566123
0.18249893
-0.0527606
-0.28664494
0.082427025
0.52838755
0.097269535
0.010309696
0.07806015
0.5362177
0.7688236
0.2376008
0.24661493
-0.18279123
-0.1876998
-0.5887408
0.23385
0.035469532
-0.1109581
-0.004117012
