491
691
492
723
686
655
654
685
435
692
598
490
624
436
272
754
271
623
566
459
457
755
592
434
653
660
1010
630
489
659
469
470
458
460
722
523
304
785
620
403
468
971
534
977
565
784
502
437
467
466
402
661
652
524
629
816
273
724
648
815
599
621
305
946
617
493
1002
631
881
585
616
619
424
240
345
597
591
533
690
684
848
522
239
439
817
743
456
313
729
978
537
761
975
1011
520
783
404
786
710
787
658
538
569
845
207
281
678
488
326
711
179
440
487
175
376
813
392
327
849
471
238
505
945
455
473
656
882
560
506
1009
4
646
501
618
846
877
940
303
48
407
941
645
584
819
27
570
782
438
880
972
844
756
788
110
263
83
171
208
583
698
622
635
358
550
742
111
43
843
408
847
44
73
249
939
344
154
294
212
264
551
797
29
109
49
82
914
359
142
581
77
425
270
677
201
927
875
679
928
186
181
52
885
79
371
876
91
188
842
991
913
790
601
269
918
230
47
54
199
907
200
1007
262
194
696
143
76
856
85
850
180
232
510
518
2
10
814
74
872
699
176
1003
11
886
1018
992
852
822
1023
976
870
697
571
1006
611
774
733
820
130
921
959
218
206
366
960
124
390
818
517
153
312
900
919
925
826
202
360
521
155
546
235
951
433
511
669
702
117
151
99
348
197
131
152
254
577
72
167
25
901
899
59
514
80
609
637
209
766
9
990
78
384
838
552
196
600
93
932
962
961
215
481
649
908
148
825
798
909
896
728
317
198
983
839
765
859
904
370
837
121
252
169
261
830
707
92
642
251
3
840
578
674
170
871
225
114
541
893
675
567
878
803
1019
182
226
831
789
793
888
28
480
55
986
323
0
902
214
841
187
701
94
829
224
760
86
203
291
994
673
632
174
891
576
87
128
545
41
970
732
100
50
454
869
794
513
712
350
227
397
740
985
166
412
219
933
482
318
957
670
447
802
192
479
322
204
253
770
354
472
250
89
84
737
213
773
835
894
858
231
183
700
90
804
21
641
672
582
895
639
579
104
195
857
149
949
873
449
478
739
164
926
122
958
163
771
887
75
185
95
391
780
1016
168
834
806
353
801
382
544
32
7
229
159
485
874
508
644
108
651
106
282
706
256
828
922
547
60
931
610
575
386
286
413
416
989
864
101
614
426
287
325
767
867
734
223
586
486
141
963
314
193
255
257
316
288
97
414
45
988
671
930
703
233
862
133
150
995
643
125
757
65
380
66
217
15
987
132
680
53
920
861
119
417
955
319
915
234
258
162
290
735
375
165
515
211
640
736
349
884
763
542
964
512
606
953
415
293
668
923
320
676
98
5
355
934
799
285
836
608
539
605
855
228
573
916
61
158
36
120
832
638
833
328
892
868
284
30
796
421
46
383
381
938
543
64
772
136
704
221
113
775
451
929
917
604
738
377
68
103
898
222
292
574
549
519
984
1020
81
811
146
156
210
387
906
352
805
444
1017
667
1022
315
965
812
116
866
993
795
954
764
1
51
769
189
903
157
865
289
450
897
423
731
647
924
105
139
613
88
762
123
283
42
70
997
1021
190
809
33
860
580
446
321
890
607
851
126
398
705
708
118
863
191
808
8
996
178
177
474
184
324
827
792
259
127
966
147
385
445
572
220
244
448
768
664
35
160
418
889
96
295
135
410
138
260
356
419
800
351
663
548
161
401
636
483
173
853
484
40
296
16
379
883
236
791
20
129
824
615
741
777
744
237
112
216
71
910
998
241
969
69
302
63
37
62
34
347
134
137
509
477
56
1015
388
807
854
956
266
948
709
115
776
19
67
612
107
442
912
248
365
665
102
140
745
540
905
627
935
823
145
453
245
452
422
389
476
205
758
879
536
516
31
950
172
6
297
57
39
821
999
937
753
14
465
268
952
810
568
441
17
968
1008
38
943
504
396
346
730
633
979
420
602
666
12
265
311
26
409
378
58
628
713
242
947
246
443
276
280
277
357
634
427
343
936
243
22
982
1000
278
267
525
1012
695
603
24
310
144
973
759
681
274
18
23
727
967
428
300
411
911
779
626
944
974
507
1001
687
781
693
625
1004
393
247
475
981
980
301
329
778
399
650
942
726
662
13
279
299
657
372
395
553
1005
309
559
497
725
1013
298
746
361
593
400
461
394
306
429
751
1014
535
718
275
561
590
364
526
529
430
338
405
717
369
367
747
432
554
503
683
406
333
335
334
750
342
362
749
494
363
716
714
682
330
555
528
498
748
587
694
331
339
527
558
308
332
715
337
462
752
374
431
307
719
336
340
588
373
368
688
341
500
464
721
556
557
689
589
594
530
564
499
596
562
720
496
463
532
495
595
563
531
