40
822
601
435
521
172
825
725
275
437
20
794
404
212
722
852
747
617
306
403
648
274
791
305
500
439
434
755
268
269
341
301
456
721
714
392
372
498
400
655
750
751
308
393
503
302
469
624
748
690
335
334
726
685
749
471
424
684
591
368
436
466
686
623
336
649
337
656
715
496
371
468
682
457
652
716
467
499
431
654
689
340
338
657
497
720
307
425
651
719
596
430
688
370
620
339
717
687
683
402
563
718
618
650
653
619
462
432
369
621
586
554
532
465
464
433
531
401
558
590
555
463
622
564
589
587
556
588
557
