418
446
697
474
475
391
447
529
501
473
65
419
696
590
531
80
503
614
67
611
198
171
557
226
702
79
618
68
558
612
44
360
389
66
388
139
646
591
583
170
584
451
417
528
734
64
81
228
445
91
282
610
425
564
118
14
726
668
733
59
478
93
390
559
563
695
619
472
89
142
698
527
667
554
283
257
200
95
693
666
732
607
640
143
444
115
361
544
15
199
387
167
508
454
637
589
586
647
471
662
254
604
669
97
569
452
256
542
239
571
297
555
556
224
502
268
545
509
664
581
121
384
298
96
241
76
51
273
694
399
453
77
740
286
665
748
561
638
578
530
543
689
60
450
245
385
225
209
195
92
31
7
87
267
98
481
22
597
240
655
169
238
18
217
479
582
636
663
165
605
720
94
56
144
99
498
759
570
516
205
411
634
514
553
537
210
184
151
448
25
526
462
211
756
470
359
469
493
85
383
33
671
752
632
415
120
231
30
650
5
541
572
428
705
648
58
463
262
303
187
412
1
0
730
74
53
162
404
606
594
148
358
598
573
673
180
482
568
100
11
86
727
29
468
202
562
728
244
83
651
633
216
328
639
658
179
122
123
757
629
464
124
285
500
751
206
84
296
327
111
109
538
181
413
261
455
512
8
356
699
188
6
517
119
525
10
141
438
55
593
308
47
519
654
496
301
234
274
621
218
429
208
174
26
608
524
340
152
128
574
465
440
16
186
215
430
546
488
155
355
579
61
487
272
129
302
243
132
160
114
657
628
609
259
183
266
45
271
507
644
704
599
161
150
510
433
300
2
783
336
377
127
684
237
365
490
494
125
196
410
630
441
126
201
678
755
19
255
182
176
552
495
189
467
653
600
314
175
154
513
43
560
269
656
515
536
214
456
203
547
426
168
270
782
603
489
492
596
4
233
431
622
134
729
159
236
17
149
357
635
403
652
264
595
700
540
626
434
731
177
518
625
246
309
736
754
749
577
615
701
207
265
424
416
299
432
459
258
439
190
73
461
592
20
649
681
232
576
575
476
780
758
602
28
660
405
140
147
645
613
117
520
763
491
437
631
330
643
690
687
692
354
213
235
627
229
32
157
54
48
551
466
435
661
688
624
212
659
521
24
153
275
550
725
423
683
21
130
486
82
204
158
382
548
497
23
9
672
414
52
242
349
427
69
311
260
163
326
436
676
714
386
506
185
398
367
480
483
223
57
101
601
230
641
172
397
35
406
442
380
549
374
781
378
735
400
499
72
70
504
3
409
112
764
691
348
36
178
63
39
373
395
401
50
345
49
332
13
40
344
677
46
368
34
347
372
566
41
62
38
420
135
370
