449
614
548
564
550
400
508
607
552
152
451
663
89
128
585
123
270
596
602
205
466
590
402
405
437
410
606
553
333
510
629
427
631
688
609
154
103
44
33
354
575
549
538
346
444
275
635
401
404
499
242
670
377
636
119
364
554
221
157
581
428
121
666
375
150
303
247
158
160
665
95
669
569
159
528
161
691
567
98
580
102
605
578
555
608
416
536
708
398
191
527
664
695
58
648
277
620
249
595
104
690
348
306
105
646
108
106
472
122
583
637
638
450
220
43
299
192
675
248
582
96
165
12
61
732
328
376
556
365
93
422
667
420
349
304
610
392
592
13
65
94
139
70
69
251
276
195
74
591
39
110
76
40
77
334
611
92
97
167
619
639
60
473
73
445
723
87
223
36
34
79
49
71
62
51
75
91
90
45
107
224
166
647
72
41
193
88
642
63
68
37
78
64
35
50
38
67
66
48
47
46
