502
390
705
418
253
307
530
338
446
282
81
114
363
199
310
474
558
279
733
198
504
734
171
145
769
362
770
281
366
766
475
335
676
311
752
419
742
80
448
503
737
506
677
531
773
533
779
736
750
778
776
226
391
586
447
771
777
678
735
254
115
256
283
738
308
775
744
389
749
170
559
745
252
86
706
712
361
296
285
452
143
751
440
743
340
693
280
295
222
433
257
336
747
640
134
137
228
323
572
748
394
746
174
325
525
651
255
368
718
417
772
709
109
412
534
434
367
194
442
711
258
704
462
697
146
459
202
424
765
487
535
351
411
696
297
173
286
627
707
339
468
480
189
231
477
294
330
55
225
26
132
721
352
612
505
698
324
621
305
599
262
136
148
714
600
261
767
507
421
186
200
393
739
470
588
673
184
118
469
652
679
15
259
710
463
626
598
169
293
653
571
754
436
4
302
741
287
641
313
337
322
396
117
24
16
182
273
232
380
589
726
395
560
760
557
197
713
176
720
685
668
681
774
353
83
356
544
227
441
144
341
700
246
425
415
185
521
573
497
762
84
501
625
14
671
495
298
30
245
522
312
9
758
180
628
263
562
309
181
716
491
546
479
196
486
458
654
53
781
274
759
604
11
551
183
407
717
563
488
31
467
29
672
579
319
617
244
22
56
492
730
490
457
498
187
740
101
350
131
82
383
203
460
25
689
414
456
687
523
133
782
624
130
493
701
500
461
686
140
217
230
168
288
443
344
316
10
524
7
162
378
729
601
432
516
543
485
314
430
431
6
574
728
204
265
215
211
214
210
179
453
212
268
264
326
213
266
216
209
267
318
20
111
756
454
623
761
27
138
515
526
764
532
260
615
329
125
622
682
661
1
616
683
715
650
85
233
659
482
0
408
149
725
633
19
17
435
643
413
190
753
541
768
545
112
141
21
382
355
172
478
385
512
658
692
342
584
757
655
320
28
188
175
483
496
547
317
694
727
384
18
594
780
243
540
514
327
8
587
271
406
399
289
539
576
153
618
476
284
662
518
32
702
755
278
568
566
464
315
291
455
632
219
272
237
529
321
519
57
438
388
116
201
142
645
113
644
517
164
23
409
724
763
126
2
290
147
561
649
129
124
570
520
151
494
603
218
5
100
3
783
156
42
379
234
206
229
127
269
597
155
719
656
537
426
300
657
207
577
484
465
699
680
481
52
509
489
177
630
634
358
292
613
674
343
439
381
370
565
731
722
235
250
99
135
471
240
54
593
660
423
684
429
163
241
301
178
208
374
236
542
120
703
59
369
239
513
511
345
397
372
371
373
238
403
331
347
386
357
359
387
332
360
