328
370
357
733
69
48
398
42
380
763
771
110
365
281
2
20
762
703
643
352
21
27
46
731
115
10
81
363
672
138
422
369
356
408
358
634
329
92
45
90
32
105
647
386
71
735
320
374
120
342
346
172
347
95
635
748
379
49
73
606
744
91
199
436
480
103
425
145
102
104
724
96
473
619
397
336
444
455
5
419
101
31
34
8
426
164
76
754
66
478
117
448
578
255
764
144
614
324
586
674
114
70
454
12
33
416
738
79
97
64
330
700
84
394
63
427
171
55
778
726
87
642
489
392
730
393
41
24
453
30
26
535
174
501
759
702
423
100
308
116
755
708
402
194
484
375
750
776
147
348
283
563
310
319
256
312
351
173
403
663
77
415
689
391
530
734
121
607
720
381
99
409
234
384
338
385
743
368
53
300
678
649
741
488
395
278
709
407
313
98
665
579
443
235
692
704
321
78
131
201
673
716
261
483
472
679
536
412
766
396
550
564
299
431
440
435
737
693
500
296
680
662
207
414
404
341
421
490
137
717
315
681
682
430
353
651
233
714
688
65
202
710
323
715
236
208
512
318
182
367
376
314
122
469
468
513
459
181
668
149
183
711
713
272
250
777
60
482
349
514
301
262
167
516
413
198
441
524
359
387
288
485
123
264
291
511
551
712
683
271
180
226
509
496
268
287
292
239
498
664
51
371
462
302
470
343
399
253
263
230
521
237
184
729
241
690
695
238
520
548
124
366
518
265
108
240
289
495
293
593
694
519
492
687
510
140
6
270
497
515
467
213
128
493
503
699
327
290
35
242
432
707
269
523
209
179
286
456
62
549
7
185
756
481
742
267
522
112
420
616
18
458
150
111
177
547
15
684
29
214
295
706
9
266
525
721
556
0
204
439
442
505
460
617
761
303
424
718
463
297
552
722
125
723
577
273
621
457
107
592
533
487
377
691
583
494
565
475
340
546
747
126
260
555
749
491
378
322
517
58
405
294
450
605
652
406
446
628
345
206
127
11
151
196
221
285
178
696
486
537
83
653
588
383
504
93
745
13
152
732
80
685
477
727
627
587
539
466
428
231
88
205
401
705
176
575
325
215
645
471
227
259
775
654
186
224
622
640
274
452
160
532
4
644
89
772
331
39
526
429
528
3
661
574
781
170
57
316
61
161
162
143
601
373
166
136
626
686
94
40
641
701
52
650
38
36
14
576
623
333
360
725
317
779
245
698
758
197
232
309
476
25
225
590
767
388
17
624
298
168
244
28
545
85
611
751
655
364
50
113
210
765
337
669
719
629
760
438
752
68
561
279
508
335
54
782
132
142
417
780
542
311
639
243
251
19
228
23
153
573
246
334
139
130
534
728
277
648
667
666
109
254
82
540
615
216
479
389
602
258
746
382
445
411
636
633
306
740
657
543
585
658
582
604
757
600
47
739
400
203
630
613
169
603
195
670
612
499
67
580
675
223
119
768
252
671
544
638
37
773
350
461
141
434
159
449
148
554
527
558
218
625
129
212
418
280
553
217
200
541
257
656
229
620
16
339
284
305
631
610
275
598
584
632
187
637
332
609
770
211
591
562
774
118
599
753
220
660
304
355
43
146
581
507
659
134
133
677
158
597
433
769
175
154
736
529
464
75
502
307
783
192
188
594
410
474
538
531
559
589
608
646
72
189
465
155
249
560
326
163
59
344
56
557
697
572
361
1
437
86
193
22
282
447
596
354
165
362
451
571
135
506
44
372
190
157
191
570
222
74
676
618
390
106
247
156
595
219
566
276
569
567
568
248
