464
686
432
465
687
433
463
685
718
622
431
401
719
653
654
720
688
430
402
689
652
623
657
369
590
717
371
651
466
690
497
658
370
468
684
467
403
659
400
434
899
683
591
436
621
655
307
751
619
435
404
339
498
499
372
656
368
469
471
931
620
446
932
462
721
424
660
511
755
722
542
650
930
750
340
302
852
415
496
336
470
349
624
269
438
335
853
437
301
900
716
381
425
666
503
723
392
338
691
749
885
725
964
756
933
405
334
795
776
478
337
274
500
308
618
439
752
715
794
479
306
393
602
883
825
275
456
726
698
822
382
550
543
502
972
791
682
866
305
365
856
926
857
777
748
762
774
515
670
823
941
383
940
724
510
625
763
702
827
990
360
268
886
124
831
350
445
184
676
414
587
884
131
773
20
1008
775
808
323
212
908
457
730
989
39
671
267
126
270
912
579
387
959
806
541
830
21
801
341
7
43
173
186
634
238
703
485
451
199
971
983
516
501
192
204
423
256
673
982
481
11
161
19
219
378
833
934
172
838
958
909
123
295
213
984
865
366
667
1016
290
13
6
928
447
859
767
327
547
643
731
882
440
40
289
313
450
757
858
887
484
419
639
864
973
8
28
968
927
351
799
1007
243
517
787
263
160
937
225
185
1015
538
418
345
33
483
23
832
319
12
159
163
583
211
125
711
205
641
139
649
226
237
76
99
904
292
293
167
917
178
109
128
218
71
855
10
991
294
84
410
753
264
261
807
797
796
965
872
950
111
130
828
346
472
454
391
282
324
891
782
229
52
291
824
224
638
709
276
642
38
72
288
63
800
135
24
137
367
59
244
83
570
198
253
101
420
203
122
53
262
956
27
545
162
121
127
863
898
936
544
969
829
236
694
154
980
320
905
475
223
911
704
197
764
734
14
196
117
901
250
1002
413
513
672
41
164
31
25
190
373
233
79
735
158
255
918
110
230
929
281
769
140
826
708
51
26
187
975
16
47
328
939
580
512
45
902
77
18
768
860
736
640
112
168
70
741
549
421
839
919
181
252
32
4
129
314
242
1012
482
171
607
231
988
981
193
9
452
699
1014
1013
896
907
102
166
935
895
232
30
606
46
94
174
1017
133
58
326
710
265
214
60
100
37
576
142
206
700
480
449
840
297
180
5
951
227
317
1
1011
514
348
228
195
942
952
873
169
165
803
69
36
1001
251
296
153
85
359
546
216
64
377
148
78
96
985
44
1004
949
386
257
108
967
303
924
143
222
1005
245
80
871
115
35
249
22
254
17
136
141
506
175
15
91
151
970
182
150
870
995
915
138
325
152
48
67
922
444
453
113
82
287
194
179
145
611
120
34
170
809
234
57
416
177
635
358
876
42
442
577
805
914
155
283
548
507
355
954
73
217
645
299
62
417
56
869
783
380
235
957
352
854
95
754
49
116
88
0
834
188
890
353
266
509
89
260
705
966
68
1003
90
54
144
743
298
636
202
220
50
104
732
149
271
422
132
916
487
201
608
147
200
357
156
733
379
892
146
176
361
575
388
65
389
644
943
742
938
906
134
114
191
1023
280
612
390
609
2
248
210
385
897
835
87
770
105
259
103
411
668
925
356
55
923
1018
772
246
333
81
987
1000
384
675
107
86
604
729
903
851
312
953
1006
578
955
921
714
836
894
119
207
986
647
648
737
571
974
118
888
247
745
66
1020
802
321
448
354
406
837
215
669
637
551
771
286
539
1021
183
92
948
889
804
504
535
574
867
74
999
747
947
3
678
841
315
1019
239
1022
279
960
97
61
697
738
920
615
707
258
75
605
209
979
874
706
603
613
304
963
443
868
810
677
322
893
318
477
572
208
106
701
398
765
601
519
98
476
347
300
518
412
241
861
976
961
610
344
674
586
739
316
573
778
426
409
273
793
910
766
581
157
399
407
996
329
740
998
397
875
486
744
862
582
962
781
284
785
681
821
786
944
278
628
455
680
760
505
913
780
790
792
784
508
646
850
600
779
540
277
285
626
994
798
877
758
629
588
589
820
679
616
330
189
842
536
617
746
997
627
311
665
1010
221
633
473
712
474
632
761
811
488
272
788
558
394
93
993
489
614
713
881
332
992
408
567
240
880
584
568
843
692
537
374
309
530
978
812
818
441
814
569
819
534
813
531
552
759
29
844
693
815
945
520
727
599
458
695
946
789
845
663
846
631
1009
554
364
376
728
521
662
331
555
817
585
664
816
557
849
362
375
553
310
630
343
490
342
696
879
529
592
977
878
661
848
429
556
363
522
847
427
396
598
395
459
532
566
533
563
523
524
491
597
593
596
495
562
564
525
595
428
594
561
565
461
559
528
492
460
560
494
526
493
527
