474
418
696
362
390
389
391
446
502
388
501
445
500
528
447
419
479
475
724
444
478
503
622
530
16
344
697
95
94
363
361
473
97
618
80
452
286
529
667
666
556
44
557
96
316
620
93
558
172
508
472
228
665
118
450
640
451
564
559
470
372
480
417
526
668
638
590
126
566
200
460
481
611
458
256
45
562
360
184
613
591
554
610
669
425
257
453
486
456
531
584
66
201
296
555
612
122
454
725
234
65
538
292
14
68
108
650
585
98
698
124
99
639
487
70
582
157
553
539
377
101
173
527
100
229
510
400
69
267
154
424
461
178
156
641
67
81
72
482
583
42
433
637
462
145
313
563
17
459
688
619
64
664
109
312
150
623
497
244
271
580
511
567
152
605
581
235
71
123
469
290
266
285
73
269
536
405
651
284
509
125
146
604
326
327
692
658
161
565
525
119
182
416
432
153
471
726
151
659
586
552
208
209
246
714
174
144
406
483
428
262
685
155
609
90
493
594
160
268
621
646
127
43
198
226
241
699
199
239
514
121
693
661
270
180
186
202
117
491
466
694
426
587
91
455
263
243
463
601
496
648
129
247
181
595
752
149
600
231
427
206
237
232
614
633
15
492
203
689
260
183
727
130
1
464
715
636
490
467
551
357
265
9
488
630
575
465
485
608
717
177
429
716
401
399
205
233
578
261
457
577
410
289
345
373
691
615
355
317
660
147
505
227
283
210
731
592
407
507
56
175
684
495
755
179
629
683
328
329
434
602
513
301
537
631
411
515
245
254
287
498
733
695
294
337
57
403
628
128
84
523
617
375
518
402
718
376
158
365
255
171
85
300
211
240
550
333
24
422
2
435
652
204
0
730
576
574
404
336
63
297
217
83
364
606
484
187
700
430
519
573
264
512
50
431
62
356
298
423
680
288
494
51
82
299
728
207
616
597
603
253
3
394
758
759
656
7
225
533
409
185
115
33
159
189
58
37
216
238
520
647
783
780
170
32
25
190
701
274
632
252
59
291
524
761
687
413
131
672
148
627
230
521
546
532
729
275
169
596
593
412
437
61
281
385
307
763
116
214
30
52
133
395
468
114
547
504
334
384
168
657
21
259
753
6
673
653
31
27
655
436
438
141
572
335
499
599
49
383
236
649
29
272
280
295
682
354
302
598
517
242
251
215
306
579
212
282
626
571
324
258
311
305
310
720
279
218
722
250
339
278
332
338
396
710
708
