-0.022659302
-0.08385086
0.06664848
0.16512394
-0.043091774
0.020131111
0.15942001
-0.0585289
0.024734497
0.1416359
0.13040829
0.12476826
0.19793701
0.34004498
-0.24118996
-0.009783745
-0.17228222
0.037465096
-0.015608788
0.07325554
0.09835243
0.107310295
-0.14359951
0.031476974
-0.059955597
-0.0705843
-0.028684616
0.11001682
0.0047807693
-0.07669449
0.0380764
-0.08820343
0.11943817
0.079883575
0.41419315
0.5475254
0.2821617
0.20207214
0.37429142
0.8546505
1.0465088
0.9249258
0.13765717
-0.35940933
-0.6216335
0.3905325
0.458683
0.3967476
0.48761654
0.51395607
0.46382332
0.0024824142
-0.07792854
0.1152792
-0.040267944
-0.038241386
-0.14443016
0.004617691
0.19629574
0.38362408
0.13360977
-0.014742851
0.7390547
0.8314371
-0.04434967
-0.17283726
0.44422245
0.015460968
0.15627575
0.040546417
-0.28583145
-0.32997894
-0.4556427
-0.048714638
-0.40922546
-0.15835857
-0.37847614
0.58396244
0.5829754
0.094573975
-0.42156315
-0.21102238
-0.069654465
0.05299568
-0.023902893
0.06744766
-0.20360851
0.26641846
0.7533674
-0.64620876
-0.3168726
-0.5401602
-0.35082722
-0.10794735
-0.2701416
-0.48366165
-0.9016495
-0.11886406
-0.08202934
-0.055374146
-0.121702194
0.1750288
-0.011147499
0.6187782
0.243886
0.89101505
0.81679726
0.7712269
-0.17320538
-0.21314526
0.5451155
0.1355524
0.03842926
-0.23146152
-0.97875977
-0.62797546
0.009078026
-0.5514097
-0.5761652
-0.44742966
-0.38487148
-0.11915016
-0.3406601
-0.38538837
-0.38781738
-0.5026159
-0.24506283
-0.33767128
-0.18511677
0.016918182
-0.5419607
-0.12595081
-0.02971077
0.46398163
0.14478588
1.4033613
0.4151802
-0.2278738
-0.107666016
0.31696415
0.15344429
-0.13167
-0.68026066
-0.81444645
-0.9881773
-0.28203487
0.015901566
-0.2062025
-0.07372093
-0.012178421
-0.07512188
-0.38726807
-0.30034256
-0.11844349
-0.14651108
-0.25356483
-0.36959362
-0.053358078
-0.20853138
-0.24067593
-0.14003563
0.1752758
-0.31243134
-0.3489313
-0.21687126
-0.48499298
0.34588337
0.41063786
0.190382
-0.5893574
-0.4694872
-1.2165079
-0.60498714
-0.10357094
-0.33815956
0.06076336
-0.17313004
-0.34143066
-0.20081043
-0.13199711
0.06767464
-0.38654232
-0.0014543533
-0.101703644
-0.2206726
0.12676907
-0.21686554
-0.0016384125
-0.18393898
0.0052165985
0.035182953
-0.028021812
-0.17133999
-0.42177486
-0.26639748
-0.10557747
0.17523861
-0.8868227
-0.022222519
-0.29523182
-0.37876225
-0.4220848
-0.30125427
-0.013637543
0.023246765
0.2491293
0.14972878
0.050769806
0.044314384
-0.038733482
-0.16979694
0.08898163
-0.031058311
0.11828327
0.22187996
0.075746536
-0.088357925
0.0065460205
0.033804893
0.14356422
-0.20506477
-0.84637165
-0.6394119
-0.37277794
0.18417072
0.28393078
0.17242527
0.07487965
0.7007427
0.05053425
0.081674576
0.042386055
-0.162776
0.051885605
0.030536652
0.0043125153
-0.015460014
0.012277603
-0.18730927
-0.03193283
0.052654266
-0.104631424
-0.12535858
-0.22698212
-0.078333855
0.028879166
-0.109936714
0.5018463
0.090670586
-0.91460514
-0.10506821
-0.44346142
0.68107605
0.7941103
0.37874508
0.63188076
0.37654972
0.014339447
-0.08850193
0.25325108
-0.031133652
0.022723198
-0.15009594
-0.35592556
-0.2353754
-0.22652245
-0.2920637
-0.028374672
0.17056942
0.15044498
0.027824402
-0.0006723404
-0.043047905
0.06794739
-0.17708778
0.010825157
0.69554996
-0.12613201
0.12416744
0.12128353
0.32563496
1.4694853
-0.36737728
-0.9258032
0.2896986
0.7373295
0.356987
0.66025925
0.59506893
0.77765656
0.25748444
0.24536705
-0.10025787
0.10624409
-0.0010261536
-0.014983177
0.03477955
0.22592163
0.24611187
0.37050056
0.1539278
-0.014970779
-0.0757885
0.0074806213
0.4209833
-0.7450838
-0.082798004
0.3354559
0.57034206
0.97355556
0.14801502
-0.5550337
0.507205
1.0082903
0.40748024
0.5827093
0.3118992
0.5875416
0.50225544
0.1315794
-0.11059189
-0.04836178
-0.071596146
-0.17437935
-0.05222416
0.03977871
0.04586029
0.23369789
0.2438879
0.0022993088
-0.10552883
0.05808544
0.14053345
-0.5332966
-0.012910843
-0.15888691
0.45000648
0.2542677
0.4047022
0.15684605
0.54162884
0.6532545
0.524724
0.012829781
0.116971016
-0.086815834
-0.48437786
-0.31818962
-0.42658806
-0.3657236
-0.52618885
-0.024850845
-0.06072426
0.10303879
-0.09700298
-0.061418533
-0.018980026
-0.25703716
0.21304607
0.37959766
-0.15661144
-0.64420223
-0.5724144
-0.26127625
0.08821297
0.17782688
0.5973234
0.34356117
0.4871025
0.30208683
-0.035269737
0.041028976
-0.1407423
-0.23762608
-0.18324947
-0.16666317
-0.39173603
-0.40891266
-0.33290005
-0.12586784
-0.16042805
-0.1513176
0.05255127
-0.13493156
0.195714
0.02538395
0.4610176
0.17795372
-0.76764965
-0.36424255
-0.5089531
-0.39291286
0.6063223
-0.2107706
1.5300694
0.45789337
-0.49463844
-0.059462547
-0.13249683
-0.46770096
-0.44086552
-0.2417736
-0.0023450851
-0.12535667
-0.39609146
-0.26439285
-0.43885708
-0.19039726
-0.15420246
-0.16795921
-0.009836197
-0.091311455
-0.025260925
0.021868706
0.0064144135
0.036860466
0.061475754
0.060940742
-0.9626856
0.13159847
0.8887119
-0.35773277
-0.09763718
0.05230522
-0.09447765
-0.4080572
-0.14865208
0.26899815
-0.06392574
-0.22442913
0.03394127
-0.1890564
-0.24448872
-0.27400398
-0.43817425
-0.3714981
-0.2354784
-0.017673492
-0.013110161
0.108418465
-0.00219059
-0.0128479
-0.12406349
-0.26708317
-0.05265522
-0.10344219
-1.2626429
-0.7282944
-0.17963123
-0.67020035
-0.61282253
-0.31233597
0.11038208
0.30808544
0.31791878
0.45461082
0.61373043
-0.0015611649
-0.11563587
-0.017567635
-0.5452442
-0.36244106
-0.43918896
-0.14373684
0.019238472
0.12387657
0.13489056
0.10612297
0.11499596
-0.04471779
-0.15132236
-0.5061369
-0.52989674
-1.2535477
-1.4052277
-0.3635664
-0.048366547
-0.6682987
-0.521225
0.2174263
0.22645473
0.44289875
0.4395485
0.3791046
0.64171124
0.91477203
1.1705465
0.5549154
0.3227377
0.15564442
0.12318134
-0.16562843
-0.027687073
0.015629768
-0.020615578
-0.0061273575
0.23742962
-0.010052681
0.08517265
-0.24906349
0.32227802
-0.19347954
0.102083206
0.26176643
0.83525085
-0.6335459
-0.5842037
-0.47931576
0.10098839
-0.082567215
-0.03858185
0.1714983
0.8950119
1.3012762
1.1213217
1.3480034
1.085247
0.60583115
0.23829842
-0.0139017105
0.22671795
-0.102083206
-0.036107063
-0.16672325
0.026003838
-0.32244873
0.10315323
-0.045433998
-0.34282398
-0.6909313
0.47103882
-0.99801064
0.17749786
1.2838211
0.59925747
-0.67179394
-0.046207428
-0.010092735
-0.028079033
0.004179001
0.24077606
0.24882793
0.19124794
0.320796
0.85006523
0.25300884
0.012142181
-0.0001335144
0.040266037
0.1398859
-0.12652397
0.12132454
-0.106422424
-0.23060417
-0.21563816
-0.031913757
-0.37405396
-0.77030563
-0.60880184
-0.8805094
0.12858295
0.10835457
-0.15483761
-0.836956
-0.48834896
-0.00237751
-0.4335308
-0.21409225
-0.15901089
-0.28712463
-0.12323856
-0.06514263
0.2630844
0.02017498
-0.11257267
0.07532883
0.13372421
-0.13526726
-0.36589527
-0.05268383
-0.27857113
-0.19298267
-0.13347626
-0.35390854
-0.001999855
0.78157806
0.073451996
0.5286827
-0.088811874
-0.844841
-1.6649742
-0.75683594
-0.24134159
0.29920387
-0.13519096
-0.031847954
-0.0533638
-0.046827316
0.12643147
0.047449112
-0.0008583069
0.070111275
-0.10488033
-0.059443474
-0.09201813
0.021367073
-0.06043148
-0.3383217
-0.041142464
-0.07027817
-0.3173027
-0.46908474
0.49755955
0.50904083
-0.2005024
0.13843727
-0.056046486
-0.20558262
-1.1480789
-0.6343088
-0.26967907
0.12674999
0.1154995
-0.04916191
-0.087304115
0.028229713
-0.05665207
-0.121863365
-0.066625595
0.009730339
-0.050229073
-0.013264656
-0.10413742
0.0032920837
0.013812065
-0.21944523
-0.3030491
-0.18515778
-0.061540604
-0.32634258
0.59439754
0.6402998
-0.004699707
0.22910786
0.016233444
-0.045443535
-1.1523275
-0.9831381
-0.7308235
-0.06409359
-0.0014476776
-0.41535568
-0.25032425
-0.2433281
-0.19704056
0.11561203
0.0038061142
0.1305952
0.008612633
-0.15975189
-0.13526917
0.011874199
-0.29253292
-0.29042244
-0.09266281
-0.03332138
0.329031
-0.43166447
-0.23147011
0.04776573
-0.9678545
-0.05260849
0.022615433
-0.11667538
0.19299603
-0.35832787
-0.8016834
-0.15628338
-0.3472824
-0.19705296
-0.12193775
-0.30679607
0.026352882
0.26676273
0.20550919
0.10381603
-0.09580803
0.08762646
-0.058140755
-0.2954607
0.2345047
0.18463516
0.10719395
-0.34585285
0.20267773
-0.48616505
-0.6540222
-0.686327
-0.23964596
0.16671753
-0.044003487
0.04963112
-0.72078896
1.5668659
-0.29537868
-0.8404274
-0.5341463
-0.46665382
-0.6017618
-0.14675808
0.38740635
0.12122059
0.101742744
-0.17597103
-0.27100658
-0.039172173
0.19682312
0.063913345
0.095980644
0.21185112
-0.10741806
0.72030354
1.0683699
0.17717743
0.3769102
0.64850235
-0.40989304
0.09491348
-0.22185898
0.034706116
-0.09147644
-0.35449886
-0.08098984
-0.1587162
0.10327339
-0.009925842
0.11525631
-0.030349731
-0.062420845
0.019288063
-0.18533993
-0.2156725
-0.054639816
-0.11566162
-0.47992992
-0.3961668
-0.14094734
0.2209816
-0.1704092
-0.038524628
1.1916933
0.61698055
0.37662315
-0.030246735
0.07166386
0.20981598
0.1584549
-0.15056324
-0.019248962
-0.012758255
0.2118206
0.51928043
0.8867512
0.75959015
0.80823135
0.31279373
0.26367188
-0.3403511
-0.119963646
1.1752071
0.21688652
0.02475357
-0.014059067
0.9238148
0.7632742
0.5139494
0.57407093
0.2504444
0.37390327
-0.13193226
0.21614265
0.03765297
-0.056246758
-0.108774185
