530
465
433
529
626
435
396
367
395
400
398
594
428
427
397
658
593
432
363
436
366
362
364
560
625
431
661
403
365
467
528
659
437
394
716
330
329
331
693
922
851
342
888
405
402
850
404
283
531
890
315
248
373
49
80
796
859
468
847
499
17
81
16
469
299
819
920
860
347
889
372
715
879
795
684
1006
1005
361
332
749
232
341
828
48
662
75
390
422
368
820
374
74
333
298
230
346
406
660
891
858
857
252
98
581
808
878
282
809
892
300
259
845
797
694
846
429
910
882
88
714
35
113
841
810
807
301
375
1001
748
386
501
260
309
614
844
776
508
426
874
1004
473
764
334
189
974
389
582
340
215
216
903
540
65
236
401
228
455
934
563
464
977
343
500
247
613
1009
122
440
942
781
999
384
441
217
746
921
321
472
865
849
935
848
357
335
267
385
816
744
269
262
73
842
818
902
875
1015
504
266
798
104
1010
627
235
316
221
683
197
1013
284
777
782
829
763
737
706
646
682
454
354
814
307
220
261
2
233
476
1014
152
183
914
704
536
95
615
58
827
112
291
913
1011
640
768
496
97
911
709
745
258
750
438
507
227
735
883
242
63
31
96
302
881
379
251
726
421
310
57
47
742
201
452
92
64
713
705
190
784
533
869
253
896
270
124
895
945
18
573
580
200
275
27
678
352
813
840
29
204
93
527
274
1022
308
852
516
717
572
103
153
919
747
30
703
759
407
880
549
979
811
448
280
710
760
272
1016
292
606
897
311
870
90
583
356
237
736
139
775
314
418
306
946
779
66
196
273
1003
633
532
89
817
639
938
926
416
15
998
799
210
519
486
907
925
263
868
551
1012
303
783
205
234
969
119
575
548
823
37
328
250
943
304
475
843
542
821
322
222
674
672
355
780
324
866
146
929
106
657
99
647
951
877
279
641
194
812
899
699
778
505
788
164
731
698
973
700
148
157
952
141
177
118
1000
271
297
612
184
1023
1
149
538
125
671
182
423
240
962
740
185
145
610
46
741
294
350
894
730
158
604
127
520
762
206
960
320
393
918
537
408
511
644
864
856
420
391
290
445
767
209
276
100
789
510
898
67
834
325
853
517
901
87
758
229
28
800
832
826
997
923
518
645
56
708
679
444
353
978
912
134
131
62
199
105
801
677
126
317
121
732
59
171
144
928
815
268
568
643
953
223
198
571
792
702
854
170
954
576
751
541
287
992
727
358
839
931
477
961
765
336
241
970
446
930
123
6
569
68
388
137
479
94
752
676
873
1020
509
824
668
44
608
539
411
1021
439
318
861
130
887
159
107
976
38
831
447
79
409
32
91
578
607
738
673
965
944
34
419
319
734
102
243
293
692
908
191
116
26
208
933
176
984
804
707
453
915
339
642
150
1002
550
485
991
249
867
947
264
695
154
412
980
36
712
136
231
5
138
766
791
772
115
836
133
574
55
140
1017
634
169
147
701
143
994
188
257
187
793
443
830
993
802
165
769
417
484
924
544
151
967
132
76
281
69
351
218
487
696
70
739
605
101
254
470
711
543
900
163
611
790
60
638
603
932
166
602
833
442
637
1019
794
835
219
743
135
728
207
939
667
305
155
129
108
927
488
84
803
186
478
987
963
904
941
685
996
156
981
876
178
822
893
577
459
285
975
277
675
289
570
61
450
128
506
958
681
552
937
42
950
255
609
203
3
545
474
71
288
114
906
383
9
142
8
666
982
225
579
202
78
39
600
872
773
162
50
733
863
214
25
45
986
988
481
413
41
120
14
855
246
360
680
109
337
211
410
239
181
323
632
226
636
512
936
774
33
968
430
917
546
83
168
837
72
238
278
664
180
955
338
460
665
862
380
669
256
175
959
770
377
884
471
616
111
761
771
806
670
167
514
451
503
387
729
720
173
547
160
1018
697
584
456
326
376
757
371
296
4
265
972
885
425
909
513
825
480
983
592
985
628
7
195
286
40
785
244
916
172
415
86
382
19
85
871
82
689
174
1007
295
787
414
601
535
483
629
805
886
957
635
179
995
905
449
964
648
502
110
719
77
838
718
663
515
381
688
949
948
725
690
378
990
20
117
245
521
956
359
940
192
161
24
534
193
349
54
482
313
567
652
691
0
989
43
630
392
348
1008
52
971
553
12
966
631
494
23
786
327
424
312
51
753
212
53
756
495
213
461
21
565
489
344
649
595
686
345
13
458
687
653
369
370
457
599
624
526
10
224
656
721
11
566
564
559
463
617
22
724
462
654
585
655
493
597
651
754
650
621
490
596
755
590
591
598
522
492
558
622
491
722
723
623
589
620
618
554
523
557
586
619
525
524
588
555
587
556
