532
531
530
533
527
523
522
595
534
521
596
399
491
526
367
594
553
589
529
490
562
210
564
563
528
566
561
460
535
81
459
209
495
494
588
565
114
554
492
368
597
567
50
145
458
146
977
177
500
362
1000
556
427
524
721
688
593
879
557
720
335
366
661
376
878
208
555
585
552
501
461
363
493
693
847
746
719
758
999
400
944
520
489
689
849
499
242
978
144
881
848
880
113
1003
395
1004
584
82
945
750
310
747
727
176
781
428
783
329
997
361
49
614
408
598
726
502
690
343
976
331
818
713
560
745
817
714
812
344
819
780
540
779
503
1001
913
278
87
844
749
409
946
336
508
337
1019
80
789
998
241
920
18
277
816
568
119
311
98
330
572
375
843
759
178
1017
582
347
304
342
877
752
996
448
