250
278
341
107
360
332
359
331
69
166
249
334
66
745
195
313
90
277
37
742
136
717
479
516
138
304
193
340
251
78
106
515
746
248
480
514
586
303
276
253
48
77
555
361
587
62
50
315
40
110
738
357
88
775
639
70
667
312
763
105
358
751
528
584
687
488
517
194
39
41
47
692
68
38
67
288
556
36
290
691
137
642
64
252
487
666
104
63
713
71
664
367
314
481
374
362
35
91
685
741
739
534
223
247
368
688
317
716
690
588
467
451
715
737
287
316
762
389
622
34
486
774
583
764
641
13
770
281
221
100
482
356
665
284
289
339
710
386
718
723
509
342
89
616
686
222
558
147
744
532
51
523
760
603
74
604
527
466
108
683
49
695
165
719
191
712
387
625
722
286
542
156
608
220
102
544
122
452
455
72
23
369
135
489
384
219
318
230
684
101
429
21
576
663
640
329
383
267
109
753
239
260
761
280
668
126
500
522
229
582
694
709
736
103
12
724
275
507
8
180
225
577
343
204
27
139
10
54
112
680
735
93
120
285
714
87
330
258
727
776
672
752
508
57
218
545
146
234
17
348
206
365
58
700
2
65
20
464
262
196
60
205
454
620
771
755
175
503
783
19
560
111
5
518
53
490
232
543
725
83
28
530
492
772
385
445
417
463
167
621
644
756
459
612
732
308
59
336
