0.061198235
0.07426882
-0.00022554398
-0.03536272
-0.01098299
0.032927036
0.20145845
0.058138847
-0.011191845
0.22197056
0.00021982193
0.21109152
-0.031693935
0.1010828
0.23723412
0.31648064
-0.07618427
0.010093689
0.19801855
0.034854412
0.019561768
-0.006664276
0.15174627
0.13541651
0.005059719
0.012311459
-0.045425892
-0.033136368
-0.06472969
-0.105454445
0.007930756
0.09610796
0.07877159
0.10581732
0.102890015
0.16266108
0.075899124
0.2744627
0.26377726
0.80814576
0.8046582
0.51324606
0.015635967
-0.07910442
0.38229942
0.48055983
0.66823816
0.4648056
0.37207937
0.083701134
0.10533428
0.20086527
-0.047282696
0.03949833
0.06550026
0.012819767
0.05730152
0.038601875
0.113746166
0.46584034
0.2095437
0.21856165
0.34433842
0.3160181
0.16607857
0.073905945
0.45204782
0.30284405
0.016627789
-0.38313246
-0.36334848
-0.6578779
-0.15159988
0.17876673
0.032972813
-0.074718
-0.10576153
0.16732216
0.08813572
0.09773874
0.012371063
0.08194685
-0.115813255
0.12166071
0.04417324
0.073429585
-0.4712448
0.21971798
0.37977552
0.15743399
0.23755455
0.32176065
0.10216713
-0.22182703
-0.13232231
-0.086377144
-0.3488574
-0.15439081
-0.058708668
-0.06606436
-0.062093735
0.052651405
0.261158
0.17171621
0.29506445
0.45649862
0.6732497
0.3573022
0.24288368
-0.005322933
0.28629017
0.14637041
0.11569214
0.031425
-0.9827018
-0.35070086
0.20820093
-0.50092363
-0.2726407
0.02587223
-0.24206543
-0.038846016
-0.2656808
-0.11005354
-0.064414024
-0.3144431
-0.12512493
-0.13427734
-0.08359003
0.15247154
0.037830353
0.16292524
0.06783867
0.045236588
0.37056828
0.9737017
0.69647837
0.7270701
-0.11852646
0.16626549
0.1665144
-0.0038628578
-0.83201504
-0.5121808
-0.4754815
-0.83550835
-0.3804102
-0.025147438
0.4718709
0.08021259
0.30571938
0.4013214
0.02280426
0.058825016
-0.010949612
-0.17163801
-0.010201931
0.09817219
0.03383255
0.050359726
0.07428551
0.089668274
-0.031230927
0.09210062
0.039173126
1.0830886
0.13473845
0.17610312
0.22351694
-0.06584263
-0.22520685
-0.46742535
-0.035504818
0.08924818
0.009406567
0.14761448
0.11309624
0.13205242
-0.031541348
0.086262226
0.16104174
0.16485739
0.21762705
0.2858553
0.13776255
0.031871796
0.14923096
0.14550161
0.14374018
0.30536795
0.057528496
0.2706499
0.29427433
0.3386364
-0.2842903
0.20612907
0.24082708
-0.31004
0.12492514
-0.5589495
-0.25654602
0.20448923
0.16686678
0.0920558
0.16812754
0.19559431
0.19020414
0.3249755
0.28826618
0.46177244
0.17250538
0.38239813
0.069345
0.13724041
0.043324947
0.013275623
-0.1058054
0.08955431
0.18613338
0.12767172
0.78215027
0.6931422
-0.42551613
0.2473154
0.6832833
-0.4217577
-0.12030983
-0.23299646
-0.44545317
-0.016337872
0.033943653
-0.08546305
0.33790302
0.29549456
-0.031572342
0.0790782
0.1526928
0.026851177
0.23820305
0.17983723
0.0126132965
0.055808067
0.12220049
-0.008536816
0.045955658
0.21287632
-0.20308304
0.6687844
0.9605491
0.35023117
-0.39179802
0.0391922
0.119268894
-0.36438704
-0.2723465
-0.43033934
-0.41636992
0.36364508
0.26901054
-0.23373175
-0.1483798
0.08721495
0.2931142
0.35456657
0.28765154
0.36987448
-0.08139706
-0.004122257
0.06644344
0.042510033
0.38792276
0.34746456
0.25572014
0.050926685
0.06527424
0.21104097
0.5060563
-0.26376438
-0.3872037
0.06869888
0.03369522
-0.2818818
0.29003572
0.06976986
0.19638729
0.47559357
0.2303853
0.39412117
0.40117168
0.3935709
0.22053576
0.42912817
0.48398924
-0.017365456
-0.124023914
0.24639225
0.12354803
0.11852598
0.2898965
0.31003237
0.53553534
0.1894579
0.23585749
0.25364208
0.26672745
-0.21935654
0.1801858
0.18082523
0.14077187
0.13251305
0.3379445
0.048279762
0.15640306
0.14818668
0.48272562
0.3662262
0.4301901
0.33088684
0.53966546
0.17218304
0.10689545
0.07541752
0.1362319
0.40087032
0.0034646988
0.12434578
0.27538157
0.1780858
0.3799467
0.5234678
0.4330287
0.13924885
0.10936308
-0.05088234
0.24844217
-0.70834684
0.16848278
0.0847702
0.78825164
0.42066813
0.31957626
0.38128185
0.39734554
0.18027544
0.43075132
0.23594856
0.37007713
0.30561447
0.32855082
0.2569313
0.42572784
0.19559383
-0.07745838
0.24192142
0.2898631
0.44590807
0.5277922
0.46075583
0.6016331
0.4163165
0.27536154
-0.2335968
-0.27191162
-0.582602
-0.26096106
0.25040388
0.24495745
0.35752296
1.1342456
0.6180763
0.37607622
0.34490395
-0.08368635
-0.03133869
0.43036652
0.6408467
0.3542943
0.00019550323
0.34144306
0.06708288
-0.07783842
-0.16990519
0.1836605
0.5243635
0.0069622993
0.23687363
0.4546342
0.51858664
0.19637108
-0.1774354
-0.025296688
0.046542645
0.20047617
-0.082193375
0.4721141
0.521708
0.6142733
0.6292281
0.67525053
0.47559214
0.25743055
0.34365797
0.6206565
0.2640128
0.29922342
0.12698841
0.2602496
0.0042829514
-0.26042557
0.22357321
0.26301432
0.19189692
0.33814096
-0.0045814514
0.37152767
0.39241982
0.6647787
0.3397417
0.31081915
0.80088806
0.28158665
-0.21531487
-0.18315983
0.5522163
0.95858693
0.5236008
0.051326275
0.3337922
0.40258074
0.44169044
0.27493858
-0.08178091
-0.045114994
0.42244053
0.68889666
-0.025230408
-0.15107489
0.2856927
0.32289314
0.3346963
0.2918105
0.23769951
0.0986352
0.4587245
0.57976556
0.54944634
0.5629673
-0.14853811
0.20796585
0.07484245
-0.20821619
0.24012661
0.46608877
0.2658596
0.26756144
0.58976936
0.54290414
0.04646635
-0.060292244
-0.08511591
0.019656181
0.45073366
0.28158045
0.09214163
0.12753439
0.63933706
0.34376526
0.04549408
0.19555712
0.16348362
0.23502493
0.42008352
0.31660986
0.6064193
-0.08628178
0.050982
-0.012680054
-0.41413546
0.09242725
0.106944084
0.1627512
0.55523825
0.557955
0.3805189
0.35667467
0.33742
0.16624975
0.09659958
-0.0097785
0.3104477
-0.045221806
0.07348299
0.31691647
0.55249023
0.43966246
-0.0052728653
0.248065
0.07009363
0.09547138
0.10848522
0.7196369
0.48474598
0.19795752
0.5618737
0.40607834
-0.39806414
0.04126072
-0.23371649
0.19500542
0.43333912
0.4866047
0.32449436
0.3055954
0.26512575
0.22038889
0.1755333
0.16759443
0.1871233
-0.043850422
-0.010273457
0.13130665
0.32381773
0.051752567
-0.014993668
-0.026611805
-0.118028164
0.03098154
0.25341415
0.3428297
-0.20221233
-0.4322996
-0.83739185
-0.24360561
1.1420529
0.748044
0.040388584
0.15120554
0.7004268
0.44740486
0.031187057
0.20752048
-0.0064611435
0.015510559
0.042574883
0.25968838
-0.0025525093
-0.007443428
-0.08638191
-0.080013275
0.032686234
-0.089485645
0.16944838
-0.023551464
0.14612818
0.07799339
0.066838264
0.27442408
-0.47616243
-0.7503481
-0.97142506
-0.010266304
1.3752201
0.6178119
-0.0023274422
0.46091747
0.9560211
0.14480162
0.064361095
-0.047632694
0.08317757
-0.006899357
0.0072627068
0.4474883
-0.013741493
-0.21286774
-0.06438017
-0.17177057
-0.0797739
-0.060753822
-0.26421642
0.02690649
0.13243198
-0.025641918
0.24923563
0.055265903
-0.09711647
-0.9112444
-0.22938204
-0.49882603
-0.05040264
-0.13535738
0.11445141
0.08457565
0.035889626
-0.20995617
0.05987549
-0.026866436
-0.037209034
-0.08255863
0.07528019
0.0885663
-0.02808237
-0.112683296
-0.14103937
0.009770393
0.09570837
0.04292488
-0.057157516
0.057884216
-0.052853584
0.23497868
0.3626957
0.3671775
-0.18064928
0.53961015
0.40655184
-0.40741062
-0.30903864
-0.12090111
0.0522995
-0.2687955
-0.6962304
-0.21102905
-0.06267357
-0.049642086
-0.090174675
0.015287399
-0.038002968
-0.14886475
-0.08887863
-0.004485607
-0.085650444
0.040539265
0.034614086
0.11257124
0.045914173
0.10378885
0.20298195
0.3617363
0.49214792
0.2327218
0.23338652
0.33831596
0.6717968
0.04054022
-0.10467291
-0.113984585
0.6518283
-0.057586193
-0.32624578
-0.033138275
-0.014109135
0.19817781
-0.040443897
0.060235977
0.14798832
0.08802986
0.008922577
-0.0023179054
0.040719986
0.019912243
0.09472513
0.030024052
0.024301529
0.27103043
0.21066332
0.35421848
0.26478052
0.5400865
0.6197455
-0.31373549
-0.07856369
0.12549496
-0.008984566
0.14904737
0.26764774
0.065383434
0.40715456
-0.28641462
0.18852663
0.34065628
0.014636517
0.2776165
0.080251694
0.08770752
0.19912958
0.13719416
0.02010727
0.4235735
0.19447422
0.31262302
0.14339447
0.20941496
-0.045094013
0.75527716
0.09451771
0.03186798
0.1678009
-0.30531693
0.16091871
0.026379585
-0.024802685
-0.10952616
0.55276656
0.4532156
0.5709336
0.098918915
-0.15290451
-0.12447119
0.14384079
0.38614798
0.40053272
-0.0017461777
0.5091796
0.3365388
0.32701254
0.42534733
0.36308622
0.41363525
0.17601156
0.26276493
0.48175097
0.3821125
0.2756567
0.008490086
0.179317
-0.06743765
0.106190205
0.041420937
0.03427267
-0.055157185
0.38075352
0.6061218
0.6180935
0.9708371
0.11982155
0.06012726
0.25351906
0.44591808
-0.03872919
0.45818615
0.40243816
0.5792134
0.20165348
0.16409206
0.06086254
0.11907053
-0.06281185
0.264565
0.11001158
0.74179244
0.49922228
0.5319948
-0.01731968
0.075965405
-0.011893272
0.21515036
-0.034497738
-0.092494965
0.11001587
-0.23772717
-0.07351446
-0.024315357
0.22286749
0.02489996
-0.14364147
-0.047248363
-0.19359732
0.17310953
-0.15193415
0.17679405
0.15233135
-0.0124287605
0.25942326
0.6711364
-0.33355618
0.6031456
0.024969101
0.58285546
-0.13097477
0.12811041
0.016857624
-0.041546345
0.0024256706
