303
686
760
825
207
134
434
648
320
992
787
30
725
739
358
842
685
837
664
372
847
327
729
647
660
629
455
6
468
331
398
959
843
743
291
495
848
450
449
344
94
121
482
157
411
154
270
200
705
643
283
247
402
661
27
317
426
414
406
232
518
696
224
5
469
597
1006
678
166
170
153
380
704
353
105
199
135
416
619
784
578
132
253
381
487
586
677
680
195
90
384
761
771
489
645
514
147
793
644
25
585
0
365
163
379
233
486
285
85
753
817
711
438
453
815
422
58
707
279
653
162
728
310
226
148
483
656
322
256
297
364
91
786
435
136
221
318
481
169
756
215
371
239
179
691
296
272
271
663
675
390
316
816
133
617
528
405
618
785
60
167
359
312
363
654
192
513
429
722
679
202
692
59
611
149
662
266
427
436
227
26
458
89
755
490
599
348
397
213
240
214
234
201
403
724
494
3
526
168
631
437
61
284
245
29
395
278
461
527
754
396
591
343
624
404
286
181
655
523
428
630
265
559
560
598
723
57
459
592
4
246
525
623
460
180
311
524
491
493
492
