126
380
151
537
258
405
152
634
231
451
550
553
33
552
218
128
487
596
464
155
570
351
471
154
681
162
510
572
65
568
348
232
618
429
353
119
266
381
702
163
613
352
627
508
594
428
99
584
564
409
269
150
656
324
433
297
653
106
364
156
278
138
648
670
422
377
105
121
694
306
668
127
285
58
536
432
123
597
662
257
528
437
566
692
247
102
449
323
554
555
538
267
333
191
684
325
98
61
303
365
620
95
607
635
652
376
157
590
44
472
691
669
569
277
609
392
221
160
159
12
158
161
220
192
275
43
108
69
104
296
663
581
567
304
349
450
665
13
646
580
595
248
250
690
39
636
732
608
695
70
68
93
122
165
664
40
110
295
592
582
62
666
96
49
167
66
637
195
638
249
60
94
583
139
97
107
445
34
723
334
473
556
45
41
87
77
76
88
610
92
647
36
73
74
619
591
51
251
63
90
224
50
642
67
75
223
193
35
91
667
166
79
37
78
64
71
611
72
38
639
48
47
46
