460
428
563
528
565
560
492
461
362
595
527
533
363
816
331
564
532
847
817
561
493
491
490
596
524
818
562
459
522
661
553
597
529
494
364
523
526
593
631
342
594
272
458
848
521
520
878
427
846
814
332
819
599
663
815
394
789
429
330
395
525
375
367
347
374
396
849
788
552
568
531
366
530
399
240
343
879
785
945
845
692
559
784
566
662
664
310
585
630
946
695
598
201
315
215
786
200
813
1006
660
329
536
877
977
754
273
696
567
604
540
183
501
910
489
713
584
248
232
357
572
488
875
309
992
874
398
508
944
280
379
29
913
311
271
397
149
455
693
842
974
844
412
365
993
146
81
997
495
998
753
376
573
356
118
304
1009
98
106
93
384
246
75
920
843
278
534
978
247
86
999
740
779
234
318
170
476
793
569
812
147
406
217
668
537
49
105
850
88
74
1019
148
739
798
266
610
742
97
90
388
629
644
448
612
960
221
57
152
677
282
326
389
55
316
114
408
322
189
103
258
321
888
80
746
603
104
284
239
994
87
48
113
182
300
895
89
208
119
961
73
216
737
191
1000
942
30
202
1010
141
938
614
17
862
1005
706
953
95
766
263
1003
3
802
279
134
701
608
1018
283
765
385
738
354
61
903
674
249
150
46
259
65
834
868
15
861
92
325
539
352
632
297
145
281
705
411
2
62
294
907
962
144
50
735
893
68
804
841
728
136
416
1004
811
646
771
699
66
836
707
286
987
955
976
578
571
44
986
1020
78
285
452
592
970
680
575
732
180
837
996
386
260
925
889
741
979
227
56
577
157
921
609
58
922
231
906
835
1022
422
892
897
894
477
35
611
636
880
797
37
840
132
346
870
447
298
228
91
181
54
473
863
5
133
1023
116
613
312
4
441
353
876
45
669
287
27
896
881
869
709
1001
474
772
923
196
625
42
120
176
143
16
509
220
919
627
426
165
924
935
107
169
770
582
151
639
605
796
94
195
31
0
967
317
581
829
47
951
1
867
712
958
918
736
194
417
574
153
939
390
122
830
36
626
985
606
64
733
954
926
724
1021
444
296
898
190
764
214
675
67
125
891
803
69
507
319
607
60
916
860
166
443
768
222
640
350
637
233
115
100
820
361
82
576
185
645
253
902
963
26
355
96
767
580
314
866
254
957
377
252
344
291
865
734
638
479
486
635
799
991
513
265
805
859
1011
142
292
257
510
251
546
512
1013
890
914
28
548
138
262
14
727
158
514
449
691
155
108
380
112
966
952
250
667
164
85
704
1017
901
1014
616
480
929
475
127
828
642
79
700
672
927
163
783
168
871
197
32
769
156
255
708
990
409
453
167
1012
162
230
965
154
76
600
59
418
77
702
102
9
761
34
544
126
800
188
482
99
413
949
1002
226
915
519
973
121
975
124
333
703
450
873
864
671
908
320
807
299
934
135
129
943
235
959
187
264
518
545
947
543
744
414
38
140
358
678
948
936
679
351
12
110
198
137
995
643
70
981
855
6
917
218
420
854
130
407
241
928
445
223
225
209
969
229
670
988
858
303
193
832
826
481
723
63
641
128
101
541
950
328
18
199
33
159
290
673
511
504
324
980
839
421
483
131
270
261
710
25
179
289
41
442
288
827
22
809
348
900
184
909
359
84
905
758
810
53
968
780
52
117
956
139
277
731
171
931
831
542
833
83
937
730
487
51
177
210
345
549
478
694
245
391
899
801
904
971
219
419
11
72
838
349
381
160
313
930
387
186
792
711
323
10
382
932
1016
989
13
851
1015
123
43
71
109
964
383
446
743
824
192
551
423
579
175
911
161
984
224
7
295
23
933
982
554
516
887
808
882
1007
256
327
787
111
547
454
538
434
778
24
628
857
435
502
912
505
647
633
676
745
690
415
203
410
1008
8
821
729
236
206
21
207
293
451
484
174
659
762
378
795
506
775
983
872
615
698
760
438
178
40
752
440
39
204
884
405
781
972
485
570
773
19
886
776
634
756
757
885
470
763
242
244
213
20
535
517
550
883
725
790
211
498
267
697
823
205
237
243
173
472
172
437
373
806
515
722
658
856
602
774
466
853
782
759
404
666
777
276
665
238
822
583
212
940
941
360
403
555
825
684
794
306
791
852
601
275
500
305
274
681
617
657
400
591
648
747
268
721
755
439
301
341
655
685
436
503
269
556
686
308
302
623
456
392
714
334
335
469
624
689
471
726
683
497
750
393
368
651
748
558
751
716
336
749
337
654
589
656
649
372
496
650
715
682
467
557
431
468
338
457
499
424
307
340
720
717
425
688
430
719
586
618
588
339
402
465
687
718
371
432
370
462
620
652
621
369
590
619
653
622
433
587
401
463
464
