375
463
490
427
455
454
399
426
491
462
374
376
398
489
91
423
518
517
484
347
167
402
370
485
324
425
411
735
461
358
483
6
665
453
352
71
397
137
329
18
172
194
190
214
748
371
357
422
46
420
365
48
348
35
482
7
140
756
643
32
110
704
191
111
516
733
278
234
242
480
699
198
62
616
2
299
763
617
226
771
734
0
363
10
42
60
27
369
45
333
15
330
112
138
49
703
13
729
424
90
738
647
20
9
611
744
534
446
21
731
29
488
672
83
108
386
460
281
727
762
419
586
475
421
766
678
31
576
79
379
253
448
670
11
115
105
614
674
80
394
323
81
440
723
754
366
5
486
84
33
412
8
24
644
296
726
69
87
30
336
66
55
114
664
504
724
393
34
700
317
649
642
384
88
196
368
392
327
459
76
764
300
385
759
107
64
63
730
413
632
702
695
414
41
26
356
487
478
309
548
778
659
604
383
109
777
444
328
637
116
251
310
439
708
177
391
346
590
145
757
610
396
532
732
186
640
166
201
584
631
728
705
694
142
303
639
662
219
223
638
19
355
113
741
351
720
318
344
494
202
14
131
61
272
120
162
755
173
395
54
501
593
89
218
70
776
530
635
415
227
164
645
372
767
308
591
354
364
612
147
515
473
337
751
679
779
338
468
39
507
636
36
301
416
174
117
274
144
225
688
362
73
302
651
737
28
510
666
38
780
313
359
103
509
271
681
104
3
388
680
687
472
195
203
360
161
143
441
481
663
476
511
389
513
442
273
163
37
23
417
139
141
514
200
254
474
361
445
275
94
559
311
157
531
1
648
282
304
447
390
451
192
67
229
377
135
618
407
345
247
249
381
538
438
276
