474
418
696
362
390
389
391
446
502
388
501
445
500
528
447
419
479
475
93
724
444
478
503
92
530
16
323
697
95
94
363
361
473
97
618
80
452
286
529
556
44
557
96
558
508
472
228
450
352
451
564
559
470
480
417
526
590
126
549
458
481
325
566
200
64
256
45
562
360
548
591
554
380
425
257
620
453
531
66
555
539
65
454
725
580
351
122
538
379
234
292
14
68
378
108
669
98
698
99
714
70
124
585
157
324
584
553
143
201
101
527
100
229
510
69
522
424
715
156
427
67
81
511
154
72
482
42
579
212
313
563
17
582
377
547
408
485
109
619
312
540
497
244
574
613
271
649
464
583
483
486
290
71
466
552
469
353
123
285
73
546
536
521
605
284
509
125
213
604
116
327
459
658
161
565
525
416
471
235
726
692
581
586
659
262
494
288
160
455
127
43
699
484
519
426
587
263
247
752
15
203
727
407
575
357
9
429
615
505
56
755
232
337
57
403
84
287
375
402
365
401
85
399
333
24
2
336
217
364
700
264
430
356
728
253
3
457
7
225
428
533
58
216
780
32
252
291
672
532
729
275
412
281
385
30
504
334
384
21
6
31
280
224
145
306
359
781
289
163
386
358
387
314
414
374
560
79
305
456
218
398
332
78
107
315
106
316
249
277
304
276
248
