524
492
525
523
556
491
490
493
554
522
586
555
527
559
588
526
560
557
585
460
458
587
528
494
598
592
723
461
565
617
618
459
631
553
630
596
597
595
564
599
489
754
566
521
495
722
558
591
724
624
589
563
663
623
755
1018
619
533
428
662
532
692
655
567
1019
986
786
843
363
312
395
429
629
785
761
278
728
998
878
311
848
753
179
534
664
992
691
948
344
756
246
993
240
343
696
457
978
955
594
817
620
793
985
552
310
977
987
946
584
376
847
628
997
994
427
635
949
944
816
849
568
208
180
279
842
569
520
486
953
239
877
815
712
1000
945
1009
1006
771
679
86
656
837
844
359
245
789
474
603
277
272
286
537
175
787
22
766
636
147
966
743
729
739
632
3
318
0
695
348
770
176
938
916
55
296
798
202
443
879
960
906
280
488
322
725
106
265
200
680
54
862
118
396
375
976
701
649
462
970
616
792
627
711
604
284
765
675
168
105
411
114
996
677
957
669
214
51
875
85
871
971
453
518
788
707
804
876
608
610
285
1020
347
224
174
609
271
331
412
29
213
740
999
995
805
181
89
234
954
82
835
861
574
961
132
358
482
600
136
380
448
50
191
449
52
578
893
97
87
61
409
939
863
802
923
313
414
247
149
920
836
207
605
142
4
514
116
974
846
201
571
117
826
345
169
910
811
422
818
506
170
637
11
975
316
326
572
611
167
287
413
166
221
193
963
733
577
981
738
134
408
674
377
144
146
77
195
921
830
390
967
120
119
772
513
138
962
78
384
74
297
894
614
57
442
925
258
867
668
133
56
441
913
68
103
104
483
115
546
480
379
357
905
93
757
990
215
638
273
156
10
354
254
266
539
327
155
157
353
417
25
646
255
231
90
143
110
281
665
644
979
645
924
943
91
162
45
895
959
12
141
342
389
108
697
325
855
1010
388
66
540
410
381
226
803
88
356
249
5
670
148
44
477
42
872
834
870
958
838
868
53
62
165
881
874
135
321
956
512
107
150
601
73
721
46
947
15
416
889
607
927
257
880
575
829
151
182
69
854
839
43
845
319
36
570
352
244
349
732
784
1008
667
562
573
227
94
222
576
67
1022
1023
60
825
455
890
909
9
487
209
81
936
34
886
1003
678
194
317
26
355
873
840
841
869
917
75
24
241
543
790
505
378
858
183
744
140
903
154
509
364
188
705
14
98
1017
83
991
447
708
163
478
2
145
593
65
13
385
129
734
382
612
260
320
444
95
1007
189
642
225
884
192
7
1021
545
538
915
769
737
288
988
544
102
362
699
160
79
964
922
857
309
547
706
70
92
887
812
304
111
41
579
100
582
814
84
821
130
965
37
510
253
481
23
760
158
643
109
767
606
32
700
451
1
450
806
259
907
153
125
479
217
324
901
898
473
892
291
161
950
742
315
30
323
951
476
613
59
918
735
48
72
387
251
220
314
64
250
76
187
773
159
198
121
28
49
218
96
35
648
33
113
681
548
515
351
484
452
256
350
919
128
904
190
926
58
702
423
541
223
710
900
196
860
989
289
293
774
580
71
888
731
980
152
203
797
581
741
21
137
295
185
101
508
897
164
292
639
235
171
634
713
810
386
426
199
127
421
896
126
290
294
672
283
186
47
549
391
303
475
833
727
891
419
172
17
139
929
908
27
19
248
736
809
6
454
800
709
824
263
813
228
40
262
445
519
928
229
822
112
99
650
18
779
210
856
859
252
38
420
794
418
374
932
206
673
902
952
232
799
415
633
230
676
517
233
177
775
764
551
507
328
270
397
550
282
216
219
866
211
8
456
828
131
212
647
768
264
238
827
329
39
730
261
864
80
446
704
1002
298
332
807
671
641
832
968
640
485
796
383
197
930
16
123
63
184
511
20
831
758
778
693
516
885
173
243
178
931
602
535
501
780
276
122
542
305
661
912
911
783
914
31
237
666
937
940
124
801
1012
819
330
703
762
865
759
698
763
236
933
935
531
973
850
899
808
205
745
942
1014
823
536
615
424
746
590
300
360
1001
242
299
820
583
853
934
791
346
392
883
407
882
1011
795
275
941
425
969
440
361
268
777
776
393
204
983
561
782
394
274
752
267
430
502
781
982
984
398
1013
747
1005
406
269
972
496
504
306
690
851
337
463
1004
694
852
1016
472
308
1015
500
714
726
439
338
621
682
654
748
470
333
622
302
660
503
625
301
689
651
438
715
471
341
336
365
626
370
686
373
405
751
437
750
749
371
687
366
688
469
335
404
431
399
307
720
657
499
719
334
339
367
468
659
436
653
372
530
340
368
529
403
652
716
369
718
658
683
717
435
685
400
464
467
684
402
432
401
498
434
497
466
433
465
