334
306
670
642
193
675
305
362
277
276
248
449
724
197
723
221
477
722
136
192
88
137
42
104
249
46
422
674
505
72
647
106
41
251
43
105
450
709
304
247
92
73
421
669
761
335
96
108
220
420
472
719
648
284
639
741
45
74
717
333
38
769
676
592
393
223
138
165
713
585
392
75
173
536
538
311
90
312
443
110
40
743
94
37
485
556
169
703
444
416
641
224
71
707
718
753
102
78
710
689
610
113
97
686
191
535
747
98
424
712
638
704
194
150
534
39
688
310
275
219
107
646
337
779
279
711
679
773
650
394
109
750
765
778
441
716
222
278
681
470
499
396
190
690
133
371
685
715
12
591
654
682
678
471
414
721
408
497
708
49
533
566
369
34
595
589
706
537
47
103
91
596
410
635
401
370
582
400
62
613
367
510
99
572
649
44
668
744
339
95
619
590
163
123
568
274
469
162
288
564
437
267
166
135
363
409
777
636
164
273
63
563
405
768
653
498
661
76
551
684
119
567
493
211
415
618
652
140
398
130
565
127
746
677
468
149
287
580
250
423
552
36
587
514
701
50
244
692
201
430
243
680
694
767
426
609
101
283
134
760
427
542
486
754
521
403
399
9
764
458
87
61
307
116
573
634
3
433
482
1
546
89
440
342
780
397
82
615
617
266
349
23
509
520
395
428
344
168
781
783
184
314
643
372
608
583
218
239
782
691
79
56
457
593
204
749
645
238
364
128
57
161
33
571
156
660
553
738
729
581
217
637
436
699
574
58
272
289
215
318
208
263
655
431
575
32
569
30
48
100
508
720
13
350
11
281
51
766
112
540
597
52
611
290
6
54
413
671
532
549
365
246
683
604
659
728
758
270
522
207
85
663
434
657
526
343
129
453
492
294
265
630
548
620
230
633
429
235
172
561
20
115
315
19
182
176
240
35
154
673
594
435
319
507
672
739
496
177
466
216
84
696
27
183
666
705
214
476
260
16
373
607
547
656
513
445
726
579
185
731
237
117
625
377
241
378
687
601
714
187
379
28
179
345
550
602
153
693
560
143
494
236
757
442
524
291
60
451
386
8
425
206
523
25
2
205
203
188
55
732
382
0
667
662
748
122
354
730
541
124
658
481
406
141
302
459
213
664
5
264
155
180
285
131
600
181
152
125
18
212
157
145
356
280
385
24
776
245
86
651
231
151
21
700
242
126
300
772
121
234
258
178
189
412
4
740
588
303
338
525
745
174
147
624
292
148
256
326
323
26
384
118
259
366
252
616
557
351
227
324
622
353
462
352
202
506
269
325
742
504
253
375
368
229
120
402
114
282
146
296
733
332
255
737
752
81
299
390
695
448
735
331
474
502
771
770
171
144
254
199
361
