181
171
530
117
377
144
210
180
122
391
350
378
209
178
199
778
310
614
379
151
55
211
116
239
750
674
41
755
351
776
179
675
448
328
5
754
308
208
668
283
114
79
33
255
150
338
478
693
175
702
31
715
24
394
212
63
84
87
405
730
393
392
642
267
207
148
557
174
26
182
613
238
637
700
638
619
647
726
123
404
759
772
145
562
30
585
714
149
334
712
147
64
450
152
418
711
202
121
306
396
173
380
176
529
367
70
53
781
768
352
676
765
713
583
477
745
696
82
327
93
609
717
449
773
177
545
279
666
558
749
594
561
206
582
566
120
66
165
671
556
58
266
701
667
502
774
736
595
740
706
533
25
505
588
203
201
555
564
758
217
224
169
624
503
395
256
739
76
742
623
563
431
204
610
183
78
761
535
651
432
544
710
669
737
526
589
205
747
305
567
517
232
698
741
746
222
12
357
782
522
47
339
237
636
615
358
531
277
525
649
549
686
236
231
685
536
230
73
528
622
673
684
554
760
783
77
687
621
656
565
233
329
523
130
323
447
653
4
172
592
635
250
524
245
521
406
51
473
101
312
663
709
234
625
330
718
654
59
620
324
246
68
368
146
22
118
559
618
546
300
282
655
235
520
527
560
692
86
1
720
770
353
548
707
100
652
44
218
493
331
304
466
407
691
56
688
659
498
228
537
683
547
465
722
189
769
634
102
359
591
697
499
596
95
302
452
424
119
360
508
538
459
438
244
416
646
494
501
441
240
411
16
467
294
457
301
480
690
500
307
678
506
426
518
280
272
322
658
439
593
276
397
94
216
274
188
708
611
252
550
657
103
184
412
469
273
440
680
136
220
650
410
229
400
584
356
433
495
385
43
612
141
679
738
361
689
664
108
682
497
390
303
509
355
681
486
159
490
662
471
104
325
492
275
384
753
435
485
481
131
340
164
511
153
399
332
362
462
295
470
427
551
539
661
552
354
705
496
633
468
442
777
454
660
414
484
386
626
227
519
408
69
489
258
632
608
413
474
716
437
451
491
160
463
510
61
387
648
99
381
247
313
98
383
453
586
460
415
512
421
326
482
398
190
434
436
597
299
8
19
472
336
483
455
631
764
185
34
161
456
757
598
443
89
670
142
540
419
223
388
187
744
639
599
732
665
341
487
257
458
162
719
134
105
135
464
382
129
513
640
409
507
516
724
96
49
553
192
429
425
488
445
743
186
423
215
214
158
265
704
428
444
268
92
532
734
600
213
461
573
430
32
515
154
65
71
627
766
401
200
575
365
128
133
309
46
541
226
132
18
259
571
568
90
570
219
97
271
45
542
446
569
251
138
543
579
297
248
629
601
109
363
163
581
602
349
677
60
422
576
721
628
604
605
514
373
771
10
143
198
479
285
590
574
577
110
74
630
643
369
603
241
644
124
191
253
106
607
578
115
606
703
372
196
475
694
311
417
293
21
695
29
284
83
42
729
672
88
112
727
617
2
616
15
11
27
731
321
13
723
80
748
20
0
735
111
317
762
699
140
763
641
9
72
756
645
52
249
48
7
57
344
281
167
157
314
296
155
254
298
420
197
127
572
725
62
476
6
733
193
767
534
81
752
345
17
91
225
75
580
371
389
170
35
28
261
260
775
316
23
270
337
751
113
85
54
364
319
315
779
504
3
14
126
374
221
50
137
587
346
278
139
728
243
335
318
269
125
264
156
242
286
168
107
376
195
780
402
403
38
343
36
67
342
166
37
366
262
291
292
290
39
194
40
347
348
375
333
370
320
263
287
289
