397
423
145
222
365
422
506
393
249
451
173
172
642
199
478
442
337
704
480
369
761
254
171
229
118
191
167
279
424
446
518
405
777
474
226
119
703
546
117
198
386
452
420
170
425
723
231
693
469
124
614
363
528
133
481
194
499
378
448
459
366
358
163
414
687
394
634
285
603
207
385
454
200
779
201
281
694
377
282
432
208
697
578
150
669
602
257
516
658
501
631
388
468
203
415
760
132
65
688
776
500
659
778
549
152
497
447
715
689
765
661
576
350
441
336
396
496
651
144
458
558
453
482
511
131
670
650
24
268
660
202
630
577
227
135
66
548
164
309
421
313
476
236
253
498
296
308
604
718
301
384
361
461
606
339
641
490
645
505
1
307
537
686
219
404
756
305
460
174
320
508
450
338
252
509
158
192
426
345
230
517
662
95
412
618
341
729
633
6
550
515
551
53
311
280
177
348
262
214
139
335
543
714
780
204
190
26
716
440
579
674
663
314
483
149
256
64
148
162
141
406
376
433
559
284
206
575
728
389
2
136
732
387
560
671
512
220
18
187
112
530
471
176
635
142
228
113
52
147
525
675
55
685
753
417
329
0
302
276
25
29
588
258
691
235
665
368
205
32
243
644
545
57
443
532
234
527
310
260
755
189
140
323
457
773
10
698
179
31
288
315
586
328
616
245
83
766
123
232
623
216
17
213
215
431
782
536
711
632
699
349
653
287
485
398
727
292
657
134
61
9
605
561
56
30
672
264
413
526
273
629
754
429
587
370
542
168
86
519
241
357
20
188
484
617
593
726
392
781
4
574
522
111
218
146
125
419
259
304
82
701
692
700
261
495
533
295
274
19
85
5
14
769
615
473
16
28
493
513
7
690
248
590
159
178
783
27
373
3
467
81
535
730
54
22
521
643
403
217
477
355
224
379
94
23
116
383
84
470
407
21
186
472
122
180
534
678
290
410
91
434
15
547
353
523
109
759
524
271
654
436
342
775
156
36
620
399
531
356
758
114
664
489
196
242
681
11
275
529
673
291
762
439
380
351
300
244
157
455
462
364
540
343
161
96
596
120
143
541
115
637
263
464
570
504
488
683
225
247
445
556
110
326
428
539
169
77
682
624
327
126
408
438
648
626
427
767
269
435
757
371
636
655
372
566
622
731
137
598
360
255
240
705
411
13
510
128
58
571
381
722
416
491
656
717
37
652
324
33
312
487
702
46
706
8
695
712
267
400
607
567
627
78
677
430
175
466
340
552
402
283
569
246
316
354
90
89
612
272
568
344
233
35
710
318
564
649
47
772
640
610
197
362
638
456
601
449
572
97
609
374
502
733
265
106
367
289
317
713
12
573
562
395
160
325
600
59
684
250
359
270
286
768
299
544
589
319
62
613
735
70
725
391
330
375
138
514
520
538
251
475
382
98
34
347
221
553
751
108
42
679
151
707
763
153
298
492
51
76
293
303
737
584
239
401
352
734
409
608
507
418
676
346
103
185
625
48
743
557
129
277
619
628
38
597
71
563
39
181
774
595
599
594
195
49
437
121
680
67
105
592
184
331
333
297
130
465
75
266
127
565
212
764
68
740
750
73
390
50
306
87
611
165
771
721
63
752
321
708
69
555
