530
531
532
564
465
563
535
716
498
562
368
432
719
683
533
749
718
335
720
717
499
464
589
503
534
497
463
750
715
369
307
433
748
431
688
334
339
400
336
367
621
751
500
337
340
657
689
714
529
521
242
682
747
590
502
781
684
690
726
553
401
210
399
472
658
471
462
565
504
275
274
338
782
746
588
341
466
557
596
721
567
501
620
780
308
554
558
209
880
694
583
177
566
496
366
758
594
779
333
879
881
601
851
425
440
552
633
687
595
407
745
681
361
301
243
713
752
276
759
393
783
561
602
615
727
520
178
626
536
408
882
778
911
850
392
373
989
241
819
812
777
268
912
439
1011
424
145
1021
883
507
267
852
360
269
211
1000
1012
988
516
1008
665
628
808
445
1013
999
1016
1020
703
1014
415
23
330
329
795
228
236
584
944
298
947
952
31
420
1004
984
983
204
832
935
914
582
144
71
299
216
884
1010
18
864
763
1015
441
22
943
475
96
969
671
197
345
741
87
508
70
801
309
776
64
409
1017
446
1001
827
102
419
119
99
791
81
39
966
762
933
63
833
807
205
860
865
24
230
892
856
828
956
901
942
511
640
128
931
98
124
548
176
314
980
10
376
56
80
666
542
218
129
260
915
223
903
547
8
517
820
50
964
146
172
306
824
171
934
888
641
773
1002
123
250
571
38
289
902
996
473
897
1023
764
899
995
614
1
114
541
410
302
476
774
485
383
151
113
295
540
164
377
923
32
262
954
237
249
184
34
831
198
107
101
42
509
444
968
186
362
152
21
263
418
612
112
976
257
484
53
190
699
382
293
120
388
219
40
20
607
100
480
545
150
66
921
580
550
572
346
33
158
385
768
355
165
69
203
477
217
417
161
963
412
866
853
92
259
386
929
72
9
800
155
873
292
187
229
261
82
183
581
698
965
49
802
319
156
634
313
351
174
277
769
775
539
913
454
17
193
19
41
328
76
130
430
1005
451
1003
803
890
282
54
951
111
896
391
642
609
127
887
674
442
1022
736
251
175
898
930
708
235
294
997
290
834
889
356
893
188
78
280
37
936
160
676
941
125
315
706
2
189
378
859
287
731
447
732
421
110
948
909
918
639
325
248
945
836
139
796
608
452
55
835
904
109
805
67
191
895
95
613
254
940
522
1007
811
206
48
575
977
185
546
735
979
231
108
734
212
673
730
709
576
115
806
16
810
972
324
116
579
131
891
349
68
515
36
900
978
387
767
134
375
220
770
288
738
65
967
196
920
83
122
104
443
744
143
7
1009
93
323
894
636
610
118
549
126
928
28
222
255
905
140
700
88
35
252
137
11
173
342
352
794
953
813
320
182
606
258
587
154
51
799
43
73
448
479
74
194
962
389
347
14
6
858
937
862
97
225
94
354
868
823
244
5
772
932
742
543
413
863
946
757
733
906
121
159
573
423
153
79
350
702
885
281
919
638
809
510
103
332
13
544
985
670
357
157
737
224
264
77
291
317
86
925
987
570
478
62
577
344
986
106
867
646
321
135
47
358
90
917
450
854
27
253
327
855
449
916
632
482
512
643
467
672
605
326
138
637
380
416
861
1019
838
247
117
739
857
132
30
474
669
285
25
353
166
797
12
982
841
75
200
141
804
46
162
58
578
84
644
381
195
603
232
283
514
105
668
710
44
740
422
839
574
970
91
411
414
961
394
998
384
142
0
604
705
667
199
650
537
170
136
704
822
322
695
973
907
238
645
871
922
677
975
625
379
256
981
233
453
790
163
647
316
279
707
221
878
169
678
886
133
990
675
15
958
45
305
957
551
359
874
226
179
215
950
927
926
910
318
60
310
59
771
296
844
701
712
52
789
826
192
147
300
26
167
483
3
869
840
213
89
870
513
481
456
202
765
938
821
611
872
994
312
29
201
875
297
149
390
148
168
214
955
697
825
348
245
304
85
971
227
829
234
924
651
908
284
278
266
960
792
4
635
845
949
181
766
374
57
286
729
1018
877
876
61
993
743
1006
760
455
991
652
818
568
974
798
939
343
837
830
679
842
265
992
180
246
843
457
331
711
788
680
506
600
311
486
616
696
959
648
693
569
659
761
538
793
664
505
846
207
849
208
488
728
518
470
519
370
649
273
814
487
627
303
270
372
426
629
685
556
725
787
593
847
406
661
555
848
686
434
784
660
597
468
489
619
586
622
495
469
585
438
402
398
239
753
364
365
817
363
815
663
653
271
786
272
756
371
618
816
405
617
785
435
722
656
691
240
458
395
599
662
427
692
528
755
631
437
654
490
724
754
436
396
429
403
397
494
404
630
526
598
527
461
723
624
591
523
560
428
559
655
459
592
525
623
524
460
493
491
492
