78
107
472
106
385
443
350
526
384
79
136
80
248
566
358
310
311
537
640
676
499
696
580
282
442
520
108
452
498
668
42
20
495
266
441
163
377
267
164
551
294
298
137
649
191
548
22
481
493
66
357
467
283
468
218
471
12
16
43
547
678
242
550
14
405
24
376
509
453
494
34
81
21
554
46
268
404
207
165
444
47
549
302
677
724
553
650
240
269
48
296
669
522
74
386
321
192
641
356
64
109
564
632
576
49
135
473
523
565
40
552
284
435
470
440
613
578
594
162
219
638
521
186
579
688
697
346
270
445
651
221
622
527
434
416
243
255
254
429
406
228
352
430
230
75
648
412
297
378
193
239
259
212
466
781
525
86
63
13
679
536
459
667
261
52
295
188
620
23
303
65
200
451
607
244
469
496
326
780
725
325
256
271
17
324
634
604
214
480
621
560
723
33
635
431
508
577
238
663
15
27
636
695
220
492
380
746
383
672
353
354
197
687
349
752
606
686
196
662
134
301
381
18
567
533
25
532
433
698
241
726
510
351
754
6
581
750
615
190
633
653
41
132
717
631
11
623
159
753
497
614
417
630
612
728
652
782
654
88
26
50
149
158
716
778
769
347
419
