463
462
594
595
596
563
495
562
496
558
564
557
589
430
593
590
561
464
494
395
531
532
530
529
556
720
497
500
527
431
528
396
394
364
499
429
363
373
628
588
626
689
911
719
362
498
526
694
341
503
332
683
559
759
1013
1014
625
405
863
331
374
330
535
807
746
340
342
688
307
716
555
778
827
308
587
879
650
847
795
714
912
727
662
298
427
461
776
682
860
889
721
726
996
952
406
627
393
1000
747
275
534
554
361
944
279
942
730
764
998
1012
715
883
428
748
329
717
1004
775
1015
309
725
808
905
278
310
409
242
758
745
967
671
779
880
956
426
597
731
762
608
475
602
800
751
846
