278
277
108
679
292
749
674
310
76
592
582
713
71
268
544
179
641
113
594
738
768
558
559
99
406
686
223
437
126
765
378
595
570
408
507
42
739
147
100
75
249
639
543
128
291
212
588
351
367
495
216
621
701
681
97
348
777
240
225
617
183
162
760
264
237
146
259
494
656
577
633
150
548
234
576
274
409
758
737
754
585
761
265
545
82
312
222
735
236
246
605
596
630
622
620
521
645
248
227
575
636
352
155
550
104
73
436
131
764
30
723
250
393
599
465
349
244
715
661
20
613
493
211
180
190
466
319
214
555
578
660
438
235
381
629
632
606
295
672
663
522
757
601
407
380
410
461
547
603
52
253
396
628
546
536
560
154
405
24
538
687
432
28
783
57
376
325
574
549
337
12
434
27
192
10
2
29
58
524
433
602
382
532
371
209
217
781
540
51
370
520
616
160
479
604
263
340
435
53
343
116
122
504
635
8
280
579
476
17
275
631
600
780
3
286
206
88
727
608
67
772
101
458
353
364
372
260
9
609
541
638
112
480
19
23
21
151
431
634
323
159
736
70
49
37
102
572
584
304
542
320
238
722
773
95
273
324
215
163
462
721
194
508
755
366
61
187
530
195
426
775
83
205
519
587
593
571
750
384
293
36
50
41
78
252
459
692
218
182
664
690
573
152
285
247
314
69
350
640
422
219
322
276
315
132
281
125
245
318
239
316
153
342
691
491
164
534
34
210
110
762
13
136
515
464
290
763
161
133
46
321
395
68
124
77
294
287
308
463
266
427
288
166
181
392
637
38
47
191
106
48
105
341
63
365
518
482
488
420
66
167
732
489
267
35
665
586
394
317
751
454
490
62
512
289
96
123
103
725
483
487
456
313
516
455
517
774
514
107
485
486
135
484
513
703
