493
492
525
524
494
526
461
559
527
460
560
592
495
623
429
528
491
591
462
655
428
624
630
523
598
654
593
397
662
436
395
459
396
1006
430
363
974
556
404
435
597
561
403
427
437
558
364
618
724
594
595
785
723
979
816
728
617
627
405
631
629
557
946
651
848
468
653
817
975
622
1018
331
981
394
843
761
311
663
661
650
842
1007
619
374
992
986
458
679
342
240
406
815
755
793
847
426
754
878
585
993
692
978
343
756
792
994
555
837
310
469
486
278
711
910
390
496
760
362
729
246
743
180
625
147
955
626
332
279
239
959
712
872
786
875
490
869
85
574
487
284
455
680
945
960
453
1009
422
949
398
1019
15
247
168
586
57
841
518
998
347
939
434
599
874
922
656
707
221
849
628
373
265
943
569
596
675
766
271
179
316
870
798
987
505
286
826
809
365
266
953
573
938
89
277
149
678
997
207
312
948
201
245
916
3
839
384
644
473
804
322
693
318
214
348
148
635
877
234
309
605
297
300
105
116
375
677
906
611
411
162
991
357
103
380
321
740
840
913
474
52
701
957
825
379
976
106
606
443
705
871
136
104
668
138
646
876
296
667
74
543
830
84
12
578
765
575
980
132
907
115
118
927
725
189
636
990
844
90
962
924
283
637
181
200
86
73
202
519
55
389
4
213
192
372
67
191
771
846
700
448
167
821
141
253
117
696
315
97
25
858
134
353
867
829
977
224
529
514
973
510
838
0
157
845
194
169
478
423
256
244
47
603
58
88
139
44
551
925
608
414
352
142
135
996
537
359
358
285
291
34
91
645
421
889
227
48
29
222
958
674
638
26
890
75
613
737
166
287
604
643
354
270
46
710
610
159
65
77
704
68
879
854
670
252
744
868
772
961
130
226
288
133
732
672
506
731
233
669
479
356
477
857
1022
413
258
161
170
963
806
83
158
49
914
954
235
739
1023
706
325
95
861
215
193
208
72
329
16
51
45
482
544
82
770
153
59
13
836
709
35
863
320
545
416
895
36
647
742
923
175
254
225
873
513
1020
61
609
98
220
108
259
154
17
449
248
280
190
708
237
926
324
143
735
538
476
355
488
319
805
121
156
378
733
146
317
66
447
788
163
607
965
794
140
176
137
483
446
290
199
255
818
576
886
412
60
350
160
673
738
614
122
441
767
107
174
79
894
62
549
546
54
454
78
572
323
970
484
195
908
542
512
642
956
893
43
182
541
232
385
260
734
520
862
94
822
203
539
481
371
273
442
702
410
2
967
581
902
552
475
272
859
188
936
699
261
835
144
120
540
580
775
577
452
351
14
796
125
113
892
450
238
485
571
550
129
40
582
251
509
995
114
41
56
127
236
126
5
69
330
30
11
417
915
231
381
451
155
1005
891
9
904
810
346
950
63
900
50
515
206
639
183
217
109
112
903
898
905
768
480
92
119
888
344
341
7
947
212
93
803
198
773
823
27
928
517
38
698
81
896
37
230
391
445
96
444
33
292
70
730
165
102
612
173
131
579
32
257
634
87
196
28
80
790
110
855
53
764
18
229
299
802
187
641
799
314
932
326
327
71
387
388
901
834
151
797
769
205
763
774
929
42
21
382
6
930
807
241
281
850
64
298
276
22
508
988
223
964
152
293
548
20
507
313
676
171
76
100
887
616
185
177
349
128
911
328
250
985
697
856
944
897
111
584
1
489
800
24
386
419
211
418
828
547
264
649
1021
671
101
511
219
881
789
99
736
164
383
39
249
456
860
884
150
866
19
934
204
1003
184
966
123
186
8
570
145
282
289
172
824
243
999
209
811
713
197
640
937
31
971
295
919
218
808
402
681
801
831
865
333
648
664
10
784
124
833
568
425
409
666
827
587
516
23
457
1015
615
178
912
741
438
921
762
228
269
216
880
294
1017
882
263
695
703
415
345
918
899
301
308
832
1012
931
776
583
302
377
262
933
935
989
864
917
303
268
909
951
420
814
210
393
968
376
820
920
791
1010
883
885
795
686
813
562
1014
787
778
1000
242
777
275
267
408
1001
501
942
424
682
652
779
685
565
982
274
940
969
553
694
691
853
536
1008
602
440
360
463
665
306
304
941
361
851
660
632
407
745
819
601
746
757
504
600
370
554
633
392
722
467
812
522
952
305
340
852
1011
566
