556
492
491
524
723
598
754
589
557
523
555
755
586
554
566
588
692
587
460
722
459
522
786
719
490
599
369
691
687
688
61
336
503
337
724
367
630
535
720
597
22
721
521
619
368
631
489
756
753
4
110
752
19
534
366
620
567
111
458
0
60
45
663
305
400
24
5
399
23
787
335
751
553
272
585
93
54
656
376
621
29
409
457
785
750
338
28
344
377
370
689
565
239
600
690
155
564
303
618
14
326
286
304
94
718
783
471
150
240
456
255
163
53
757
109
1
502
21
349
51
483
208
664
271
62
725
601
327
285
424
784
30
78
408
971
195
885
27
596
100
381
909
632
696
13
345
312
77
392
771
3
59
855
360
359
439
817
513
482
617
920
202
985
949
470
245
306
862
877
20
789
739
264
686
488
835
120
382
816
26
449
1002
241
770
917
37
415
481
972
577
407
254
802
648
616
941
10
334
525
79
886
11
669
788
733
815
128
69
420
950
961
765
387
966
921
172
238
584
940
948
697
212
793
174
512
294
834
830
224
317
831
797
207
665
213
151
270
766
782
289
33
226
803
655
995
87
1008
101
931
749
348
249
657
114
123
388
181
853
273
546
570
894
173
603
814
863
480
579
568
939
1018
179
959
32
76
50
919
833
918
281
970
781
717
440
6
7
296
196
257
156
893
609
602
86
635
165
761
265
968
769
209
227
736
450
293
547
52
154
417
905
142
864
410
861
805
701
126
680
313
876
932
133
738
538
989
117
234
953
164
908
295
442
515
951
175
506
964
552
649
274
170
899
43
178
866
124
887
604
167
263
91
982
414
986
2
1019
160
444
46
812
800
246
645
180
676
933
937
928
143
836
413
391
958
383
938
952
741
825
200
231
967
223
140
108
539
824
152
412
193
36
829
702
798
42
451
514
987
611
957
343
280
82
799
131
132
811
378
1000
206
474
916
629
211
904
860
944
416
762
827
8
991
185
537
339
711
145
371
328
323
675
734
984
677
610
192
871
9
670
1017
955
533
44
225
926
936
832
532
898
935
39
983
990
169
729
176
900
703
12
358
571
977
418
278
639
166
549
884
41
728
758
743
956
493
576
1003
647
425
550
843
988
790
518
992
548
730
171
56
818
930
64
712
880
386
186
583
780
105
998
92
838
201
544
906
322
767
472
612
125
438
978
666
215
636
999
228
452
188
302
638
361
199
320
774
642
520
121
857
840
350
25
484
897
509
258
927
353
699
954
393
447
578
203
256
99
873
822
969
981
292
40
70
582
772
569
740
216
318
903
136
83
929
973
924
511
826
119
925
607
896
141
137
1021
614
135
262
837
354
854
875
351
75
106
516
907
662
419
572
794
615
324
891
708
519
214
182
1009
243
380
993
219
517
742
640
637
187
144
747
810
643
634
710
707
960
667
806
773
71
895
1020
448
146
915
325
779
901
671
454
282
536
485
168
1014
107
934
1016
744
870
823
68
849
1022
923
149
590
844
846
85
608
581
872
102
976
839
595
748
1013
74
679
232
856
795
867
288
775
118
210
31
852
486
73
148
980
375
153
385
487
551
540
804
633
72
778
401
1010
218
776
580
505
1001
842
138
479
411
1023
319
478
945
453
38
889
129
644
668
874
975
314
801
177
868
269
947
847
678
134
646
297
735
443
942
184
356
1012
355
477
84
997
963
157
352
828
441
605
745
681
508
902
737
220
913
389
229
183
384
858
1011
197
66
912
709
962
251
545
859
268
290
807
1004
892
777
194
698
259
244
660
275
55
198
732
613
205
147
890
504
848
233
89
760
379
994
250
674
267
81
641
423
946
1007
541
291
97
260
996
357
266
813
922
821
841
808
768
706
865
543
695
704
421
673
910
965
791
764
705
819
476
287
115
558
881
979
796
127
507
510
731
809
445
563
878
422
700
217
685
316
475
432
162
139
112
672
888
713
116
284
461
792
845
759
1015
455
321
301
204
879
883
80
911
446
222
763
943
1006
652
746
277
542
500
113
191
501
235
914
575
473
628
103
820
1005
869
230
606
96
390
159
716
104
298
714
248
161
426
574
311
279
242
261
237
35
653
573
726
882
253
252
346
398
310
974
65
531
276
283
95
88
90
307
850
57
469
684
130
693
627
49
682
624
623
299
650
58
851
190
247
158
659
333
48
727
347
221
300
308
406
67
236
715
63
189
18
658
47
499
122
34
694
309
330
365
651
17
329
427
654
622
315
431
98
661
16
428
15
559
468
332
340
402
403
437
527
591
526
342
404
362
683
374
372
331
467
495
464
429
626
436
496
592
405
435
341
394
494
463
528
373
397
625
594
433
430
396
364
560
462
363
395
465
434
498
497
562
466
530
593
529
561
