418
446
475
697
474
503
529
696
447
501
80
391
65
419
531
360
612
611
558
79
67
139
68
557
590
614
473
44
584
171
198
226
702
695
66
668
734
733
389
667
640
583
64
228
81
282
666
621
618
591
142
91
93
118
170
610
559
361
388
530
14
586
417
740
544
59
330
528
199
619
167
752
323
565
351
359
502
748
581
200
566
89
554
693
257
662
451
694
751
567
425
646
143
664
283
732
445
390
290
564
720
115
329
256
151
665
539
669
121
527
582
358
438
95
15
308
303
638
77
379
328
651
545
409
698
352
286
573
639
663
650
255
295
622
51
211
555
726
178
636
254
637
571
97
238
96
452
263
289
298
494
31
76
7
485
736
189
580
561
124
225
387
437
336
60
87
120
144
563
608
332
731
488
609
749
453
478
210
705
195
460
458
148
380
448
684
69
756
763
85
224
56
457
759
0
324
22
594
33
122
399
355
53
770
454
727
331
58
232
730
511
18
83
504
2
5
202
484
357
10
141
111
692
673
690
29
162
466
26
84
699
500
8
4
196
755
55
593
47
644
757
356
161
35
271
553
735
63
187
575
771
483
215
635
48
229
218
188
430
729
725
615
159
28
21
132
405
36
327
721
428
517
24
691
562
175
643
368
476
433
61
299
490
459
518
345
455
227
737
489
386
398
365
316
13
156
620
435
429
349
434
456
427
245
397
464
403
373
163
462
491
774
