156
374
669
515
126
782
436
540
157
438
681
601
495
274
295
551
299
209
301
661
462
85
573
271
242
218
487
584
543
634
354
243
607
572
449
655
177
327
758
335
76
204
430
626
560
574
623
569
131
512
94
528
101
493
258
155
5
488
635
1
355
570
337
410
407
322
124
92
471
536
189
206
429
74
416
302
629
662
246
215
234
286
527
481
567
154
777
236
153
213
326
265
526
125
181
730
675
428
443
216
84
152
79
581
210
380
259
689
53
624
158
190
580
640
176
568
610
266
490
16
97
214
325
56
497
403
263
89
145
479
100
591
514
414
505
553
30
272
757
408
537
240
31
775
683
307
728
439
477
547
633
98
611
231
426
44
26
173
434
18
650
456
671
184
627
11
484
489
648
544
99
673
453
316
285
658
421
25
162
759
95
211
424
507
260
513
660
182
509
482
55
625
631
433
29
535
504
203
508
86
179
208
22
375
686
96
109
363
134
539
378
93
353
197
237
412
415
323
452
630
432
310
289
290
441
406
525
621
498
349
351
402
659
440
519
201
202
517
637
483
379
174
566
546
377
117
376
288
442
279
468
405
361
212
472
142
545
399
225
693
15
185
657
183
656
169
350
589
338
779
14
444
180
451
450
565
115
470
448
684
67
704
564
586
473
257
469
651
454
676
612
388
311
646
143
118
678
114
685
283
425
705
698
563
733
726
256
503
702
200
502
618
696
614
530
81
506
389
228
557
254
734
65
199
417
170
478
529
590
390
559
282
80
501
558
171
419
226
391
198
475
447
531
474
697
446
418
