530
531
532
564
465
563
498
368
719
562
716
432
535
683
497
464
749
499
533
718
589
715
720
335
717
726
748
714
463
503
534
242
369
431
307
750
433
210
688
747
400
336
334
682
367
339
500
340
746
529
621
657
781
751
590
689
337
521
745
502
399
401
472
758
851
684
275
553
462
274
690
471
777
504
779
588
780
727
341
633
557
713
658
466
782
361
565
778
338
694
18
392
864
209
583
558
501
832
759
601
596
567
308
602
178
424
620
808
393
177
554
496
721
681
23
882
360
425
615
22
883
852
87
1011
594
741
145
81
566
911
440
366
243
865
333
687
50
301
812
773
881
819
640
776
268
801
879
269
880
407
1012
276
901
850
561
552
595
114
223
833
241
665
144
912
267
931
999
897
1000
899
752
774
626
211
329
1013
807
914
520
236
408
56
146
969
299
783
205
330
1010
8
536
507
902
373
20
420
768
943
21
516
237
935
795
942
439
820
1008
24
80
10
119
903
204
419
298
947
944
582
176
856
82
1002
884
113
824
53
175
1014
989
32
1001
762
966
216
929
362
445
102
800
933
172
763
171
996
584
249
1016
174
49
952
1004
641
230
107
866
827
228
791
980
150
1021
983
853
124
571
517
197
915
19
888
64
17
9
314
988
152
896
345
828
120
508
206
319
123
1
984
39
614
736
703
250
412
71
198
1017
454
415
1020
480
42
96
540
545
309
218
1015
111
873
391
129
511
541
934
186
203
382
70
99
289
128
112
92
98
383
889
860
976
31
54
190
313
386
547
671
184
612
475
764
101
127
376
542
892
775
803
941
260
666
262
151
979
456
418
38
306
898
890
257
409
263
441
923
161
1003
33
708
164
548
1005
351
34
355
446
995
628
295
63
921
485
968
217
40
259
476
385
155
254
451
158
165
956
835
100
954
572
794
948
287
857
193
509
936
417
978
625
430
972
769
1023
858
302
579
904
423
219
377
444
831
608
43
964
66
698
183
607
410
69
581
909
484
48
887
550
539
905
699
346
473
229
261
187
920
900
72
977
674
836
55
282
156
1007
634
238
277
730
41
945
913
642
477
940
130
467
885
160
293
388
235
37
2
125
859
575
1022
332
248
191
854
893
115
324
292
67
323
951
609
834
447
997
1009
188
918
891
744
802
95
251
189
576
732
522
185
442
280
731
131
639
375
300
822
78
806
118
134
919
220
88
378
895
580
394
212
315
16
810
11
735
349
36
734
796
636
709
767
452
811
122
196
116
104
65
813
638
894
546
35
68
93
288
126
290
153
862
479
799
606
94
222
823
342
733
97
855
328
73
953
928
963
5
194
62
244
252
700
110
121
225
478
258
543
443
143
861
637
863
906
702
74
510
673
670
356
587
549
154
28
7
320
352
30
669
985
937
103
551
605
573
970
137
757
182
294
344
291
805
482
930
317
650
83
706
76
946
790
515
987
474
231
668
925
826
90
986
632
574
448
1019
604
825
354
255
973
195
610
537
981
6
413
132
157
305
91
387
990
982
838
162
967
544
283
917
809
224
742
163
667
886
868
135
916
347
449
797
922
957
421
353
109
676
159
450
389
514
792
570
603
422
411
958
51
350
264
878
414
139
975
226
701
321
358
325
322
106
304
635
924
512
697
455
651
166
729
821
932
1006
25
136
577
29
926
672
141
173
652
75
416
457
829
950
646
738
281
327
695
710
647
374
379
955
871
3
285
215
357
568
359
760
613
253
772
133
58
105
737
839
221
927
578
232
965
765
227
798
770
841
907
830
140
962
59
766
256
991
844
245
910
86
77
384
845
296
61
867
616
4
247
789
60
818
12
870
874
108
704
481
200
138
27
266
310
0
974
46
380
326
233
331
343
1018
297
47
117
513
949
483
693
600
644
678
142
79
643
739
677
199
14
849
705
938
89
234
569
84
453
971
381
208
875
488
645
390
13
648
179
312
192
659
506
804
712
213
45
486
908
168
877
169
959
840
519
872
214
939
470
265
761
279
675
318
170
846
316
26
167
707
505
876
207
998
961
278
370
246
740
788
538
994
869
273
57
44
793
15
696
649
814
201
52
842
518
487
202
843
611
771
303
311
728
147
960
372
149
629
284
593
556
664
685
426
85
627
680
181
679
743
286
270
661
348
848
148
180
555
847
660
434
406
686
784
597
787
992
711
725
489
468
586
993
619
622
495
585
837
753
469
438
398
365
817
402
364
815
363
239
653
272
271
786
371
618
816
405
785
617
691
722
656
435
240
599
458
756
692
427
528
663
395
662
437
755
754
490
654
631
724
436
396
404
397
403
494
429
630
598
526
723
527
624
591
428
461
560
655
559
523
459
592
525
623
524
460
493
491
492
