0.03084898
-0.007842541
0.23983145
0.1804657
-0.23067188
0.21543741
-0.10884237
-0.039703846
0.34438133
-0.19634151
0.10053539
-0.28023338
0.6797161
0.8783078
0.17010403
-0.1831379
-0.085289955
0.066259384
0.04379511
0.07092428
-0.019217014
0.16915321
-0.028465748
0.20643854
-0.15610409
0.024287224
-0.2351532
0.054641724
0.09795952
-0.019709587
0.049156666
-0.046949863
-0.08401537
0.29576254
1.1606627
1.6553502
1.4480691
1.750031
1.6730628
0.45437956
0.4856
0.7090783
-0.5588274
0.45154095
0.45395803
0.8643694
2.1678247
2.245852
2.250494
1.0583134
1.6471663
1.5615764
0.17745209
-0.040968895
0.2216425
-0.26117897
-0.0883646
0.13268995
0.5035658
0.037419796
1.1428161
0.57496357
0.91293
1.3626065
2.2577143
1.9640656
2.7022376
3.0783873
2.497745
2.0141525
1.837584
2.2009912
1.8347669
1.3263106
1.551353
1.5843816
1.7000084
1.5316
1.7269945
1.7666802
-0.033242702
-0.73722696
0.063250065
-0.054736614
-0.12715006
0.01806593
-0.03677416
1.262712
0.88133144
0.764956
1.6647472
1.9913363
1.2445331
1.4457202
1.1952682
0.78016424
1.1550212
1.2415023
0.5869646
0.53157806
0.59228134
-0.031691074
0.4288621
-0.008480072
0.5749216
0.076541424
-0.09204817
0.97988176
0.56047344
-0.056347847
0.72504425
-0.05321312
0.058441162
0.24439907
-0.38815403
0.1252451
-0.63088465
0.14821339
0.30892134
0.4451542
0.6958647
0.62296724
1.2887917
0.56097746
0.49685717
0.40519094
0.5935731
0.63663816
0.5729766
0.21158934
0.08988142
-0.1534028
-0.28228235
-0.33160257
-0.6883311
-0.6895919
0.0
-0.81331205
0.56493855
1.3741245
-0.23020887
0.105662346
1.3811436
0.407444
0.013648033
-0.84768915
-0.3410778
0.32086802
-0.4564886
-0.20207977
0.1405282
0.31971502
0.3930893
0.2484746
0.38798714
0.50308657
0.48649502
0.5868859
0.6505251
0.76149035
0.6362109
0.7985048
0.3727932
0.30664158
0.120162964
0.53988504
1.7748642
1.0720081
-0.09745026
0.12808132
-0.24913502
-0.45011234
-0.5576596
-1.1756063
-0.63152647
-0.15617466
-0.355783
-0.23337173
0.07172251
-0.1015811
0.06364727
0.2365346
-0.021082401
0.30736017
0.24139357
-0.0011630058
0.07386589
0.23816442
0.308393
-0.11201048
-0.07410765
0.3999672
0.30094194
1.0189443
-0.25647974
1.7374406
-0.15259695
0.2408042
-1.1443095
0.1805749
-0.030350208
-0.21619558
-0.47841263
-0.16225243
-0.03133154
-0.44873857
-0.07639933
-0.18462372
-0.16415644
-0.26169634
0.078463554
0.13204145
0.00071668625
-0.41695356
-0.06202793
0.08728695
-0.1329093
0.21065426
0.29685402
-0.01200676
0.23304081
0.22135353
-0.047039986
1.5534282
1.1729813
0.1929307
-0.41957998
0.26023054
-0.04779482
0.07481909
-0.1167016
-0.3701105
-0.37457657
-0.032650948
0.063008785
-0.19418144
-0.13276052
0.19433308
-0.34400082
-0.25744152
-0.18796968
-0.07313156
-0.18672371
0.23871088
0.09812927
-0.0044088364
0.04167509
0.055238724
0.09344339
0.8494992
1.3285785
1.4518032
-0.6165099
-1.5334687
-0.5371518
0.18537426
0.41483688
0.025778294
-0.32176447
0.17316437
0.22652006
-0.10695267
-0.07935619
-0.10295582
-0.2521739
-0.19803524
-0.5248232
-0.4096837
-0.23713636
-0.3160076
-0.3856058
-0.029925823
0.21868038
0.039451122
-0.016770363
0.5273886
0.087470055
0.39090204
0.8238702
-1.7277827
-0.63355875
-1.8018222
-1.3834243
-0.2728839
0.31305695
0.7620115
0.0041775703
-0.20346212
0.0005645752
-0.03829527
0.11206341
-0.053495407
0.029613972
-0.55869293
-0.24714947
-0.6652293
-0.18057346
0.07242489
0.015834808
0.26113987
0.25933933
0.11798668
0.12745333
0.7913203
0.42555618
-1.0209517
-0.36888742
-1.3743844
-0.81721735
-0.7849498
-1.9702353
-0.97993326
0.06133175
-0.082033634
-0.08678532
0.026883602
0.043717384
0.10957432
0.3125391
0.15789461
0.0075001717
0.0021939278
-0.008199692
0.35798883
0.37222385
0.46149397
0.37012863
0.026645184
0.184793
0.2648425
0.043174267
0.70551777
1.2985811
0.53754854
0.25379372
-1.2221532
-0.92065763
-0.7119794
-2.038653
-0.56762075
-0.20324469
0.0019001961
0.15828943
0.10809326
0.48315334
-0.13747978
0.007441044
-0.009075165
-0.14392805
-0.7380729
-0.40312433
0.2462182
0.08546162
0.28254366
0.31468487
0.06133461
-0.09880018
0.054777145
-0.007622719
0.97208166
1.7933869
0.2866125
-1.0683866
-1.2436385
0.6271367
0.59705114
-1.7170434
-0.33519173
-0.898211
-0.43767786
-0.26886034
0.0096030235
-0.10178137
-0.20826006
0.2154665
0.054519176
-0.51147175
-0.6276555
-0.06585884
0.07946682
0.041146755
0.19749165
0.21082258
0.09430742
0.1480174
-0.15457201
0.15031385
0.56351423
0.032032967
0.21437216
-0.9880681
0.23026514
0.39741182
-0.44072294
-1.8988395
-0.5388565
-0.5816388
-0.42802763
0.093826294
-0.18046808
-0.024567127
-0.06688309
-0.05899048
0.11785793
0.11657095
0.3284254
0.46019077
0.0060710907
-0.13597298
0.37723303
0.335886
-0.038259506
-0.6477475
-0.063121796
-0.62046194
-0.82270193
-0.51507044
-0.25146437
-0.358706
-0.65519476
-0.07371187
-0.23545504
0.20413494
-0.33751106
-0.7677369
-0.350039
0.18309736
-0.012797356
0.2762084
0.123544216
-0.101845264
0.12345934
0.54760027
0.88816404
0.81426954
-0.00016975403
-0.20825768
0.44879675
0.45555544
-0.4455161
-0.8884368
-0.550581
-0.82558584
-0.9881377
-0.5258398
1.0961776
-0.73173857
0.041636467
-0.8172593
0.29037666
0.774663
0.97133446
-0.35695982
-0.07240963
-0.013557911
-0.0896225
-0.3929386
0.12076044
0.30601215
0.33617258
0.4421997
0.5072403
0.46894455
-0.06981945
0.1312275
0.4440732
-0.26014137
-0.46011448
-0.850904
-0.61072683
-0.62859774
0.18028879
0.36694717
1.6158395
-0.4492178
-0.13164377
0.064493656
-0.029644966
0.16171789
0.74122095
-0.030189991
0.084647655
-0.12482357
0.041841507
0.30025864
0.29616165
0.09998989
0.5170436
0.48338747
0.108783245
-0.0805707
-0.004024029
0.11771679
-0.06781626
-0.22462225
-0.2818942
-0.27919674
-0.3942461
-0.2476306
0.1529665
-0.2812338
0.14790154
-1.4972568
-0.32663107
-1.5120053
0.021686077
-1.0863099
0.40022373
0.4731698
0.28106403
0.32133436
0.39927912
-0.18601942
0.5751066
0.24472427
0.04694748
0.50370264
0.2453847
0.061016083
0.16550112
0.004278183
-0.4192419
-0.038678646
0.08306408
-0.04621601
-0.43078852
-0.04581356
0.63027287
1.0823126
1.0304818
-1.0649314
0.2306161
0.12788153
-1.9699826
-1.0228925
-0.419034
0.28185844
0.119684696
0.30685186
0.44826937
0.17164898
0.2626381
0.58256865
0.19084978
0.18084669
-0.008801937
0.08643532
-0.21782207
0.02493
0.58475924
0.39410448
0.0777092
0.27921247
0.31341934
0.723681
1.0798016
1.2385802
1.0222178
0.24379063
0.29773855
-0.12649202
-0.67428064
-0.5177603
0.12378311
0.25335312
-0.20841742
0.5347681
0.85454273
0.38723135
0.57435465
0.37266254
0.12227297
0.15724277
-0.16757965
0.09131622
-0.43493843
0.07313776
0.32531977
0.8509717
0.23925304
0.9105625
0.82226896
0.98237085
1.3418365
1.1169691
-0.14232397
0.61731577
0.22468185
0.3085084
0.049088
1.4564643
1.5147462
0.74652004
0.08637333
0.61104774
0.8431325
0.22985077
0.5182204
0.1392498
0.12700939
0.031160355
-0.41419077
-0.5566616
-0.1484642
0.11270809
0.80589914
0.52309084
0.8552203
0.9823308
0.67062616
1.1901932
1.83812
0.23607922
0.40384865
0.12756681
-0.2633705
0.53449535
0.24230671
0.777349
1.3520207
0.81182766
0.5307512
0.5478015
0.43816805
0.24518538
0.14441109
0.21887589
0.31663465
-0.03592968
-0.17935944
-0.46288633
-0.49165916
0.33663654
0.4576974
0.6303053
0.6092658
0.89738655
1.1012201
0.8335743
1.5415864
0.18667936
-0.17916584
0.86175585
-0.31964493
0.09452915
0.12659836
1.0927234
0.50793266
0.23249245
0.12100506
-0.1632781
-0.35890627
0.6095519
0.46381664
0.11832428
-0.0039548874
0.31874704
-0.4958458
-0.11176586
-0.06218338
0.6036277
0.2868991
0.7724266
0.98058987
1.1289477
1.0312839
0.9486351
1.7604051
-0.33145428
0.1905508
0.15448427
0.007484436
-0.025746822
-0.1525569
-0.3379736
-0.806273
-1.4904943
-1.7989192
-0.96179914
-0.48567295
-0.16483021
0.22401476
0.06769705
0.36790037
0.33112955
-0.18445492
-0.12763262
0.1847887
0.38482952
0.0027098656
0.6504941
0.7010875
0.51762724
0.10926533
0.23313046
1.4058785
0.59130335
0.3134761
0.1818161
0.08699608
-0.09387493
-0.0028734207
0.8563981
-0.85697603
-1.0823884
-1.683022
-0.32637787
-0.46810246
-0.6197276
-0.615294
0.07108927
-0.5685029
-0.25403595
0.011964798
0.051496506
0.11769962
-0.110939026
-0.05050373
-0.5946584
-0.064363
0.09773111
-0.7088237
-0.6982732
0.65664625
-0.33740616
-0.109425545
0.20619106
0.21132135
-0.016190529
-0.12509632
0.059152126
0.1339097
0.6906166
-1.0443473
-1.10986
-0.34066248
-0.21650314
-0.40381527
-0.38237143
0.19231272
-0.19059134
-0.3146553
0.41622925
-0.8448615
-0.23521376
-0.011002064
-0.1278019
-0.6367078
-0.09240246
0.39752817
-1.3740878
-0.29592896
-0.79892874
0.0552907
-0.23304176
0.091038704
-0.0572505
0.19545221
0.014840126
0.030260563
-0.14609003
-0.43414307
-0.118255615
0.34838772
-0.07256365
-0.61047983
-1.1467471
0.03721571
-0.14498949
-2.0300174
-0.61725664
0.66948223
-0.5626278
-2.0443683
0.12206507
-0.39028215
-1.0450616
-0.9511781
-1.4462056
-1.0301633
0.008179188
-0.18149185
-0.04149866
0.31419134
