466
467
434
402
465
396
435
468
654
397
403
684
436
651
433
497
592
623
683
395
622
364
653
591
650
437
498
685
626
462
404
405
469
430
401
529
372
429
655
624
560
593
365
652
686
561
363
463
370
371
394
659
464
682
496
625
716
373
627
528
340
341
715
658
16
1015
499
48
851
1005
820
331
332
342
500
374
346
475
530
15
1006
852
649
426
559
821
455
428
362
406
161
438
574
333
319
501
1011
1007
983
714
487
398
309
137
656
17
634
673
427
679
728
232
687
724
423
875
411
984
850
911
594
657
63
545
212
252
1004
116
1012
283
432
486
58
681
300
301
819
974
774
575
518
244
90
979
760
807
446
705
853
314
67
710
204
648
308
31
506
122
840
315
287
704
618
129
431
495
220
791
857
347
737
775
856
91
98
510
1016
205
235
923
167
647
677
162
270
973
869
236
454
264
829
874
35
66
40
211
605
318
127
422
52
942
573
699
660
706
676
247
158
237
519
843
339
268
494
230
831
636
447
163
808
393
26
863
255
957
453
443
76
115
838
590
822
539
148
543
303
888
674
901
85
117
698
672
641
130
638
378
12
284
195
231
1010
839
841
505
251
261
189
700
159
96
837
59
802
361
485
908
474
879
476
89
121
680
160
7
329
47
794
781
768
1022
123
692
756
729
154
316
606
233
507
84
33
708
103
79
712
900
267
135
138
882
763
72
868
912
11
293
180
477
157
262
845
260
320
80
1014
34
71
473
174
929
806
126
830
299
668
930
292
666
836
579
203
1002
542
136
980
571
828
547
444
551
718
991
222
562
898
789
509
425
330
881
541
334
99
1003
943
880
637
826
298
969
1023
788
924
168
25
107
736
323
229
39
246
876
384
743
873
355
57
646
871
711
854
513
629
221
27
291
790
348
49
725
640
678
254
861
164
379
988
956
302
125
975
95
549
517
864
338
279
859
65
369
