493
492
524
491
460
525
459
523
461
560
592
490
754
428
29
624
655
494
458
662
427
755
61
527
598
723
526
756
286
398
623
630
396
599
559
429
816
395
724
722
528
974
766
992
1006
661
939
631
753
959
786
728
798
522
363
318
240
93
403
993
404
656
785
60
817
771
971
843
555
397
949
847
284
938
436
30
842
848
489
597
691
711
970
830
4
875
876
877
285
366
977
692
960
1018
908
765
837
437
991
998
739
849
660
679
221
343
94
815
740
585
180
701
311
62
3
950
793
348
399
316
874
926
317
725
787
961
994
265
663
435
761
910
870
201
693
381
752
846
784
45
617
1009
958
208
611
862
677
878
654
234
246
278
645
202
272
844
927
829
675
1019
157
978
920
737
513
365
973
181
707
678
266
148
371
556
59
917
518
227
680
57
245
919
591
310
28
669
907
797
0
239
296
344
743
789
486
232
168
359
705
271
804
149
894
483
331
696
840
200
481
215
788
818
957
297
738
364
629
167
136
326
845
169
488
26
487
89
384
142
322
975
350
834
312
925
577
704
46
133
861
416
91
710
390
742
644
985
646
75
733
869
170
438
105
27
863
895
990
871
207
757
426
95
735
147
872
253
273
835
195
179
955
945
5
610
729
214
303
233
578
44
909
163
702
697
141
905
226
376
924
772
405
455
449
886
600
213
327
15
770
470
512
106
199
469
987
281
353
922
967
85
448
422
354
414
362
554
450
264
799
855
58
519
358
166
357
604
802
868
279
953
258
659
90
867
982
981
643
453
132
918
126
1003
1005
736
514
946
294
647
566
568
664
379
885
86
506
482
389
635
153
196
321
6
192
74
2
538
182
255
814
565
375
185
349
721
97
639
893
906
712
52
569
14
77
231
406
760
986
282
997
668
468
836
118
672
603
79
103
962
65
505
613
811
256
143
162
68
154
88
12
183
352
549
121
767
452
150
35
614
734
667
537
135
581
544
73
570
283
134
434
37
937
387
854
248
138
637
546
43
632
928
263
280
821
47
386
104
92
609
254
291
25
576
55
36
320
325
11
891
474
342
413
921
356
380
896
347
638
194
932
388
377
411
247
579
110
54
826
608
122
137
605
48
442
225
706
117
262
536
916
636
152
300
328
131
473
616
100
951
140
796
249
572
700
222
84
699
676
709
732
634
7
165
456
423
439
441
78
520
270
409
51
913
803
539
16
324
417
810
217
259
889
235
315
686
224
540
313
571
859
898
76
825
857
49
66
323
866
111
17
244
206
606
582
841
674
13
385
412
108
306
731
443
155
191
367
480
391
457
551
292
164
573
304
421
730
220
574
69
860
792
454
550
109
374
42
151
708
892
120
627
116
160
83
173
252
257
187
923
82
288
515
251
410
277
648
67
948
146
114
612
1022
586
790
115
601
19
130
769
941
394
1
440
193
418
887
407
53
580
125
858
744
250
890
584
175
451
219
9
186
900
229
607
290
98
972
823
954
184
567
355
670
81
107
805
690
764
698
839
642
575
504
56
552
346
800
101
602
408
113
50
293
64
171
176
128
475
119
139
828
212
666
87
378
940
33
203
32
218
289
188
929
41
484
822
314
129
216
295
174
99
548
80
198
471
261
112
510
447
332
904
260
472
96
123
10
309
24
189
618
809
444
819
479
517
783
930
305
345
853
38
102
230
507
673
228
287
330
172
831
545
241
695
145
197
485
547
976
903
888
161
70
144
553
21
965
897
956
420
936
1002
402
820
372
979
813
963
476
838
159
22
502
653
419
34
238
299
72
768
649
640
298
156
20
23
794
467
633
827
501
521
39
1023
40
8
899
1017
873
127
478
665
18
763
931
516
583
333
812
543
237
944
741
329
1010
71
178
964
508
211
933
204
503
762
806
370
824
205
968
209
942
901
791
615
243
934
775
856
302
641
776
319
966
850
373
177
880
628
952
807
996
477
795
236
267
902
984
879
995
865
1020
1004
276
587
509
915
988
274
268
1001
124
190
269
337
1007
495
884
534
596
158
308
351
782
360
301
275
881
774
833
671
424
864
1016
382
681
334
393
31
619
912
223
338
535
425
773
1014
685
969
779
361
935
999
808
1013
533
780
210
392
703
983
687
541
980
801
1021
595
943
341
1015
1000
832
658
852
751
713
777
511
947
781
63
882
694
1008
914
759
500
383
336
689
989
883
1012
778
340
242
758
911
1011
851
727
542
307
622
339
369
750
588
620
720
415
446
593
335
445
650
652
745
558
626
719
401
684
621
594
496
726
400
625
748
718
557
749
590
430
368
657
747
564
532
688
716
717
466
499
589
682
651
746
714
715
563
431
433
464
432
683
462
531
561
463
497
529
498
465
562
530
