522
523
531
532
566
533
534
530
521
589
746
553
491
595
399
527
563
564
367
596
490
565
562
594
535
362
460
588
713
554
556
747
567
779
552
459
555
780
561
714
529
210
847
520
745
557
879
584
368
781
849
721
597
688
848
812
361
500
458
501
114
209
693
376
817
661
878
758
818
335
585
881
720
427
999
689
816
880
997
1000
366
329
528
727
944
783
208
814
492
819
913
331
540
489
242
144
145
750
330
87
106
778
719
789
945
598
81
54
690
499
55
310
408
22
388
177
508
741
726
420
998
749
572
347
400
1019
98
846
844
228
278
86
146
502
1010
176
748
342
363
343
811
920
428
614
119
977
50
344
42
280
681
903
593
1021
1020
610
571
568
996
695
107
23
375
56
850
241
862
113
911
802
332
216
18
503
412
1011
336
582
200
311
118
910
877
337
304
409
97
80
1004
992
966
507
93
612
875
782
752
298
893
759
921
105
842
356
616
946
834
633
604
183
943
978
64
942
993
315
953
249
788
935
1003
448
74
739
874
377
664
10
813
608
260
1009
49
75
609
674
1001
78
394
152
29
504
895
66
952
808
104
861
923
165
150
82
914
835
696
385
843
986
947
17
258
191
151
888
389
48
1
892
273
217
897
357
851
476
322
740
1023
632
88
1013
836
882
102
915
1012
120
603
1017
92
134
417
257
873
31
95
665
96
864
742
860
863
70
277
1014
488
636
989
345
314
259
738
299
954
386
995
73
354
961
189
841
263
699
355
69
626
32
318
548
894
889
948
100
155
832
807
2
976
231
906
275
640
577
539
309
987
815
770
575
963
1022
312
287
985
868
962
988
262
901
516
805
68
509
994
706
798
845
581
215
628
475
116
285
248
708
607
444
65
103
677
1018
480
319
250
178
90
1006
537
279
37
1002
197
824
5
201
171
804
477
9
600
129
890
547
170
326
419
62
230
175
325
909
744
99
384
578
218
395
884
294
132
182
321
281
828
918
223
803
352
472
1005
967
735
445
36
316
34
546
143
669
737
951
536
733
379
970
156
827
164
599
108
240
712
732
254
276
765
3
615
157
772
272
979
955
938
902
24
115
360
757
969
541
898
110
925
573
694
896
274
771
89
916
865
883
441
236
764
282
30
416
0
639
190
474
136
701
703
239
766
51
443
221
284
202
447
76
198
407
188
392
128
267
1008
94
112
769
736
833
452
71
449
289
41
646
125
867
657
334
482
67
141
638
46
917
576
855
891
101
668
919
637
169
912
707
580
61
418
193
195
353
247
866
124
960
374
644
968
251
111
35
767
871
166
734
158
149
929
980
243
317
185
53
38
292
255
91
630
671
905
28
974
222
196
187
642
413
762
147
605
887
763
194
127
965
422
220
784
545
627
174
569
442
856
859
768
777
138
810
931
936
800
133
286
797
391
956
512
854
675
154
380
795
179
153
79
63
709
411
574
514
33
186
876
957
511
58
313
837
232
455
140
246
184
964
751
1016
934
358
606
796
958
57
975
27
211
773
858
870
922
440
351
774
479
635
350
60
601
705
43
295
753
629
266
801
454
809
602
8
77
283
984
130
641
382
320
364
45
293
324
728
123
924
121
473
415
291
235
253
731
229
234
904
526
513
252
498
799
219
227
142
839
510
631
346
122
349
544
135
700
710
583
775
308
826
645
949
613
333
579
414
26
840
542
776
290
126
270
495
44
359
715
393
702
450
238
207
900
486
214
730
926
410
820
990
625
225
172
461
907
869
829
543
658
899
1007
137
387
117
261
341
787
226
483
148
163
203
927
981
7
162
478
451
786
160
928
224
288
793
206
25
831
303
181
446
933
59
305
549
167
484
611
830
670
453
857
852
297
950
348
168
307
323
643
161
421
761
159
1015
383
973
6
838
692
268
4
672
939
139
296
328
11
792
21
109
729
423
983
237
306
381
517
680
790
204
930
39
673
853
390
518
19
662
481
676
678
300
72
199
47
991
806
932
83
40
667
327
301
269
937
131
743
271
704
205
941
940
551
485
265
244
16
558
14
971
794
85
245
886
885
570
679
180
15
550
233
634
697
821
378
424
698
587
524
264
52
663
398
982
515
872
426
586
519
505
972
716
647
506
192
959
431
908
20
760
256
822
538
496
666
560
84
711
439
823
825
456
487
396
471
173
494
213
785
791
338
302
12
725
212
340
406
648
621
691
718
373
722
457
660
339
617
493
425
432
620
13
659
754
717
649
365
497
682
369
559
724
470
590
429
756
463
656
438
397
462
525
723
687
464
467
618
469
755
650
430
468
372
466
683
405
592
619
370
465
437
624
401
651
684
652
435
434
371
433
686
436
655
404
653
403
685
402
622
591
654
623
