308
342
685
350
24
715
706
521
430
134
657
707
711
721
290
298
405
603
15
658
660
577
288
148
756
269
208
292
282
260
83
651
262
665
410
682
574
261
248
112
673
778
575
196
493
111
165
358
680
55
593
355
776
458
0
84
7
629
548
264
291
565
289
609
377
714
406
448
327
354
319
688
207
26
270
619
465
31
738
547
57
232
601
1
268
382
500
322
434
205
759
720
297
299
14
56
433
545
754
23
215
16
771
263
187
20
636
378
741
189
755
713
372
4
344
573
235
579
330
743
349
82
265
504
672
432
54
329
213
777
357
326
730
560
53
638
287
576
348
737
188
316
295
21
710
276
490
356
780
271
247
146
694
2
501
431
233
176
709
27
152
735
700
317
462
242
626
277
627
6
625
519
690
217
85
718
691
328
701
315
314
325
727
767
654
339
244
185
661
168
353
546
258
692
209
255
216
198
518
30
321
238
8
689
624
186
318
210
597
492
145
257
259
352
345
708
736
246
380
634
177
419
285
151
742
695
280
533
551
137
652
616
750
10
517
363
649
751
693
446
204
381
212
275
125
749
549
401
683
214
532
181
436
765
664
605
407
526
211
182
351
554
587
608
341
199
293
179
373
663
359
581
408
716
346
746
437
520
281
464
639
402
744
612
379
180
588
745
184
239
183
766
702
403
243
241
650
409
762
404
662
153
178
655
240
712
313
452
653
633
717
748
582
684
375
502
463
623
488
43
763
435
769
367
530
120
139
324
566
252
739
121
376
667
585
286
124
447
656
491
253
86
449
611
360
480
169
335
127
669
747
594
109
568
595
81
100
770
39
515
614
307
477
640
555
256
719
752
123
374
613
171
622
531
99
474
340
775
312
126
104
567
618
122
666
513
514
544
72
76
331
584
528
303
668
306
250
332
556
764
71
89
95
362
641
621
225
251
44
80
37
97
114
40
451
586
475
583
389
143
390
197
90
142
361
138
94
69
115
418
74
278
529
391
479
91
96
334
92
68
79
724
64
503
590
93
66
65
558
557
67
696
