396
172
677
397
370
116
422
705
506
305
423
249
173
732
443
535
562
478
704
703
164
399
194
424
734
310
687
220
338
294
369
163
773
398
429
731
371
135
320
336
347
368
416
774
602
561
425
393
144
266
400
222
442
221
470
647
772
534
414
343
466
686
394
469
725
740
676
494
132
631
428
427
643
615
191
283
563
385
412
468
366
630
456
659
237
415
678
192
267
459
648
679
733
496
234
42
426
254
637
467
440
768
455
279
133
296
497
236
136
604
438
395
553
439
22
525
420
365
411
175
206
219
681
383
337
386
564
384
201
103
781
417
589
245
635
441
675
723
729
499
471
106
29
61
476
107
697
9
131
757
445
11
454
227
779
226
460
202
444
632
28
52
524
167
387
19
190
18
59
149
110
140
457
162
699
644
783
32
483
620
728
522
273
159
102
119
388
272
392
495
141
200
550
645
596
536
511
17
218
617
174
600
130
782
599
578
150
203
193
552
523
62
510
722
160
537
461
592
489
157
628
538
33
413
46
323
129
154
5
25
509
606
3
311
674
671
482
158
571
231
304
598
507
300
758
274
230
302
498
473
155
161
453
486
484
60
101
223
34
13
105
147
113
364
642
58
12
485
108
543
333
487
559
156
229
301
421
224
481
73
570
572
569
450
539
726
527
35
508
670
38
309
117
512
170
607
753
284
472
88
75
63
698
761
542
87
118
580
540
591
51
45
128
41
646
516
166
760
505
195
610
70
228
98
36
541
49
48
47
50
77
78
