586
114
559
558
142
145
363
199
530
335
253
621
71
281
255
171
143
588
117
775
250
767
557
86
222
278
678
707
505
769
477
765
616
146
408
708
69
144
254
216
115
96
747
194
381
762
122
277
649
266
766
125
670
739
225
197
617
70
764
620
120
772
227
362
712
579
594
364
361
42
390
624
293
305
532
622
760
259
507
294
587
421
237
389
256
246
676
252
506
279
280
380
736
745
525
651
613
215
81
217
118
450
576
234
178
384
531
260
138
628
235
706
126
749
779
320
574
325
127
26
516
709
123
585
82
393
746
170
242
735
758
236
239
435
231
29
645
128
626
744
55
152
179
771
210
763
770
16
307
4
181
352
155
187
490
27
577
184
679
43
671
169
261
372
761
243
629
743
698
206
180
28
319
333
589
24
768
200
659
654
228
502
245
730
759
593
609
182
407
693
124
535
343
584
244
153
132
757
653
177
782
164
52
644
12
623
448
3
655
596
618
560
625
541
162
701
72
147
436
283
700
212
582
158
725
627
568
7
238
458
551
753
729
229
781
683
0
687
8
476
290
286
755
460
673
188
601
515
517
321
21
488
99
109
573
141
83
631
600
599
479
98
545
121
571
2
630
10
672
313
377
783
324
159
174
598
31
724
658
326
30
84
176
311
597
773
129
196
75
25
17
524
149
385
681
650
754
413
94
519
345
208
657
737
354
100
264
727
214
373
133
20
777
379
543
233
22
522
590
93
748
580
570
552
19
353
113
74
57
116
366
431
514
5
578
76
480
230
205
53
322
544
652
602
263
130
251
440
112
542
575
97
756
682
207
56
608
340
513
111
547
189
607
426
1
274
720
161
273
202
287
603
269
95
240
232
728
258
518
685
101
337
157
595
660
400
719
14
9
54
539
449
85
262
780
310
635
405
308
119
491
32
327
523
592
183
241
203
163
464
382
297
168
173
6
13
219
663
267
432
550
160
268
646
422
636
289
317
495
567
702
80
409
548
11
648
299
36
15
546
140
504
190
442
312
714
332
154
606
686
336
23
272
715
741
341
563
412
615
270
288
486
462
410
371
526
394
33
411
296
680
581
301
271
656
218
430
699
468
661
211
291
185
457
226
463
467
684
249
331
18
285
689
554
302
691
641
265
619
346
391
175
78
674
569
717
131
540
487
315
662
703
433
692
134
555
512
328
731
406
204
344
306
566
710
549
58
347
497
633
632
726
104
172
77
89
34
459
284
484
108
583
499
605
591
723
556
150
156
498
192
166
92
195
334
201
392
508
191
665
722
695
304
690
642
303
536
553
73
604
420
276
37
696
348
511
664
451
359
357
103
637
110
223
529
61
634
90
193
275
538
88
50
49
667
247
107
105
639
404
51
386
309
376
472
403
41
365
528
91
638
65
