738
474
677
342
350
367
370
453
711
209
213
520
295
427
713
292
298
718
452
439
441
437
151
489
752
716
466
316
675
339
521
314
572
496
751
349
778
485
318
355
257
148
395
438
469
492
721
417
705
470
461
374
396
454
401
186
282
428
198
378
456
688
483
329
494
447
414
356
434
330
300
643
774
640
478
475
136
750
482
704
455
102
481
415
668
383
493
564
776
534
443
429
358
471
369
733
500
375
44
740
351
732
388
510
139
527
62
87
562
610
35
509
402
135
338
398
221
106
537
63
669
423
399
137
694
425
45
397
167
612
424
360
60
666
323
220
38
68
503
64
248
465
66
533
444
611
501
40
59
647
48
419
67
416
734
387
79
165
445
565
46
473
368
224
561
47
697
614
418
446
