538
566
567
591
51
421
247
595
332
777
458
107
275
386
109
583
673
618
430
668
276
647
359
667
13
387
88
304
723
727
757
35
12
80
582
670
305
594
638
695
360
532
510
345
639
331
309
644
388
640
196
553
62
142
621
571
514
722
486
617
358
756
251
609
372
239
223
111
572
581
694
589
637
420
732
612
454
475
611
83
629
112
78
584
482
9
616
737
699
610
600
539
303
15
747
6
108
89
0
53
7
140
554
19
509
705
531
741
608
29
596
568
498
137
344
625
266
666
654
346
707
151
330
302
167
373
729
59
481
719
18
783
550
555
697
559
86
248
530
289
60
577
356
61
274
253
471
636
536
273
246
277
660
623
391
447
720
543
268
244
384
245
564
549
171
368
537
56
293
604
91
265
22
175
576
44
198
283
453
150
565
226
472
624
444
134
159
527
1
599
144
189
317
199
188
630
178
470
653
403
267
717
402
693
217
218
459
238
603
416
219
431
661
415
162
573
718
522
715
318
714
269
426
338
651
233
374
255
750
129
493
526
631
396
148
593
665
601
776
190
117
206
414
766
602
149
308
232
442
152
135
494
310
659
128
480
400
357
260
153
755
297
605
205
258
500
628
412
216
164
230
362
778
649
662
427
521
544
411
548
748
499
658
495
686
632
487
290
424
286
710
397
443
163
316
154
202
116
172
179
575
452
292
664
203
145
678
425
383
688
692
263
712
259
520
177
240
404
439
191
685
132
390
709
55
713
711
650
77
401
288
161
648
319
33
578
635
702
734
754
342
641
26
385
130
327
684
674
158
294
687
620
466
123
704
127
314
663
506
614
467
147
361
525
257
691
174
642
229
41
173
84
284
478
597
355
124
399
11
393
394
448
730
63
176
580
231
114
708
376
706
329
370
775
5
574
106
633
700
193
744
187
280
652
256
369
141
298
157
90
519
622
313
282
122
337
312
483
30
646
301
542
45
315
767
121
347
413
307
375
626
119
252
16
547
392
328
31
759
143
655
683
113
423
14
287
160
440
551
590
689
215
364
201
136
66
192
779
24
64
133
634
43
726
769
225
180
657
764
465
451
770
87
511
326
17
476
28
545
496
204
120
94
262
780
335
54
57
579
79
682
751
504
523
49
497
728
507
50
619
586
118
455
340
645
725
676
125
220
52
389
738
336
228
552
197
371
432
546
264
85
96
34
417
131
677
690
441
681
492
752
524
126
139
261
419
468
227
195
398
515
320
211
186
168
735
445
473
679
3
534
438
607
76
20
73
508
474
170
185
23
99
348
736
341
95
680
753
528
102
343
291
771
272
781
146
763
311
254
110
460
207
606
703
37
363
354
627
296
762
8
469
97
716
115
222
382
47
200
643
104
21
155
70
529
2
749
746
325
237
587
101
138
48
731
10
365
165
270
339
656
184
585
739
182
271
27
32
166
422
103
740
745
183
281
353
243
241
479
488
773
105
321
71
598
100
742
428
724
181
236
513
324
535
285
333
295
214
446
36
541
300
208
540
512
733
242
701
721
234
40
349
557
613
278
484
98
485
299
410
74
210
672
81
563
556
209
560
501
75
67
743
765
696
570
72
669
156
46
279
235
25
671
464
437
42
760
558
224
39
592
429
250
768
409
377
491
93
249
418
562
4
449
502
381
774
782
758
82
38
698
533
457
194
213
367
395
477
169
561
58
212
772
615
761
68
569
516
505
334
518
456
675
588
306
69
366
503
436
221
450
435
517
405
352
463
408
380
92
322
407
461
489
433
65
351
462
490
379
323
350
378
434
406
