674
539
189
297
119
505
356
724
151
245
611
25
743
693
145
575
551
476
720
235
765
750
393
327
94
533
158
265
148
98
86
234
205
782
4
398
43
477
582
595
92
345
605
378
435
185
749
84
298
306
380
163
645
218
270
206
547
266
768
131
1
375
548
669
778
326
130
162
95
0
241
42
432
673
177
671
493
188
16
268
376
541
427
307
352
643
406
438
439
573
670
426
434
570
143
612
711
566
179
630
211
11
610
97
766
56
337
55
421
681
729
355
402
180
414
204
116
134
117
689
353
495
300
615
212
79
486
593
523
384
608
260
267
273
366
169
325
423
301
299
377
96
511
370
350
726
44
424
591
349
504
656
190
619
546
183
557
335
769
522
779
394
433
679
494
698
156
540
201
328
400
403
696
311
520
422
309
289
572
363
649
574
472
535
59
379
571
316
521
650
466
351
467
317
564
450
405
657
512
561
565
614
338
416
396
118
773
173
397
288
485
305
589
733
415
646
618
484
256
279
443
563
590
651
444
647
171
648
172
740
399
425
310
675
678
447
513
705
676
282
697
677
704
531
283
474
418
446
