654
623
436
655
434
653
491
403
592
402
659
435
459
466
492
691
404
624
685
660
272
304
652
460
437
761
469
598
960
928
467
468
819
686
207
992
723
271
692
881
490
524
729
591
305
493
962
566
961
622
1010
376
849
523
458
755
818
621
273
208
817
648
743
815
850
457
711
977
658
788
787
565
620
656
154
505
473
206
754
345
816
619
371
470
848
175
710
179
797
971
489
4
537
946
569
696
630
927
281
440
344
359
370
313
199
790
455
487
820
186
789
303
678
538
629
327
994
408
240
882
230
239
616
510
366
852
733
360
326
560
502
29
786
522
822
684
728
238
456
328
188
392
724
599
424
631
617
679
200
506
511
813
391
194
722
82
609
785
877
171
661
756
978
570
488
940
48
880
646
1002
153
181
645
932
152
611
520
760
680
176
900
702
975
358
845
585
1011
896
899
534
249
618
941
851
167
197
697
551
439
991
712
959
843
27
844
514
433
518
550
110
83
201
675
533
583
826
669
945
925
225
742
180
481
384
196
235
856
77
209
885
698
914
784
875
766
803
577
642
155
73
44
782
291
204
348
546
921
1018
198
151
674
1009
825
870
699
1023
323
212
226
109
765
142
872
2
131
202
876
43
831
637
130
91
635
578
918
798
254
111
76
480
673
732
677
886
390
49
407
3
312
597
901
1007
907
182
169
61
86
838
224
913
707
972
252
99
830
581
218
939
737
210
701
52
59
641
423
93
143
317
846
793
121
774
148
0
79
859
893
471
909
842
513
124
482
647
891
908
584
1006
802
501
10
47
933
990
690
986
783
322
664
951
770
397
829
632
835
128
192
54
234
902
11
100
25
170
919
227
739
545
576
957
840
203
232
41
740
174
670
479
672
644
264
794
839
579
1019
449
601
541
985
87
211
28
164
610
183
867
521
318
571
895
163
871
261
149
244
814
888
976
841
251
447
834
282
801
401
864
472
253
262
600
294
375
354
676
639
700
586
50
837
517
30
983
398
663
233
904
60
187
485
350
926
922
117
166
412
1003
894
195
771
949
958
92
486
7
205
122
438
263
582
544
552
386
382
547
193
9
847
780
665
773
757
21
478
104
567
133
508
72
377
256
132
74
887
809
828
706
987
858
869
269
804
114
651
159
314
90
934
931
108
649
125
353
250
94
15
988
414
257
287
296
857
812
255
146
667
223
162
286
214
53
168
811
604
290
106
5
288
915
917
141
539
643
878
955
1016
101
66
855
989
736
97
85
519
425
862
884
55
236
416
32
316
413
229
614
119
953
185
744
668
237
213
1020
853
325
920
219
861
349
75
970
36
415
285
767
297
355
772
930
1008
832
938
380
916
387
116
734
984
8
178
258
381
270
136
640
78
950
454
103
215
575
113
410
923
89
35
65
704
515
284
536
147
417
150
542
792
948
836
231
548
42
606
105
241
738
615
753
775
421
1
451
19
605
221
319
512
426
95
33
954
158
796
173
123
1022
892
638
139
613
222
245
379
966
777
45
572
51
703
608
666
806
474
1017
64
735
84
808
20
293
156
80
568
81
969
549
873
320
383
266
868
935
98
708
898
763
16
165
963
671
874
906
580
217
799
228
315
1021
484
636
62
40
120
543
126
127
833
982
573
810
189
924
769
70
634
979
96
118
352
157
883
243
138
854
866
444
365
504
903
910
890
823
687
265
965
268
71
378
68
14
1015
452
705
12
172
442
295
540
190
422
302
26
897
450
776
574
283
745
1012
292
713
419
947
860
805
177
865
46
88
446
943
259
242
135
762
602
6
633
17
795
389
973
453
612
289
346
764
476
191
248
709
974
34
821
516
347
964
140
889
768
627
388
981
693
321
112
145
603
980
220
827
216
409
800
483
968
695
129
184
824
418
115
137
31
67
280
929
995
937
343
936
385
246
681
134
107
69
807
1001
445
22
356
37
160
274
56
741
879
443
555
912
781
607
39
311
465
102
57
161
38
399
23
441
662
18
267
999
63
1000
731
351
507
324
956
448
553
420
24
509
944
477
260
779
1004
942
277
952
791
357
863
144
718
535
276
411
967
1013
758
905
725
300
475
393
247
751
650
427
554
727
13
58
730
1005
428
301
588
628
1014
626
750
503
778
400
911
997
717
657
749
587
747
993
726
998
406
719
748
752
716
715
279
367
682
338
306
683
369
278
746
714
372
694
310
299
361
329
996
461
396
394
625
559
335
333
525
334
759
374
405
309
432
721
275
556
362
298
429
337
364
339
363
500
342
596
332
688
331
336
368
589
689
564
498
720
340
373
307
528
330
308
395
431
590
499
341
497
527
557
595
464
532
593
430
526
563
531
496
