647
614
44
40
444
565
39
165
561
416
473
675
669
472
696
224
446
668
41
445
471
45
503
537
425
564
474
415
443
388
387
533
91
79
611
509
590
220
150
528
481
694
610
47
566
59
247
510
89
538
221
688
666
303
482
95
583
399
283
501
689
106
137
451
424
311
618
567
284
556
92
452
704
309
123
398
639
257
275
397
591
650
527
105
169
248
655
391
330
201
778
667
419
339
64
719
367
684
386
80
638
302
414
646
204
498
686
384
716
453
589
470
508
46
641
536
697
193
87
562
465
648
500
674
102
652
148
130
43
469
612
475
619
157
685
418
581
60
554
121
108
563
441
569
654
320
529
285
423
447
643
540
151
109
369
568
710
51
499
301
520
400
653
176
37
726
168
580
202
158
717
312
431
592
411
88
96
18
190
11
56
595
6
94
702
483
512
274
314
174
455
526
134
149
85
576
713
722
282
492
690
268
454
676
715
553
192
160
140
615
511
304
218
486
358
48
438
1
664
136
38
699
395
63
682
286
427
14
58
203
365
61
458
49
318
177
493
232
33
297
329
720
25
337
651
515
258
420
129
99
191
577
331
711
780
173
290
119
449
390
32
263
135
497
178
233
98
15
31
539
428
662
728
319
74
230
718
597
459
115
54
681
683
368
239
513
723
360
732
552
235
625
596
291
750
125
155
661
542
237
139
127
124
623
205
714
256
276
357
345
5
721
113
188
288
9
97
754
23
412
555
640
170
426
212
582
753
7
22
776
487
359
84
206
456
687
189
671
50
30
242
680
231
607
93
413
0
198
484
727
478
214
404
642
756
656
574
729
159
578
626
693
548
104
700
634
179
748
264
733
480
551
644
373
759
53
261
344
340
782
103
349
332
421
180
16
660
251
544
236
156
695
779
514
321
101
175
262
186
238
223
265
541
292
293
752
598
672
524
81
128
740
385
550
546
185
731
673
392
244
377
633
111
606
4
207
326
692
269
603
273
593
57
171
10
701
460
659
734
62
466
543
213
118
382
730
496
333
234
289
287
442
100
77
394
396
141
777
631
547
575
196
602
457
78
35
476
36
522
545
266
657
560
645
535
601
705
355
624
55
219
211
210
152
112
519
663
20
468
781
327
17
485
2
167
679
636
315
783
383
637
19
8
245
417
630
691
328
479
677
229
13
370
712
83
182
3
371
599
432
215
761
605
758
403
585
110
430
90
162
209
52
755
410
450
183
316
757
73
217
184
29
632
665
34
354
82
187
65
154
317
608
635
440
299
26
570
376
27
147
131
523
488
243
126
534
389
579
28
401
296
21
557
649
172
573
495
584
338
163
246
120
24
764
294
698
749
342
437
107
747
594
521
272
208
133
516
310
571
572
280
760
252
12
267
347
305
122
600
549
627
448
161
502
622
463
195
763
307
226
241
353
678
181
409
76
504
467
240
279
709
525
405
216
393
406
259
341
374
271
260
741
744
609
153
724
372
325
67
132
228
361
613
604
346
295
658
506
494
200
774
491
324
116
254
518
255
66
464
336
308
751
435
68
725
531
199
490
144
736
530
558
559
