724
201
641
379
497
55
487
633
467
605
765
433
299
669
412
405
728
216
178
156
14
588
441
689
231
312
468
104
183
305
98
410
673
519
444
267
393
704
614
162
660
523
172
491
778
366
396
776
495
381
564
466
498
142
259
173
735
482
707
134
99
509
185
439
748
440
651
100
138
291
501
132
742
659
354
295
388
702
747
749
469
489
545
766
202
65
470
738
96
285
566
712
597
257
736
737
677
89
472
320
424
525
200
504
769
137
442
589
306
157
292
675
777
349
646
174
225
86
775
321
118
563
449
117
529
452
706
421
451
450
310
479
535
194
169
507
256
514
253
693
708
109
478
618
448
228
335
726
698
505
338
254
417
779
307
283
222
145
678
361
477
670
696
734
282
559
144
115
279
226
363
80
170
733
557
676
143
590
419
530
389
197
447
506
311
199
198
81
475
362
502
391
114
531
171
697
705
558
390
474
446
418
