593
434
561
592
624
469
433
466
402
560
437
625
529
436
332
362
1006
331
363
653
435
334
333
372
654
623
655
403
272
819
686
974
472
301
467
656
468
271
498
270
366
754
537
818
685
342
16
626
60
928
755
365
787
460
395
505
673
788
364
373
789
1005
330
491
591
440
705
404
232
756
687
492
394
405
273
15
300
672
783
840
401
960
786
677
676
284
528
929
569
302
709
48
465
536
873
396
784
397
438
782
343
896
493
283
850
992
820
320
17
815
973
201
942
1010
817
710
315
5
352
530
375
149
718
1011
739
361
473
341
908
127
1012
814
61
254
28
875
269
551
274
470
49
627
504
923
90
459
96
909
799
798
594
927
900
959
849
646
868
740
371
93
215
753
926
148
640
612
652
708
1022
76
816
975
326
699
870
674
888
662
851
6
828
684
864
27
347
4
891
309
379
264
991
941
265
559
921
346
907
647
170
214
644
159
183
244
737
797
678
47
742
91
57
568
263
252
323
348
706
31
934
734
562
874
58
92
651
668
821
169
1021
140
122
444
98
195
520
663
538
406
704
1002
578
357
137
427
807
650
897
89
181
233
314
679
829
385
741
700
63
735
95
212
645
881
447
303
349
59
310
182
546
227
94
222
808
231
154
1013
384
423
918
220
841
408
486
924
422
785
905
938
882
374
761
455
920
1023
736
869
168
150
830
358
822
135
666
163
2
839
476
858
863
44
355
572
711
180
506
990
544
781
848
318
1007
487
508
285
261
141
35
547
703
988
26
636
221
812
518
126
118
579
989
961
387
910
121
979
117
880
707
970
919
288
667
661
939
993
477
46
731
25
389
895
852
202
230
698
901
125
971
407
75
228
791
750
130
899
136
412
299
519
386
738
635
161
199
729
107
198
774
99
108
295
109
810
235
637
30
454
69
631
104
876
253
73
322
255
813
97
610
77
354
238
340
162
147
411
234
356
45
956
259
62
164
191
88
292
52
367
550
400
200
757
158
641
659
260
892
298
930
74
29
329
889
138
831
987
906
390
847
825
630
328
743
488
933
139
950
86
428
599
223
152
157
445
247
282
173
185
474
583
582
823
124
316
958
853
842
134
1003
552
949
509
611
843
359
388
855
809
378
296
902
262
321
846
229
120
793
893
962
751
894
540
308
294
248
955
762
724
184
297
311
327
7
767
479
291
416
194
794
187
165
275
266
581
131
190
418
857
1009
153
84
845
37
317
172
324
391
615
106
622
604
239
105
319
856
513
43
439
549
55
289
576
790
450
167
545
398
42
128
56
451
116
693
360
11
1001
613
133
204
1
287
838
414
511
510
206
834
916
669
980
142
570
514
922
480
932
937
634
50
453
307
752
85
119
353
205
448
969
34
675
1014
775
890
226
867
1004
82
957
827
760
887
146
290
940
574
174
417
246
100
639
792
824
826
614
345
237
250
836
999
12
865
802
166
189
872
571
877
981
13
602
481
998
102
878
36
87
712
943
695
179
267
160
925
541
967
605
903
54
671
325
421
171
965
458
65
132
575
213
41
258
123
968
603
409
694
763
443
197
20
871
512
811
313
475
245
777
14
393
911
211
151
483
268
304
854
441
806
70
78
766
188
744
312
501
539
280
256
764
203
866
9
771
643
178
482
702
879
796
217
155
982
606
883
286
860
449
293
580
40
216
208
192
680
83
935
66
175
53
399
64
642
517
207
350
936
844
72
966
638
156
278
225
193
210
566
276
224
1015
715
177
68
833
884
543
898
600
114
832
670
490
257
103
913
657
861
277
776
573
81
904
914
983
862
113
18
567
607
577
110
616
728
129
778
714
948
251
696
240
912
281
3
994
485
527
515
805
1020
38
115
953
249
730
19
241
692
8
219
351
779
51
452
377
716
176
306
380
885
196
32
769
542
713
33
701
279
745
658
725
804
23
780
67
370
765
697
533
978
1008
471
837
976
419
770
773
601
478
835
145
101
10
732
608
964
236
0
859
507
1019
410
719
484
243
801
951
24
984
218
1000
376
144
915
344
426
80
800
945
461
22
886
931
209
660
917
21
609
502
335
795
186
664
446
534
632
682
111
548
972
305
747
746
995
772
648
79
803
456
598
759
985
681
733
242
420
649
442
516
392
952
717
683
977
947
499
768
381
521
383
565
954
963
997
39
112
758
503
143
748
489
727
986
749
633
497
1017
413
946
723
665
535
584
494
382
996
618
71
688
415
429
691
1016
944
628
523
1018
629
726
424
522
720
721
368
619
339
500
722
526
617
597
553
457
425
524
585
432
337
369
336
690
531
595
338
689
620
525
532
563
596
495
621
586
564
496
554
430
590
464
431
462
558
555
587
588
556
557
589
463
