548
492
627
236
429
730
85
326
464
170
54
682
449
428
110
220
659
58
575
741
169
521
104
158
641
459
623
673
60
161
138
1
313
147
121
691
258
783
23
183
609
33
119
630
260
56
87
536
353
204
232
578
437
102
181
163
8
68
108
118
18
99
717
402
22
162
716
150
235
539
719
88
523
698
595
608
100
405
597
50
109
177
355
283
706
40
710
450
75
325
376
458
670
270
652
424
160
356
269
569
381
143
390
98
482
166
453
589
538
488
748
409
511
403
507
167
95
71
184
607
663
43
231
731
76
481
66
221
720
65
592
689
444
303
508
151
631
662
314
97
73
460
45
77
78
193
404
553
171
690
38
637
51
349
567
377
688
388
387
636
115
726
692
93
425
447
563
537
478
452
94
251
475
306
14
224
580
510
582
638
603
665
693
566
96
48
37
642
694
223
666
581
554
509
479
565
610
664
527
557
646
72
555
695
79
732
391
74
619
472
612
471
614
618
564
47
139
697
80
702
64
669
647
90
445
46
451
591
529
67
501
92
668
195
446
639
556
44
334
474
165
590
89
667
584
696
583
91
528
611
473
