483
321
268
254
641
425
525
644
197
60
265
625
313
176
704
727
17
645
695
444
18
752
457
357
67
13
80
170
153
723
734
85
88
775
430
427
475
83
196
23
476
225
389
725
514
28
459
54
665
751
50
767
744
446
3
779
337
11
317
423
107
168
343
139
335
226
364
461
14
285
616
198
113
212
587
29
152
0
15
429
728
9
154
617
699
780
111
37
112
140
253
195
729
221
7
756
743
504
36
420
766
6
38
62
488
517
748
491
316
259
35
568
40
167
462
515
39
370
763
71
281
428
484
48
81
342
315
166
455
489
292
314
487
91
735
137
464
456
516
463
278
486
333
291
366
260
261
264
194
286
490
290
262
287
263
289
288
