-0.03293705
0.047124863
-0.09062004
-0.015022278
0.023939133
-0.082689285
0.045972824
-0.060323715
-0.085315704
0.09829712
-0.042702675
0.12282181
-0.23172474
-0.49559593
-0.029107094
0.004306793
0.058810234
-0.060925484
-0.06504917
0.0056915283
0.011512756
-0.1042099
0.0074863434
-0.10890961
-0.0021123886
0.034593582
0.06400776
-0.055343628
-0.041895866
0.004088402
0.11714268
-0.044164658
-0.017292023
-0.09223461
-0.5455828
-0.8970413
-0.63302994
-0.6424904
-0.5998955
-0.3397789
-0.28694534
-0.2574377
0.584486
0.3293743
0.44430065
-0.1472702
-0.72723675
-1.0609407
-1.1545467
-0.40337467
-0.74893475
-0.6158905
-0.07774353
0.0153980255
-0.16971397
0.116773605
0.08224106
-0.08940506
-0.14771175
-0.15550709
-0.60634136
-0.24457455
-0.47532368
-0.5778103
-0.8020973
-0.5505905
-1.2464924
-0.92308044
-1.0930519
-0.750226
-0.556407
-0.15532207
0.026065826
0.03108406
-0.0002193451
-0.19416618
-0.23701668
-0.40767956
-0.4445076
-0.27817345
0.3473568
0.5762577
0.06113243
-0.039107323
0.05806923
0.0111198425
0.26734257
-0.42440128
-0.13995266
0.16070461
-0.3413477
-0.25044346
0.17799854
-0.21439362
0.057095528
0.06361771
0.41557312
0.095609665
0.22547054
0.15301514
0.0024881363
0.106529236
-0.042889595
0.083078384
0.26231003
0.10772228
-0.020942688
-0.7483845
0.036213875
0.35465622
-0.2294321
-0.078038216
-0.09373665
0.13204098
0.4790449
0.37114525
0.08165264
0.28757668
0.22454548
-0.074664116
-0.32749748
-0.25252342
-0.37594223
-0.07318115
-0.1469183
-0.03193283
-0.1517086
-0.08355141
-0.15311909
-0.12999439
0.086873055
0.06760502
-0.06024742
0.19649696
0.34237766
0.0043439865
0.35769367
0.5003996
0.25041485
-0.4473219
0.12229347
-0.052455902
-0.36230087
0.3351307
0.28450298
0.508585
-0.008792877
-0.20110512
-0.0034284592
0.09164238
-0.0013275146
0.07427597
0.043143272
0.13515091
0.053819656
0.08929634
0.003581047
-0.07898235
-0.049482346
-0.27862072
-0.15539551
-0.19398212
0.10471916
-0.068906784
-0.08253288
0.056694984
-0.68516445
-0.50813484
0.049678802
0.4742155
0.15409851
0.5183172
0.41262054
0.54767036
0.16547775
-0.14985275
0.019438744
-0.102908134
-0.07290745
-0.043966293
0.05062008
0.071333885
-0.037590027
0.17721939
0.08078289
0.08396721
-0.04283905
-0.10868454
-0.13795853
0.0007362366
0.17202187
-0.216259
0.18691921
0.014672279
0.27915192
-0.48740005
-0.06676197
0.84516716
0.20960808
0.51852894
-0.24332237
0.045980453
0.021392822
0.03123951
-0.03769493
-0.07762051
-0.019218445
0.012046814
0.09657097
0.09286499
0.17798328
-0.10635376
0.03705597
0.0033493042
-0.10520649
-0.046177864
0.18303108
-0.0452528
-0.11371136
-0.04468441
-0.3029089
0.18978024
0.401083
-0.30561733
-0.2752247
0.14999962
-0.09086704
-0.036672592
-0.15708828
-0.2456007
-0.07049084
0.03214264
-0.015544891
-0.041604042
0.029601097
0.12314892
0.114071846
0.039832115
0.30807686
0.1723175
0.06656647
0.1366396
0.011277199
-0.048330307
-0.0040607452
-0.18701744
0.08137798
0.030733109
-0.27181435
-0.0599823
-0.35477066
-0.07889366
0.12565517
0.47088718
0.07337761
0.07700539
0.4560995
-0.046505928
0.075463295
-0.0013246536
0.04483223
0.0444746
0.002316475
0.111411095
0.2467699
0.06585884
0.31165886
0.22224522
0.11266327
-0.004096031
0.08600426
0.07001591
0.03708172
-0.049539566
0.0854435
-0.15088654
-0.17562199
0.055282593
-0.19687271
0.8831873
0.17255878
0.5671778
0.6982527
0.8271189
0.20532513
0.32975864
0.12109375
0.1207571
0.005350113
-0.0012140274
-0.12730217
-0.022249222
-0.15695
0.3557148
0.08202839
0.1976347
0.07600975
-0.0006303787
-0.18435192
0.19694042
-0.16605186
-0.14380074
-0.0425539
-0.43830776
-0.37536716
0.9835255
1.2165658
0.6977415
-0.0055770874
0.15451145
0.8119345
0.8280821
0.36521626
-0.04450798
0.0019693375
-0.21713829
0.13135052
0.09852123
-0.05342579
-0.069042206
0.15984726
-0.13470936
-0.14994049
0.044067383
-0.0006313324
-0.013998985
1.6212463e-05
0.15763664
-0.36305714
-0.38879395
-0.3818245
-0.70486164
-1.0944271
0.09202194
0.7954035
0.8820858
0.034502983
0.3543005
0.5862751
0.08558178
0.14137459
-0.21973228
-0.11690235
-0.17149067
-0.005812645
0.24847794
0.114668846
-0.17824554
-0.16308022
-0.37442112
-0.022698402
0.04365349
-0.0039987564
-0.07936001
-0.15060425
-0.14415836
-0.26476192
-0.64169884
-0.686615
-1.1123476
-1.7987823
-0.34695435
0.99326587
0.7917681
-0.1577406
-0.3758049
0.4358034
0.241086
-0.19026947
-0.16551208
0.09147072
-0.18164444
-0.20723629
-0.1913805
0.063075066
0.19771004
-0.15542412
-0.20178413
0.04449463
-0.10078716
-0.09721565
-0.0022125244
-0.010300636
-0.12837124
-0.27977753
-0.11491394
-0.36409473
-0.5505352
-0.18980503
-0.32685947
0.66178703
0.25019455
0.03480339
0.39745045
0.5668707
0.108306885
0.34694958
-0.13447475
-0.32124996
0.041503906
-0.048631668
-0.040112495
-0.06739235
0.071588516
0.10385895
0.25555325
-0.009473801
-0.111166
-0.12856102
0.055987358
-0.023514748
0.029826164
0.14227676
0.022586823
0.19323921
0.28154945
0.24129486
-0.15583897
0.7222309
0.077765465
0.14256954
0.6455288
0.22105026
-0.031809807
0.3934555
0.2299366
-0.038654327
-0.08417702
-0.19709682
-0.14122581
-0.15065956
-0.0777483
0.10751724
0.33407974
0.046673775
-0.03046894
-0.07809448
0.049051285
0.16596985
0.22117138
0.3758173
0.34302807
0.21920776
0.46930027
0.67853165
-0.4162922
1.234575
0.12611198
0.17564678
0.49822903
0.5681534
0.04509163
0.19369602
0.09196663
-0.037600517
-0.15783978
-0.021345139
-0.0026245117
-0.08078575
-0.02204132
0.10019779
-0.02246952
0.09059429
0.09393597
-0.008695602
0.0887804
0.16780281
0.30051994
0.35587215
0.40333748
0.4728508
0.13200569
0.5933113
0.03166294
1.0155985
0.0991621
-0.068701744
0.84420395
-0.0119924545
0.002371788
-0.032764435
-0.10020447
0.06545639
-0.12533379
-0.24426365
-0.27158833
-0.040093422
0.29002953
-0.054364204
-0.13381767
-0.16896915
-0.02147007
0.010685921
0.03944397
0.14609241
0.36730766
0.03824997
0.32738304
0.22985649
-0.009732246
-0.1065321
-0.10541916
0.57686424
0.021553993
0.46589565
0.7193613
0.4136572
0.08494377
-0.00022983551
-0.032351494
-0.11896896
-0.30987835
-0.037021637
-0.39725208
0.21217346
0.13594627
-0.46350002
-0.22687054
-0.14918518
0.096297264
-0.003156662
-0.17908096
-0.058743477
0.13236904
0.04279709
0.23294449
0.09212208
-0.23328876
-0.12290478
0.094698906
0.17084408
0.26422596
-0.027104378
0.40512943
0.1981821
0.35797882
0.23460007
0.059069633
0.049798965
-0.1305275
-0.022398949
-0.034214973
0.41091347
-0.053912163
-0.096972466
0.01734066
0.15370178
-0.0062179565
-0.023805618
-0.065387726
0.01630783
0.05321884
0.00012874603
-0.07946873
-0.19026184
-0.33114338
0.041906357
0.29006863
-0.073311806
-0.061990738
0.09426308
0.093429565
-0.054382324
0.30057812
0.18425655
0.30906868
0.19360352
-0.06953049
0.12126827
-0.0025138855
0.007689476
0.0939064
0.10006237
0.08188915
0.18096256
-0.10645008
-0.08386707
0.016695976
-0.11266518
0.014268875
0.029016495
-0.108950615
-0.10221481
-0.039503098
-0.22763538
0.4229021
-0.46729755
-0.108062744
0.0063180923
0.32926655
0.3897848
-0.009113312
0.0051612854
-0.002450943
-0.14965439
-0.1508522
0.052067757
0.00067329407
-0.070469856
0.08263874
0.05820656
-0.21414661
-0.05159092
0.12291813
0.029032707
-0.22070694
-0.06561279
-0.14594364
-0.09314823
0.09929848
0.01701355
-0.30494976
0.09385967
0.2385397
0.15629292
0.009400368
-0.14379978
0.053937912
0.34543705
-0.17628479
-0.30387402
-0.058154106
-0.18177128
-0.15467453
-0.04662323
0.02790451
0.21547222
-0.06402111
-0.0030727386
-0.15395641
-0.23536968
-0.07809162
-0.065647125
-0.019235611
-0.13511848
-0.09338188
-0.1799097
0.08448124
0.0362463
-0.26084423
-0.012992859
0.34329796
0.29683495
-0.013151169
-0.13684368
-0.01133728
0.27702332
0.5463295
0.40784836
0.25188637
0.32219982
0.29580593
-0.2390337
-0.034846306
-0.0101156235
-0.15874004
0.013367653
-0.17586803
-0.107720375
0.00951004
-0.25881386
-0.0823164
-0.20341206
-0.29418373
-0.38144302
-0.012324333
-0.007829666
-0.5894184
0.20437622
0.60219574
1.1665289
0.1032362
-0.02968502
0.12202072
0.46969223
1.097213
0.9881427
0.7055836
0.7214737
0.32728195
0.0074357986
0.055221558
0.028253555
-0.14020824
-0.0076408386
0.004910469
0.0043754578
0.0069055557
0.009696007
-0.12578964
0.081879616
0.15364456
0.10741806
0.08031082
-0.06836605
-0.6394501
0.568573
-0.11429787
0.3004217
-0.05196476
-0.03140831
0.107624054
0.00062561035
0.12261677
0.60039616
1.0432837
0.49382496
0.4231596
0.5132961
0.4902315
0.07902813
0.2981701
0.41775513
0.11462593
-0.05768299
-0.016600609
0.16416359
0.15534115
0.37686062
0.38903427
-0.020695686
0.27161598
0.47464943
-0.09265804
0.7550936
-0.102786064
0.24964714
-0.1003294
0.037111282
0.048340797
0.020360947
-0.018541336
-0.12331772
0.38392353
0.3290434
-0.0034856796
-0.10839081
0.045425415
0.22541428
0.040468216
0.2166624
0.32201958
0.19111156
0.5772505
0.2606945
-0.035158157
0.07193756
0.6575012
0.19818497
0.2956581
0.58612347
-0.2909441
0.1840105
0.16182137
0.13715076
-0.087638855
-0.025598526
-0.041449547
0.08799362
-0.015550613
0.13820267
0.36758518
0.0879488
-0.11554718
0.24955273
0.55228233
0.58006096
0.11830044
0.20967865
1.0670354
0.05790043
0.03018856
0.092038155
0.5808811
-0.18370438
0.1178627
0.26312828
0.361475
0.41054058
0.5589886
-0.0002975464
0.08572483
0.061408043
-0.04170704
