334
306
277
193
642
276
670
42
248
362
249
136
88
769
305
723
422
278
741
194
106
46
250
722
724
107
41
221
709
675
773
110
105
304
707
420
104
38
743
192
674
222
738
197
761
765
477
72
335
449
392
78
393
534
585
71
137
251
43
505
768
717
312
742
746
747
394
297
587
138
713
62
108
166
281
284
647
45
165
536
298
75
764
421
679
750
103
766
296
73
34
293
40
318
299
450
416
739
133
37
135
708
712
621
592
443
49
762
116
320
292
542
541
772
253
102
744
223
716
291
745
710
767
753
50
290
337
39
247
369
12
173
711
715
497
333
639
98
263
97
472
164
721
543
494
499
511
113
396
94
444
539
363
90
484
279
556
346
485
424
96
495
662
265
310
535
669
210
552
414
264
74
682
513
641
130
438
307
99
441
468
654
760
779
532
737
470
680
212
685
271
382
617
237
533
423
681
3
383
493
521
180
395
109
101
492
319
131
524
9
512
588
27
367
781
123
701
187
140
23
496
754
776
158
129
82
783
128
112
159
168
540
526
127
491
616
770
235
238
469
749
778
145
436
186
384
467
550
208
52
313
122
633
462
100
311
653
498
183
413
236
672
6
280
758
714
19
553
412
206
169
782
525
8
409
692
440
560
439
507
366
1
385
777
683
655
735
775
463
632
549
339
95
381
523
340
466
465
551
522
671
520
179
748
456
252
471
508
17
555
30
411
442
338
519
464
55
646
209
673
728
435
16
156
125
184
86
285
589
25
178
117
225
563
698
726
115
283
143
114
256
502
81
