327
201
22
188
575
729
104
408
610
514
550
643
356
488
472
725
292
442
473
388
495
152
79
11
497
300
15
577
239
412
433
615
420
496
317
422
337
14
576
156
179
652
319
646
498
637
396
678
466
318
316
414
513
732
180
579
134
564
726
423
118
562
595
703
618
648
522
200
647
467
299
510
172
698
702
434
561
290
494
622
523
397
308
450
603
256
328
309
594
604
440
173
563
65
740
394
443
521
705
254
441
773
59
415
590
614
612
170
529
417
416
468
677
470
559
478
80
558
283
425
469
336
501
675
171
676
734
444
282
419
226
704
391
198
475
447
531
474
697
446
418
