0.019786835
0.07346344
-0.057702065
-0.06711292
0.063554764
-0.0351429
-0.00055217743
0.00939846
-0.1411066
0.037322044
-0.064941406
0.18153
-0.12795258
-0.3519354
0.02783966
0.038895607
0.12369633
-0.13479519
-0.0071468353
-0.061017036
-0.0734148
-0.18612862
0.01721859
-0.19979858
-0.0516634
0.11592388
0.0559206
-0.124773026
-0.09115124
0.06967926
0.19310856
0.008475304
0.01051712
-0.006839752
-0.4572363
-0.5889816
-0.41785526
-0.5777178
-0.6046667
-0.18634033
-0.14426136
-0.15714645
0.34243488
0.2715311
0.46762943
-0.010567665
-0.5146761
-0.7092056
-0.926322
-0.25055695
-0.6488848
-0.47135544
-0.09419918
0.056814194
-0.24457455
0.19287777
0.1422205
-0.1229496
-0.11532688
0.17159271
-0.32403564
-0.24127102
-0.7123976
-0.43002033
-0.5491228
-0.12383556
-1.0720005
-0.5905304
-0.63790417
-0.75282097
-0.70217514
-0.46411037
-0.16821384
0.02782154
0.066147804
-0.23560715
-0.17381668
-0.3964777
-0.4989872
0.32602787
0.62697864
0.6531656
0.048567772
-0.009541512
0.07531357
0.094922066
0.33019352
-0.3064022
-0.33842278
-0.37381935
-0.8328581
-0.43300343
0.09888458
0.0082912445
0.10690403
0.102796555
0.35670376
0.2088108
0.2119894
0.093984604
-0.19167328
-0.032832146
-0.22269058
-0.0966053
-0.0062036514
-0.19085598
-0.4539442
-1.1085672
-0.18543053
0.28619862
-0.6535282
-0.0814085
-0.17281818
-0.05399418
0.32354164
0.21510601
-0.35131645
0.10270119
0.43205357
-0.15472507
-0.3614626
-0.114398
-0.34653187
0.015200615
0.014760017
0.0009860992
0.022107124
0.036060333
0.25302124
0.105547905
0.0012178421
-0.011861801
-0.071837425
0.12363148
0.38919163
-0.056319237
-0.28829002
0.0039720535
-0.14689541
-0.3334322
0.08455181
-0.021961212
-0.22243404
0.35835838
-0.42574692
0.21630955
-0.19199944
-0.36804962
-0.02599907
0.12150955
0.04481983
0.10531807
0.22223759
-0.012588501
-0.018112183
-0.014142036
-0.33619404
-0.023352623
-0.17322922
0.14754581
0.12828732
0.091628075
0.18883038
-0.15158463
-0.26416302
-0.48573875
0.3794098
-0.26623058
0.03012085
0.5017147
0.26656818
0.4161396
-0.09748173
0.45630836
0.15765858
-0.2415638
0.05934429
-0.0077180862
-0.15061188
0.030857086
0.15632915
-0.060020447
-0.021962166
-0.11387539
-0.046031
-0.063046455
0.10471153
0.0031957626
0.10172653
-0.16519356
0.051054955
-0.26848316
-0.08445835
-0.72932625
-0.6980896
-0.87722015
-0.12539673
0.25202465
0.45343494
0.5830715
-0.07208347
0.22851753
0.14387321
0.15266323
0.012003899
-0.113438606
-0.08175278
-0.08675194
0.01337719
0.07012272
0.19929695
-0.058986664
-0.09002304
0.1981554
0.19159889
0.1525526
-0.18628407
-0.027407646
0.001458168
-0.04113388
-0.40670776
-0.5636444
-0.50996685
-0.5911217
-0.06252289
0.0687809
0.19761562
0.10485077
0.25642967
-0.19699001
-0.1790247
0.05603695
-0.09749508
0.030755997
0.008683205
0.076286316
0.07424164
-0.099822044
0.2845068
0.34097576
0.29217815
0.37458706
0.10066891
0.19550514
-0.020094872
0.08682537
0.018068314
0.1534338
-0.5495281
1.2640657
1.2722874
0.38627625
0.09893894
-0.081264496
-0.034043312
0.045157433
0.7573106
0.19066048
0.026934624
0.10601711
0.09806824
0.04615593
0.010533333
-0.08242321
0.11084843
-0.021508217
0.20344734
0.303854
0.3671217
0.10648441
0.27980804
0.10879135
-0.03571415
0.056952477
0.017623901
0.12917805
-0.26088428
0.53568745
1.13253
0.916847
0.1170702
0.35484695
0.95457053
0.7212956
0.05764389
0.33287048
0.015034676
0.09234142
-0.016291618
-0.07689476
-0.34951496
-0.1498661
-0.39103508
0.23874664
-0.12556171
0.08533764
0.15330029
0.20553875
-0.05607319
-0.2531309
0.037638664
0.069205284
0.068367004
-0.3840456
-0.4195795
0.5927365
0.58875775
0.70888925
0.26890945
0.51706123
1.0097888
0.6476929
-0.060881615
-0.35133266
-0.18515873
-0.30434608
-0.44141674
0.22192574
-0.34129333
-0.2237978
-0.2722664
-0.30479145
-0.5524082
-0.37111187
-0.22401905
-0.24935818
-0.0958519
-0.14830685
0.42210865
0.30995655
-0.25047588
-0.79038525
-0.969059
-0.07524395
0.32125282
0.6817515
0.3286724
0.3032446
0.6546862
0.10603523
-0.23152542
-0.7686415
-0.3275404
-0.3670864
-0.030649185
-0.37712097
-0.16514492
-0.3242569
-0.21901608
-0.5756273
-0.33022022
-0.52686214
-0.29100323
-0.348073
-0.09109497
0.28600025
0.3740425
-0.1418066
-0.7885685
-1.2378607
-1.5914478
-0.44283104
0.2575035
0.6024716
-0.07103348
-0.3144579
0.42427826
0.1339941
-0.4465704
-0.4607792
-0.268198
-0.46714687
-0.3572359
-0.3019333
-0.00872612
-0.3404379
-0.5062561
-0.48811817
-0.32979298
-0.7363014
-0.41253567
-0.16156387
0.047351837
0.37401772
0.015948296
-0.2473669
-0.39368916
-0.56269836
-0.17267895
-0.2233162
0.28575706
0.2802286
0.017684937
0.03351879
0.59196496
0.021357536
-0.016870499
0.002603531
-0.30932522
0.29540825
-0.062335968
-0.13722897
-0.2854147
-0.5881243
-0.2260685
-0.60316944
-0.32813263
-0.34088612
-0.43970776
0.11857891
0.26011658
0.08267307
0.1162529
0.016444206
0.1429739
0.51524353
0.39224434
-0.17695618
1.0075228
0.2702942
0.17385006
0.4514532
-0.02544117
-0.09791279
0.23934555
0.44608593
0.039925575
0.022584915
-0.08090496
-0.09480095
-0.15567493
-0.26145744
-0.37223625
-0.5380373
-0.5081539
-0.27946377
0.07555199
0.27282524
-0.005631447
0.04235077
0.46719933
0.43197918
0.079711914
0.43481636
0.8647754
-0.5074854
1.300719
0.4361725
0.13383579
0.43526363
0.50537205
-0.15400219
0.15125942
0.17411995
0.026986122
-0.15809536
0.06280327
0.08865547
-0.112155914
-0.31800556
-0.19825172
-0.13092327
-0.41195107
0.07379913
0.3723488
0.009462357
0.073311806
0.29028416
0.42697334
0.42785072
0.3972454
-0.11640167
0.3979826
0.08824921
1.013428
0.430645
0.0035095215
0.48335457
0.064694405
-0.29161453
-0.28611755
-0.042900085
0.06828308
-0.16538525
-0.22156334
-0.28071404
-0.0666523
-0.34822655
-0.32036495
-0.21297264
0.03538227
0.2725649
0.09398651
0.002617836
0.1439209
0.2301693
-0.0033807755
0.115974426
0.28242016
-0.23299599
-0.2688551
0.045933723
0.67541003
0.3723259
0.61417794
0.36267376
0.21471024
-0.2588129
0.048778534
-0.17982769
-0.28112125
-0.3305359
0.018499374
-0.20595169
-0.12742901
0.01818657
0.12941074
0.089300156
0.13522053
-0.07320118
0.088656425
0.29914188
0.14929676
0.21265793
-0.05943203
-0.012331963
0.027139664
-0.41844082
-0.55443573
0.33667374
0.2403698
0.65968823
-0.12528515
0.59550166
-0.1777401
0.058280945
0.1269474
-0.03886032
0.06445789
0.015512466
-0.091178894
-0.060552597
0.21800423
-0.09006691
-0.14954758
-0.19364643
-0.25628948
-0.013467789
-0.002254486
-0.01993084
0.00087451935
-0.10439873
-0.038988113
-0.15743923
0.055096626
-0.26690102
-0.2649498
0.48039627
-0.252285
0.06703186
0.016032219
0.19501495
0.009777069
0.2795992
0.20446491
0.22807121
-0.207263
-0.12359905
-0.311162
-0.34641838
-0.20222664
-0.39863205
-0.39723778
-0.27092552
-0.113734245
-0.08768368
-0.096120834
-0.14170456
-0.016461372
-0.0338974
0.034584045
-0.00016307831
-0.0266428
-0.115698814
-0.49669743
0.42257595
-0.6923704
-0.40763283
-0.33220387
0.306283
0.4396429
0.021951675
-0.12816429
-0.14954567
0.12867832
0.06934357
-0.08886814
0.09547901
-0.15335941
-0.16115761
0.04083538
-0.077610016
0.23379517
0.07096386
-0.38391018
-0.059677124
-0.170825
-0.111816406
0.13429832
-0.0056524277
0.35649872
-0.047917366
0.54771423
0.4505291
0.41163635
0.14590263
-0.3622427
-0.13416767
0.37052822
-0.28629112
-0.23920822
-0.16978455
0.13321972
-0.039438248
-0.08796787
-0.24001217
0.006532669
-0.0038785934
0.07014084
0.09718323
-0.04224682
0.16807842
0.17827797
0.023376465
-0.10613918
-0.051654816
0.0010604858
-0.0051002502
0.16626453
-0.32531834
0.43778133
0.44711018
-0.14627838
0.05988598
-0.051187515
0.020949364
0.23021126
0.30279732
0.31317425
0.017676353
0.021294594
-0.16983318
0.013031006
0.06679344
0.22036457
0.32022858
-0.1040535
-0.30899906
0.022918701
0.14396286
-0.05262661
0.12400818
0.073521614
-0.06763458
-0.27847958
-0.29822922
0.039996147
-0.5597029
0.33662605
0.5754423
0.44308567
0.18706894
-0.103375435
0.09738445
0.24355316
1.2460043
1.0686793
0.57961464
0.7180512
0.12103081
-0.1256094
0.14179802
-0.0954237
-0.1699028
-0.035069466
-0.03995323
0.049152374
-0.13179016
-0.24376869
0.46458054
-0.12753868
-0.3357153
-0.19721508
0.27993488
0.096048355
-0.54941845
0.7810843
0.45456886
0.3080988
0.0011701584
-0.075455666
0.07964039
0.14533997
0.16034794
1.0115612
0.65727115
-0.37732792
-0.3193159
-0.037994385
0.13643646
-0.19928932
0.29903603
0.10609627
-0.23193169
-0.17782402
-0.12127209
-0.04594612
-0.38671303
-0.060079575
0.28030014
0.113370895
0.3508873
0.46300316
-0.19791698
0.5393057
-0.15850735
0.23853207
-0.11592865
0.011987686
0.1419754
0.020207405
-0.3373642
-0.27991295
0.5376282
0.3892355
-0.3610592
-0.39702225
-0.4758978
-0.5919113
-0.2153387
0.27933407
-0.34680367
-0.8068733
0.16787052
-0.126091
-0.9327574
-0.6868849
0.3272257
0.2610731
0.3833599
0.68042016
-0.39784622
0.14772701
0.025990486
0.09573078
-0.06700611
0.028272629
-0.03845501
0.034160614
0.04672146
0.050157547
0.24770832
-0.14429665
-0.3257265
0.14698982
0.35552597
0.4474163
-0.13985634
-0.19832134
0.81863
-0.29531384
-0.37720203
-0.2990656
0.55925465
-0.3942318
-0.27802658
0.103699684
0.37257004
0.5428543
0.5329933
0.052448273
0.024980545
0.07268524
-0.113978386
