197
509
542
413
43
41
216
255
412
314
66
634
111
110
69
381
571
107
795
228
414
165
902
1010
546
123
299
257
873
976
641
117
351
319
851
312
879
188
607
916
671
451
1013
935
298
936
417
289
836
940
101
827
179
42
997
1002
636
548
198
377
790
7
609
670
905
38
187
51
541
446
484
72
482
520
219
803
18
838
244
20
383
615
99
160
968
568
835
50
1020
82
629
9
151
64
155
250
515
33
1017
249
806
517
741
696
933
156
203
11
96
824
295
969
349
344
956
56
1
378
770
808
914
1014
54
485
666
120
583
119
114
915
302
223
205
882
70
984
176
507
445
144
1021
480
186
1016
309
32
931
193
594
204
237
102
980
145
537
277
129
952
988
856
161
881
53
212
128
901
39
545
40
175
218
812
87
419
8
382
999
880
224
313
410
172
71
174
21
1011
963
439
516
686
1007
420
912
948
864
801
24
774
805
1012
409
943
791
944
238
773
415
947
547
504
376
1000
852
883
648
10
884
989
911
34
269
236
684
996
472
833
177
267
777
983
832
23
713
408
783
616
433
995
456
178
301
964
966
407
345
752
694
782
779
526
602
211
778
1008
22
489
497
757
305
552
628
600
241
745
681
361
341
243
209
360
393
268
780
633
274
400
664
652
617
695
584
781
665
308
276
430
649
591
746
370
275
759
340
465
632
471
525
334
585
601
747
715
714
425
210
392
431
748
716
424
682
749
522
597
457
553
567
758
650
751
307
727
521
401
242
750
717
562
338
618
726
502
335
683
566
500
651
339
721
336
496
503
495
337
690
565
432
718
530
687
533
586
595
622
535
368
534
657
499
689
464
719
554
720
596
369
619
688
621
462
620
463
532
563
590
555
531
558
564
589
587
556
557
588
