590
474
418
390
197
557
446
696
391
114
171
143
115
477
618
362
80
531
81
505
558
449
96
646
670
475
447
109
389
311
169
502
170
726
693
138
222
248
556
361
529
199
698
74
702
421
583
708
89
676
472
72
99
528
104
563
589
118
86
363
306
503
256
100
697
98
712
307
44
177
779
678
419
706
584
591
283
117
506
668
225
610
250
748
127
220
95
137
564
198
580
460
259
292
559
282
162
65
254
335
145
710
126
178
461
775
662
194
142
689
228
92
448
705
607
156
291
286
423
113
94
130
43
226
669
611
350
125
675
76
251
91
663
124
312
523
128
478
686
396
535
687
204
93
97
195
395
549
744
604
293
581
71
747
417
174
340
471
578
586
749
555
572
158
473
184
617
488
588
683
186
279
165
651
122
707
353
655
713
265
657
653
623
579
73
101
290
733
30
671
247
648
765
616
202
685
25
14
621
210
745
406
179
636
758
728
313
258
530
160
650
176
457
760
715
673
123
709
525
544
8
209
257
294
495
393
405
16
681
302
753
633
577
724
181
295
738
612
70
219
378
711
597
522
404
231
245
409
664
739
717
454
641
647
377
388
206
637
147
120
600
622
692
598
484
458
439
433
682
159
576
498
783
543
659
614
550
554
55
183
203
161
260
108
730
716
518
757
266
155
102
278
582
688
759
82
638
334
333
119
434
613
605
10
444
56
437
640
632
483
656
719
701
606
240
129
470
314
527
553
754
1
782
23
18
5
19
526
141
469
727
151
67
695
403
68
