492
525
559
526
524
527
623
493
461
491
592
460
560
624
655
395
429
591
363
428
494
364
528
654
396
523
459
495
436
397
427
437
404
593
462
505
405
618
598
630
430
473
394
435
458
406
403
311
537
558
569
331
426
332
617
490
728
597
816
561
653
817
651
556
815
374
594
574
586
474
365
629
992
585
662
390
486
278
847
842
373
1006
246
848
974
595
372
650
619
422
631
679
85
342
371
843
343
147
279
310
57
627
3
761
180
696
723
993
622
793
557
606
692
994
455
575
468
89
469
724
792
573
247
599
663
837
179
266
518
538
661
284
265
245
487
680
568
362
312
878
979
711
15
712
207
959
453
946
998
506
760
785
90
55
240
960
743
25
656
543
821
297
846
316
4
869
438
872
814
443
221
116
347
849
115
605
1018
286
975
626
149
84
841
52
277
997
729
875
271
844
398
766
375
818
214
148
798
168
874
638
826
664
910
118
786
213
845
234
1007
357
318
707
322
675
411
296
162
981
635
955
0
870
380
117
809
58
74
637
701
804
348
839
423
389
788
825
765
510
132
88
986
668
1019
625
67
103
978
86
678
189
384
379
359
12
26
877
253
97
29
244
644
181
201
104
858
192
876
91
790
105
991
957
321
134
239
677
990
636
840
927
646
555
756
822
628
830
141
740
945
813
48
34
478
157
47
272
136
906
283
106
922
65
987
829
138
939
519
611
871
603
285
142
705
879
670
1009
191
924
309
943
358
414
224
489
996
514
73
604
578
353
75
667
938
194
962
