71
670
142
96
70
72
557
69
93
97
559
531
75
76
143
117
450
74
197
477
92
65
114
621
94
73
68
67
529
145
64
588
613
591
335
364
698
256
724
616
86
421
761
649
617
363
449
572
115
578
88
532
635
479
569
43
760
571
608
636
209
675
702
108
87
125
267
585
556
577
634
582
619
598
155
579
765
194
576
127
587
472
544
45
82
3
708
766
58
295
671
641
30
141
600
539
779
28
2
109
296
597
525
693
29
762
712
523
495
476
728
19
25
279
709
203
26
526
55
522
4
669
743
744
679
307
391
239
173
174
697
441
468
470
705
