642
422
505
118
66
90
223
646
278
79
225
91
590
586
306
78
46
334
251
558
122
228
50
37
48
166
12
250
104
144
195
49
38
277
36
98
77
333
362
618
138
607
620
507
35
95
51
120
34
568
199
169
570
100
99
610
47
222
162
171
305
648
361
753
726
580
392
637
678
113
161
606
146
167
541
543
696
633
594
13
255
63
605
595
119
139
567
128
663
609
229
622
200
89
147
775
253
227
42
60
662
611
246
259
126
769
170
545
707
451
323
603
265
563
758
658
767
592
542
124
432
548
156
747
723
260
583
566
224
281
408
599
674
550
645
52
530
601
701
431
589
436
650
581
653
123
110
121
757
517
549
625
573
407
131
62
158
216
783
389
739
393
660
764
782
596
33
61
555
459
489
159
254
321
547
181
623
381
604
730
474
624
154
632
193
101
201
575
681
656
8
447
192
458
552
676
631
498
755
190
215
420
163
16
5
21
536
20
349
17
178
508
243
524
372
540
231
241
435
460
153
273
651
234
593
352
686
268
27
10
654
516
673
560
691
379
380
630
659
80
473
238
210
413
519
772
687
722
152
244
217
57
332
513
373
535
133
102
749
661
657
584
781
497
729
312
554
180
164
283
719
160
311
706
24
664
405
230
274
426
433
56
53
499
478
237
626
639
172
488
226
384
457
467
84
1
235
351
644
214
768
0
665
754
149
638
777
81
32
182
85
684
700
390
491
376
404
629
179
186
236
736
337
689
745
553
683
54
266
284
261
293
746
7
655
280
780
487
103
759
187
130
727
365
208
188
219
304
269
112
667
695
320
469
527
672
518
770
763
520
83
463
735
176
699
218
204
652
31
377
177
206
331
275
22
324
140
461
129
690
486
23
475
184
313
242
252
692
685
640
11
107
294
382
748
546
111
290
725
551
506
464
6
771
245
286
309
325
14
442
157
528
502
480
9
756
538
627
105
212
264
773
205
322
191
343
319
132
18
515
44
737
150
720
453
168
411
189
409
308
741
336
185
297
213
183
354
496
406
262
682
448
175
511
15
207
514
310
715
378
612
41
512
326
233
353
282
301
327
240
521
403
666
385
196
263
272
717
345
440
258
198
288
302
400
303
348
211
202
116
340
410
711
714
289
704
249
366
710
367
287
430
427
574
703
738
454
439
437
740
134
716
270
271
628
388
317
494
438
232
346
492
718
680
276
444
688
350
315
291
466
347
614
412
414
668
485
342
615
298
677
504
401
371
490
721
415
564
731
151
713
484
510
443
285
341
314
316
370
445
394
428
647
247
374
452
339
344
299
429
59
399
509
483
292
257
501
418
471
752
148
602
355
383
462
417
742
481
425
482
328
360
387
356
386
732
357
396
503
318
416
751
493
776
397
778
106
395
39
434
300
456
423
465
643
562
750
369
221
330
375
136
446
402
40
694
359
537
329
733
398
500
534
220
455
137
338
774
248
358
419
424
565
135
165
734
533
561
368
