729
84
607
600
524
210
154
380
740
329
602
205
53
640
232
497
325
484
396
725
214
494
544
414
263
240
756
31
633
399
26
83
496
323
173
18
434
401
344
732
184
7
11
673
423
658
285
452
759
211
424
579
182
55
347
288
179
631
433
29
535
411
504
439
316
455
208
22
466
174
134
353
237
412
467
415
630
432
289
441
373
779
406
351
310
525
330
659
661
319
440
660
132
202
379
562
483
172
372
346
442
279
59
468
212
185
402
317
657
291
693
15
687
292
308
183
144
338
677
180
14
686
565
470
448
336
564
676
290
586
257
469
651
345
454
688
612
388
704
318
678
283
425
705
563
733
200
502
390
530
389
81
506
254
734
199
170
417
478
559
282
80
501
558
171
419
226
391
198
475
447
531
474
697
446
418
