590
474
670
362
197
446
477
96
449
676
618
283
306
647
646
171
675
505
696
114
705
390
311
334
115
143
708
169
472
44
305
589
221
450
335
418
473
557
89
137
563
531
648
421
363
706
535
707
678
92
43
591
744
566
95
712
251
256
724
333
81
447
109
709
117
710
668
118
702
282
222
130
80
138
529
249
471
165
556
564
72
669
193
726
444
74
170
693
279
144
779
741
361
145
91
507
704
391
94
745
713
743
451
506
123
583
443
651
558
199
307
315
502
747
748
610
86
698
388
425
569
127
460
174
682
255
125
113
685
156
98
679
642
619
475
733
650
287
525
655
711
686
746
119
162
568
767
90
614
124
228
350
243
559
719
718
470
749
567
653
310
108
580
99
194
528
424
738
393
654
254
201
97
681
592
151
565
274
186
753
173
192
377
316
184
396
639
42
241
441
766
742
126
400
677
611
389
100
104
674
714
536
142
478
452
464
202
448
223
399
499
440
348
216
403
172
728
56
323
538
76
277
120
16
617
272
649
469
128
652
683
636
461
684
379
582
270
497
673
680
415
93
122
581
246
498
571
509
71
537
150
594
697
158
570
442
300
284
671
302
14
553
627
416
237
250
1
147
163
278
782
554
595
73
298
552
758
25
657
131
414
244
82
596
730
510
188
641
160
588
149
479
701
573
349
757
30
261
155
312
190
638
141
121
102
783
526
136
623
301
468
159
760
600
382
200
275
426
599
687
645
413
761
625
597
337
75
508
140
429
458
628
18
101
52
620
154
574
524
8
629
601
476
225
598
5
602
555
229
17
527
539
129
273
218
457
79
546
540
157
33
422
3
608
572
191
65
723
70
428
195
637
453
613
459
545
541
61
364
58
224
45
482
445
161
64
12
51
454
481
543
37
365
87
60
105
69
103
67
88
392
36
49
78
77
166
34
38
50
68
46
47
48
