40
614
444
565
39
669
696
416
165
668
44
224
41
503
137
561
537
45
533
445
300
564
694
247
611
220
666
509
303
481
472
79
566
387
610
538
688
510
528
689
583
639
482
59
284
106
329
402
424
275
675
452
667
415
556
339
47
778
567
719
451
367
650
684
641
309
638
150
257
330
501
375
471
686
272
105
302
716
441
157
80
685
156
268
425
204
493
527
301
612
386
391
453
419
465
449
414
498
64
674
109
508
717
536
285
573
500
470
713
581
304
562
494
102
722
274
108
643
87
312
690
384
297
136
554
715
653
697
595
475
168
664
158
134
314
190
276
243
202
37
56
311
176
580
46
720
520
60
151
423
18
6
239
85
11
521
88
286
218
127
357
51
160
600
192
615
549
331
455
571
711
483
126
140
395
469
640
750
1
579
258
699
572
568
726
358
121
439
661
404
540
91
368
526
662
203
232
718
438
454
390
511
721
177
492
427
92
553
63
191
244
178
524
58
14
428
398
780
33
25
683
129
710
467
652
723
369
193
148
61
337
724
633
687
748
32
365
135
31
99
539
420
413
623
430
188
248
189
124
74
328
54
233
38
728
693
680
660
582
205
332
98
634
317
104
15
599
288
495
149
512
49
776
466
456
360
403
23
596
48
373
185
113
753
412
169
754
9
692
752
81
602
340
186
732
374
359
346
480
30
231
5
592
84
575
544
578
234
700
658
671
727
681
426
235
0
484
654
7
601
139
269
22
607
201
777
16
625
729
53
522
240
756
779
159
514
555
672
292
759
543
212
273
101
57
219
128
111
264
175
50
394
585
287
546
691
265
392
112
138
315
103
291
293
36
100
245
781
548
382
656
17
78
783
62
519
19
534
217
13
263
338
761
3
712
747
442
316
27
252
110
342
421
280
73
34
131
133
443
760
12
107
437
341
432
353
325
260
173
463
313
376
774
569
366
