418
285
769
777
323
340
258
487
252
385
265
314
360
307
257
708
187
756
386
706
111
704
245
202
198
374
221
522
175
689
112
280
432
370
367
146
488
459
300
254
255
514
347
295
4
271
226
490
440
313
606
26
506
587
672
467
634
55
406
707
324
0
489
700
219
501
247
214
227
331
699
658
57
199
715
673
691
53
27
81
494
188
458
781
144
604
322
217
302
727
14
632
755
164
644
346
521
29
716
184
780
452
301
660
216
515
152
140
261
455
430
172
179
688
174
215
168
264
560
267
503
685
2
242
290
442
491
586
141
373
551
149
492
676
402
423
286
486
401
259
412
496
299
626
230
1
272
484
177
16
309
516
18
693
10
145
363
56
480
651
425
476
200
405
485
431
17
513
525
176
730
232
204
231
205
327
518
683
283
765
352
298
150
495
237
294
576
782
663
288
463
356
82
218
645
690
719
654
270
233
263
468
429
375
723
712
244
697
413
5
379
512
428
407
236
747
524
30
532
717
627
317
684
475
287
578
275
384
137
163
52
622
629
372
687
655
757
210
167
305
106
519
147
623
414
266
296
194
400
213
511
173
25
361
681
246
207
178
181
616
483
493
427
701
403
229
608
454
380
381
661
274
678
558
656
783
481
273
464
671
535
641
620
389
222
728
388
635
399
354
596
131
190
390
289
337
758
349
542
441
203
157
779
588
539
686
348
544
284
466
13
155
80
594
497
540
383
617
262
239
520
657
443
350
465
162
208
598
470
420
410
183
180
238
130
653
499
393
469
387
326
526
159
364
191
355
311
243
471
447
250
547
517
650
559
482
574
573
510
158
546
86
325
120
669
161
775
543
545
523
101
171
575
228
365
121
212
456
498
125
124
119
760
182
527
240
570
61
371
478
649
353
62
312
391
595
344
474
541
718
211
170
528
537
123
601
333
376
753
209
404
571
201
509
335
674
316
607
109
114
589
343
613
621
156
315
507
278
548
392
702
445
508
127
563
128
126
569
118
44
614
568
602
566
572
421
256
416
611
122
77
698
117
113
536
192
531
567
761
610
45
648
726
138
479
169
115
225
142
100
89
362
451
505
724
642
618
99
95
98
529
143
696
69
224
422
473
78
477
472
64
90
70
449
306
94
334
97
590
66
557
47
65
79
104
670
37
91
646
76
38
197
450
68
93
96
46
92
73
71
74
72
67
