760
266
526
192
352
783
346
82
654
400
163
768
372
628
75
231
42
408
548
239
158
348
663
595
642
577
433
601
606
373
701
374
772
173
159
660
719
658
349
508
206
277
154
636
379
551
155
598
547
298
160
287
494
599
716
715
596
259
633
102
101
401
635
570
674
244
685
629
8
459
411
524
326
150
52
684
754
317
203
626
182
437
312
645
597
343
233
413
622
550
261
324
289
270
180
656
149
777
522
560
510
253
672
294
315
54
573
382
538
552
5
260
688
414
64
631
426
431
407
625
575
409
28
571
781
574
639
600
20
184
10
492
264
476
468
164
207
211
19
6
632
521
422
439
129
493
310
217
602
85
761
296
153
605
354
215
430
23
579
57
367
438
79
429
3
321
183
532
432
204
284
546
375
466
21
630
140
729
27
280
340
112
11
168
181
134
320
727
415
2
655
467
603
644
190
214
9
273
731
364
337
152
33
356
212
608
689
404
32
319
540
383
405
187
380
325
269
218
609
578
111
179
69
572
297
637
339
185
495
177
662
664
657
157
265
641
61
151
58
496
445
755
381
692
347
136
51
245
686
196
241
780
607
453
638
756
613
543
410
416
191
764
778
275
161
518
293
428
699
500
263
314
268
37
776
523
423
220
178
769
482
219
116
252
615
690
12
370
398
587
290
691
665
593
483
285
365
371
481
406
732
224
166
87
60
366
77
561
103
487
504
341
643
585
762
292
133
45
694
517
427
723
763
357
387
332
395
36
291
110
78
59
139
640
49
318
544
666
534
313
397
13
50
369
342
336
66
455
34
392
512
247
105
773
456
248
725
484
88
721
38
750
386
368
485
106
281
309
304
722
167
774
516
486
48
62
47
359
35
420
46
514
533
39
513
41
40
515
63
276
107
394
135
703
