607
506
307
129
60
136
160
637
605
713
261
591
677
287
608
632
388
609
198
278
194
282
589
352
597
598
226
331
451
438
753
783
323
606
132
531
487
484
262
445
303
599
362
187
474
253
161
218
324
479
559
59
382
507
56
162
618
1
159
447
732
22
86
361
255
291
596
488
263
61
572
729
143
714
154
697
290
311
158
694
89
636
380
44
446
133
633
534
660
417
192
134
155
292
52
188
57
140
645
610
170
590
221
18
489
15
641
29
465
532
775
9
197
112
332
256
137
135
157
189
254
11
616
142
752
167
464
475
699
695
635
725
17
611
309
485
756
304
587
111
640
196
19
476
612
617
3
288
325
7
0
326
644
62
23
275
420
390
366
436
6
168
83
595
28
225
75
85
639
767
723
779
88
80
727
74
14
139
757
364
337
356
751
538
584
504
223
13
50
389
251
289
72
38
486
36
113
67
54
335
249
634
410
35
780
517
670
109
156
728
351
353
39
40
163
166
195
381
566
37
107
193
327
106
354
570
409
408
190
355
567
247
191
333
569
437
276
328
568
219
248
