465
433
464
622
432
401
654
651
653
497
402
466
685
687
683
463
652
686
467
369
684
371
468
650
431
619
370
623
436
403
498
434
657
590
718
430
717
688
720
469
655
435
719
400
404
689
618
621
499
339
372
470
471
368
716
656
690
334
620
658
307
437
340
715
659
503
682
269
748
425
336
438
591
852
335
749
751
301
338
502
302
457
212
268
885
337
439
853
750
405
791
726
721
496
462
238
624
660
722
383
755
649
666
393
587
823
602
725
714
365
822
747
972
267
424
723
691
306
237
211
308
205
886
382
756
883
415
698
274
825
940
752
392
381
472
456
941
500
795
440
305
694
933
366
782
801
351
794
173
937
831
884
856
634
968
204
446
625
824
349
724
213
673
855
515
983
641
704
275
971
243
671
762
20
648
178
984
236
676
982
934
1016
19
378
969
703
360
39
206
887
763
8
341
333
373
586
542
932
973
667
350
583
1007
670
857
904
964
21
579
1008
912
184
959
40
1015
827
123
833
672
550
313
787
414
345
832
908
7
445
640
13
219
800
702
256
131
936
601
547
485
730
989
1002
172
697
544
799
864
899
511
950
192
264
516
346
478
242
124
773
917
186
731
905
781
643
931
6
545
541
174
796
882
199
244
681
757
543
295
956
517
776
367
101
774
930
161
84
323
111
479
160
126
159
327
11
261
72
63
639
23
736
229
769
109
900
24
915
43
387
926
187
12
38
137
33
991
185
927
293
928
872
71
14
909
859
83
914
282
858
481
122
551
203
570
10
484
289
52
828
444
806
163
299
263
451
487
768
197
510
907
797
700
41
410
281
198
99
294
288
290
139
31
53
919
764
865
988
76
214
224
252
25
59
127
965
233
218
450
181
121
79
225
418
188
952
117
51
167
891
413
419
361
423
262
447
767
128
292
154
866
838
990
981
777
939
250
18
223
734
483
519
513
709
775
935
164
47
324
348
980
226
708
916
135
328
300
26
251
28
808
391
753
949
778
16
918
320
196
911
830
948
475
512
291
32
958
873
130
1013
929
377
27
975
314
420
807
1017
60
741
230
611
839
902
220
216
140
112
317
668
642
504
854
45
110
162
77
860
840
125
255
951
1014
171
898
896
829
638
901
168
942
580
158
826
193
253
190
155
4
102
509
985
133
615
454
166
70
421
9
1001
482
699
37
249
182
319
180
169
452
1
897
480
1012
129
1004
326
803
386
449
195
890
44
227
783
967
94
970
871
228
805
257
924
1011
108
732
46
222
283
867
870
96
995
647
64
148
58
194
270
138
254
142
507
231
232
922
156
355
36
535
30
546
5
549
35
809
947
153
217
100
957
91
733
359
745
869
834
876
151
280
67
477
606
165
175
380
150
710
248
69
810
152
42
265
417
514
107
645
85
635
742
772
353
62
637
22
1021
416
61
303
115
841
888
141
835
406
874
868
325
78
836
259
34
0
711
548
576
80
577
573
260
157
539
17
780
120
2
297
296
1005
352
388
143
906
607
453
92
644
954
961
385
1023
612
837
170
48
65
15
113
538
287
82
234
149
358
1022
189
962
235
215
675
508
802
963
136
921
356
354
132
804
73
636
286
894
889
88
735
56
455
943
49
737
321
892
863
925
605
960
923
966
116
202
575
276
75
298
770
258
384
476
134
754
183
221
54
68
103
707
147
574
57
357
66
379
3
266
389
316
706
705
578
851
89
953
50
442
743
95
104
285
247
448
616
390
771
145
422
201
191
738
938
322
105
571
90
97
875
315
146
93
669
518
987
680
407
955
903
284
765
893
877
779
842
1020
114
910
98
895
861
609
920
74
411
613
678
739
986
55
118
1003
979
1018
746
86
976
811
179
506
87
119
486
318
200
81
843
603
740
572
106
992
862
604
426
701
766
29
677
674
993
443
844
994
744
608
581
996
582
347
540
679
944
1019
646
821
974
665
713
798
610
729
329
245
712
488
177
144
600
505
584
998
617
412
760
304
409
1006
999
312
1000
271
398
793
501
628
790
997
913
614
273
812
813
845
626
207
474
397
552
241
399
246
176
629
786
785
633
792
536
784
330
627
758
632
820
344
520
279
880
1010
761
878
945
408
239
210
489
759
473
588
692
589
978
946
1009
850
881
309
272
879
441
788
568
567
693
814
374
592
277
977
537
332
209
569
394
695
663
558
727
599
534
585
815
846
208
376
375
819
818
631
664
342
789
662
429
661
278
521
240
817
553
554
816
364
728
311
555
458
630
331
696
310
343
531
557
362
396
849
529
427
598
530
593
597
556
848
566
847
490
533
495
428
532
459
596
522
363
395
461
564
559
525
565
594
595
460
524
561
523
560
528
563
494
491
562
526
493
492
527
