732
545
122
200
147
497
243
525
487
512
653
252
273
665
89
490
501
708
232
692
320
323
457
752
767
568
285
280
101
482
706
511
526
294
447
377
177
98
691
737
519
121
71
368
287
124
169
312
714
674
271
500
530
100
242
187
637
234
446
638
489
494
262
475
397
453
120
577
77
770
488
369
289
394
348
614
107
324
59
483
651
355
761
347
554
86
272
340
268
316
126
454
666
418
69
363
367
228
44
765
774
270
746
281
478
542
301
539
257
505
227
68
486
448
655
376
286
481
654
66
704
357
766
198
230
226
356
253
282
325
65
307
516
339
309
778
386
358
303
456
296
326
517
148
514
302
590
480
199
327
777
423
311
485
503
224
515
775
452
114
300
330
474
366
269
484
455
773
171
329
299
776
618
254
297
298
225
255
142
328
504
