724
722
192
193
743
194
221
557
723
137
166
647
613
592
278
222
136
563
416
306
619
670
585
116
620
223
88
721
96
648
593
135
444
104
679
471
79
507
712
744
556
608
479
696
570
747
719
707
190
110
535
115
163
164
748
686
277
334
362
612
703
470
443
248
162
421
392
713
677
92
73
50
698
649
636
599
165
220
409
600
441
461
201
733
627
105
333
138
513
689
145
751
74
49
60
669
61
381
133
210
359
680
621
690
62
310
764
346
117
344
93
185
247
58
246
601
720
35
173
575
420
595
37
584
639
432
102
602
472
160
175
33
469
725
244
195
667
591
675
332
371
709
380
393
57
541
477
167
716
250
562
445
87
256
403
249
406
564
123
565
361
134
440
594
681
38
586
48
109
364
426
460
139
352
607
598
305
12
642
23
781
130
108
345
616
400
34
46
587
711
697
569
206
547
548
388
412
216
695
700
90
229
757
6
415
51
660
537
431
264
779
610
623
573
532
640
251
538
783
144
735
410
685
156
396
94
414
571
449
9
730
373
18
240
191
753
413
741
641
274
53
635
634
734
379
749
157
496
524
78
424
672
213
351
391
81
609
611
510
717
559
212
204
467
11
15
633
521
652
54
196
239
668
468
552
207
659
626
763
529
30
29
241
646
628
540
574
606
149
208
288
245
47
143
64
579
756
566
520
13
21
318
718
22
509
473
401
82
533
495
319
153
632
159
183
72
387
141
154
205
40
217
534
52
215
705
197
458
127
715
321
168
727
3
684
656
99
782
622
218
650
75
550
113
527
343
331
688
374
597
728
493
742
14
508
553
84
492
7
293
437
582
41
399
0
463
560
398
404
687
629
211
750
28
671
263
152
578
203
214
546
657
372
237
682
291
209
308
24
155
758
661
522
738
180
523
405
111
184
19
439
499
502
450
729
231
476
462
31
617
572
17
265
336
36
576
27
624
4
465
429
26
80
422
55
179
235
313
83
350
464
189
260
151
551
43
236
2
673
425
188
699
5
128
408
238
663
780
56
498
103
631
172
726
605
435
174
290
427
25
342
710
119
644
430
549
580
701
63
284
491
337
451
16
438
683
10
395
658
219
645
360
755
158
772
131
615
588
259
643
442
759
32
402
42
754
349
375
459
544
322
1
466
8
365
146
731
664
85
186
354
736
76
555
314
112
518
292
567
760
95
39
45
276
140
176
378
97
390
678
596
676
662
132
583
267
625
531
181
419
161
589
693
389
20
91
581
150
603
129
436
411
338
295
385
428
182
506
106
67
739
279
630
275
702
745
407
170
125
604
417
769
283
266
558
543
304
536
528
740
433
233
258
178
762
335
317
70
383
382
768
202
561
771
434
353
118
341
384
261
694
370
315
