418
446
419
558
697
734
360
417
586
226
198
475
389
501
733
530
358
751
390
572
705
368
506
736
330
254
447
359
171
361
144
742
448
502
391
478
737
584
559
80
388
200
503
735
474
81
199
132
732
299
282
324
338
774
170
351
293
562
257
573
771
308
654
15
738
14
325
396
653
571
599
352
695
600
745
297
379
323
770
336
403
172
574
706
684
656
725
500
665
442
298
294
776
353
371
202
452
731
525
424
655
228
148
273
326
693
598
175
341
340
612
222
327
531
528
313
266
423
244
702
387
507
83
196
511
535
752
564
425
296
22
627
772
509
177
601
246
681
628
243
114
146
217
24
527
111
480
677
233
194
174
31
714
240
544
563
164
26
214
546
274
504
740
756
314
163
372
7
232
775
570
553
432
241
285
380
748
759
543
258
373
673
551
259
471
290
18
405
366
267
427
354
547
404
395
555
345
708
165
29
210
286
545
134
378
320
651
680
215
515
239
510
375
55
346
397
300
554
261
720
216
692
522
17
151
268
496
237
255
53
537
209
709
643
218
482
683
711
757
682
205
694
400
19
84
700
401
147
291
176
295
664
112
426
247
481
271
629
21
187
116
269
377
727
185
561
188
746
302
445
626
542
4
560
289
523
283
672
0
524
640
710
728
730
270
301
615
23
539
319
440
616
344
186
292
470
59
402
369
235
179
183
9
234
272
370
451
10
406
8
513
322
749
521
213
667
20
625
763
236
755
141
253
374
579
413
28
429
343
11
433
781
453
16
726
514
398
576
207
238
744
494
195
342
245
386
520
469
624
644
783
178
206
318
589
331
56
434
315
204
25
265
637
754
142
279
181
145
678
212
476
768
288
438
512
349
657
1
479
565
5
6
54
264
262
414
287
376
189
534
203
399
428
350
493
467
249
347
698
548
623
57
242
473
135
2
229
263
27
260
729
699
129
139
280
184
707
461
679
252
208
231
550
85
230
115
152
407
658
588
662
140
162
431
365
89
168
310
497
777
718
487
339
307
363
762
721
462
766
741
676
778
704
743
750
765
533
281
42
769
