418
446
475
697
474
529
447
501
65
503
391
473
67
419
696
531
80
614
66
68
79
198
590
360
611
226
171
139
557
64
702
44
558
612
618
584
91
388
389
583
228
591
170
734
445
528
118
142
282
417
59
646
14
621
695
81
89
733
619
559
668
610
167
451
667
200
527
554
565
425
564
726
567
257
330
698
581
580
199
586
361
283
566
666
530
387
740
640
51
321
329
256
115
607
15
555
472
77
752
87
181
143
359
732
60
651
95
539
225
390
563
76
358
478
625
502
623
224
322
569
561
144
254
693
597
624
650
348
662
7
748
460
379
568
209
582
47
241
328
556
31
376
508
751
523
298
178
444
48
655
471
195
589
453
664
669
694
286
255
408
488
268
457
526
407
297
97
303
454
58
637
94
720
399
452
336
308
355
182
148
45
22
33
56
736
627
622
577
309
511
158
207
579
210
756
493
759
448
553
357
349
85
436
0
18
665
98
498
500
545
92
626
653
5
730
406
378
647
262
415
86
689
96
74
727
638
25
671
99
652
494
516
731
634
603
232
53
551
1
598
636
663
541
240
35
459
595
208
189
296
763
294
169
658
30
29
525
487
111
327
202
238
606
10
350
11
204
6
441
656
673
100
237
157
141
234
657
699
509
69
608
83
84
644
520
755
633
593
156
2
26
196
430
481
450
8
63
176
458
184
483
119
214
356
757
295
631
437
632
544
547
150
433
705
540
552
4
649
684
50
728
265
332
464
479
469
594
484
405
435
165
117
340
61
648
149
470
155
700
410
599
229
413
628
212
55
548
515
127
186
175
261
524
466
574
560
168
428
461
331
609
613
233
562
20
132
39
19
28
17
285
537
159
725
203
783
36
365
496
517
49
780
519
160
490
314
546
518
161
615
429
215
476
21
218
643
465
264
512
403
489
455
70
690
426
635
386
431
462
383
491
397
316
73
427
762
482
692
13
456
46
463
423
691
364
166
291
78
34
395
263
289
313
37
317
288
62
392
38
103
