267
266
574
248
488
573
294
572
516
343
299
328
545
487
276
467
275
345
566
440
575
249
342
468
316
274
546
576
295
329
298
489
65
239
461
344
317
273
315
238
304
272
247
157
330
571
464
538
602
300
441
243
544
411
285
318
685
543
686
219
469
414
293
603
371
594
484
522
244
245
271
303
302
523
600
366
577
333
547
246
439
495
549
601
662
301
156
390
617
163
242
413
331
721
438
548
604
412
0
35
291
688
7
684
463
196
221
270
240
420
687
442
111
462
690
756
268
112
15
62
290
475
357
29
486
479
677
83
167
616
663
18
508
332
88
193
124
257
525
446
699
13
492
9
370
445
6
149
683
385
599
150
781
372
727
550
691
74
140
644
80
429
689
284
521
437
158
481
216
716
528
622
137
729
524
289
188
605
210
498
496
192
278
125
401
253
191
466
44
341
500
277
159
314
551
265
618
494
106
510
537
160
358
40
410
509
501
482
220
473
198
723
36
209
417
305
187
126
217
72
39
556
229
38
483
214
389
107
208
497
251
212
185
552
194
226
517
134
92
67
664
587
491
170
470
166
75
570
133
579
511
695
168
109
748
532
237
639
60
254
369
309
161
223
580
610
335
465
490
177
757
598
296
211
37
519
19
609
142
581
327
190
493
340
89
61
77
631
207
85
553
23
17
694
139
780
766
311
670
584
752
364
230
3
236
578
504
57
50
14
197
113
526
626
728
779
732
178
641
608
195
52
337
132
751
423
607
775
640
625
554
28
143
54
11
476
725
645
606
665
176
225
453
624
767
203
162
454
632
586
590
472
204
325
313
611
743
734
427
597
425
151
627
205
34
764
419
612
336
704
90
630
131
179
428
8
91
49
719
724
359
422
399
540
703
81
596
180
444
363
182
628
643
10
138
518
45
735
456
455
771
32
426
181
164
416
672
415
365
20
321
110
312
21
762
731
27
763
42
2
115
281
105
46
152
400
629
322
569
48
153
744
398
323
733
738
