602
612
648
692
250
757
622
263
575
611
249
726
691
650
746
817
262
996
570
261
390
945
614
804
283
633
219
707
1022
16
455
186
175
297
777
145
665
583
735
531
798
729
843
831
445
206
142
361
197
470
537
119
658
579
912
697
230
227
244
578
111
535
176
198
144
601
229
157
640
544
992
9
473
392
154
48
816
990
267
187
376
807
253
773
17
883
408
98
696
209
120
574
925
271
503
71
196
177
695
727
828
539
155
858
353
153
684
277
199
191
1015
31
50
646
80
857
429
125
293
584
728
573
151
759
605
818
993
571
193
742
760
702
700
422
741
595
878
989
734
914
1023
273
517
547
888
634
649
639
326
123
1013
32
276
643
236
641
977
793
360
218
171
130
266
228
172
65
289
345
839
217
237
231
1020
112
270
685
991
6
248
185
64
875
693
613
674
681
959
350
541
313
294
894
946
774
572
258
900
919
150
664
143
95
998
178
868
74
934
791
286
182
884
1021
139
2
603
805
81
141
363
792
876
107
325
978
216
33
794
448
538
281
25
232
89
444
41
567
7
897
874
165
183
173
953
994
506
911
124
861
540
909
865
447
174
870
546
57
979
34
417
833
428
13
927
952
246
672
962
189
970
902
359
899
867
129
905
161
90
91
474
110
856
866
477
53
327
938
910
425
260
384
864
413
309
475
955
652
698
944
892
907
569
815
442
70
923
762
245
202
1009
960
956
901
105
203
926
969
272
869
454
670
932
871
410
1016
37
67
388
663
38
699
1019
893
508
787
988
872
931
896
42
507
40
44
937
904
885
59
928
420
669
958
964
737
915
472
63
21
135
604
610
344
22
416
930
974
55
159
215
58
943
386
929
478
887
62
916
939
387
686
205
412
389
280
841
668
895
214
961
824
827
476
924
995
920
965
24
948
46
983
453
385
632
890
637
678
43
54
968
542
823
829
947
763
346
855
61
118
906
764
421
973
891
39
45
30
543
60
210
103
908
936
469
99
486
200
117
184
163
73
898
675
886
85
106
93
838
731
999
642
701
316
274
204
391
213
418
918
235
12
8
164
903
515
160
443
56
212
487
987
510
97
317
481
482
310
949
312
449
739
86
484
997
799
942
951
87
76
765
211
419
152
963
922
933
788
75
35
917
738
802
873
423
47
485
18
600
505
984
220
606
607
940
813
966
156
971
796
133
1003
318
921
10
651
94
181
15
11
666
149
557
147
278
795
411
631
480
122
29
179
590
617
1018
452
201
36
935
287
268
941
509
783
638
1014
275
23
518
980
732
69
180
127
957
1
450
514
483
88
496
330
451
694
101
254
20
5
14
269
167
407
635
140
747
126
636
975
0
247
82
976
375
354
733
158
751
972
190
414
72
513
1001
967
797
950
424
3
599
618
162
504
471
585
169
27
1002
223
736
234
1008
358
226
257
302
342
264
982
667
192
108
766
862
114
512
479
92
252
616
522
96
224
812
446
343
320
102
719
690
233
415
109
83
718
500
954
457
730
778
77
645
132
511
830
717
68
458
536
784
100
560
750
137
131
382
981
104
311
299
822
4
439
28
292
771
682
256
785
722
298
521
621
134
26
644
676
555
321
786
348
840
288
556
438
704
121
985
128
300
168
19
826
780
591
705
554
489
520
677
986
683
825
78
383
279
356
1017
406
461
456
723
801
148
166
568
1006
490
285
291
284
619
854
138
755
754
620
523
769
357
463
222
589
113
803
347
488
782
352
225
587
52
588
498
146
708
835
265
553
551
259
136
586
525
768
378
51
290
519
716
740
116
308
809
374
331
365
753
748
724
255
834
301
625
324
810
379
307
322
332
749
714
465
1007
349
770
115
437
752
781
306
341
355
552
398
756
687
459
524
373
464
623
772
466
323
303
304
491
499
333
405
592
340
381
305
493
468
434
720
404
431
334
655
338
715
436
372
689
657
335
403
371
366
460
402
688
721
339
435
337
432
467
399
433
624
367
370
336
656
492
369
401
368
400
