436
491
435
272
723
686
655
271
240
239
490
624
685
754
459
457
469
659
623
755
785
592
817
238
797
654
660
458
816
492
648
489
620
565
784
273
392
304
468
437
186
460
786
927
722
249
787
154
199
440
971
510
424
188
616
946
537
733
523
230
569
619
848
533
376
487
826
29
505
691
815
870
407
4
724
305
456
455
467
408
818
598
511
629
434
872
756
977
702
631
360
788
621
925
439
599
669
856
783
1010
991
167
218
849
992
881
281
653
207
597
652
27
473
403
921
566
269
585
766
825
524
153
838
348
488
270
197
538
254
551
637
960
940
978
241
583
959
152
819
501
765
198
901
155
522
907
404
520
611
798
845
91
48
710
630
680
471
859
73
839
696
678
546
692
782
1002
831
175
196
830
743
317
962
110
44
711
886
646
345
208
77
470
252
506
282
2
61
939
391
871
990
945
560
93
584
466
200
124
402
43
111
375
918
359
645
617
893
59
327
919
261
303
251
187
323
846
701
550
961
904
880
656
194
169
262
941
794
534
514
761
326
882
932
986
729
502
902
166
972
928
774
877
699
1011
732
250
1023
179
151
570
82
76
891
684
344
900
291
829
518
578
888
49
847
541
869
690
679
875
914
3
41
1018
850
206
182
951
813
581
876
677
384
837
121
86
675
885
658
840
994
183
843
1009
663
577
899
674
79
423
635
642
83
632
318
661
975
670
517
100
479
25
171
609
908
591
313
742
789
803
425
820
639
10
707
933
0
109
790
844
712
131
235
52
142
700
253
227
11
909
601
447
985
215
664
814
983
481
350
181
618
209
480
858
896
328
219
552
957
894
212
397
622
913
354
224
9
390
130
99
571
433
371
28
54
1019
1003
148
895
176
521
170
143
438
322
30
579
698
237
1007
47
576
225
545
87
649
780
673
1006
421
370
770
740
802
478
149
482
192
60
513
644
472
647
226
195
835
358
651
128
926
567
582
822
122
857
793
314
773
600
976
970
50
672
739
887
548
185
641
412
958
264
697
508
757
547
806
737
771
164
174
449
804
114
544
92
580
852
454
949
728
586
21
486
7
141
163
353
204
864
66
97
168
229
32
801
382
614
873
842
35
613
210
256
493
834
193
1016
294
931
366
365
549
64
257
65
706
867
90
485
922
53
930
180
426
159
828
263
203
288
539
286
119
915
94
214
211
416
736
125
19
417
465
917
676
640
20
667
989
608
836
117
841
832
146
398
386
610
15
615
916
74
287
760
604
704
217
244
643
36
67
68
55
236
5
884
98
963
512
772
377
258
223
33
938
302
775
1020
162
575
234
734
96
201
851
320
389
325
767
106
868
312
1017
177
988
410
929
515
129
855
874
255
452
791
474
519
805
232
920
231
132
812
72
69
811
878
934
833
987
1022
955
165
8
178
898
413
133
290
51
862
414
289
89
316
213
37
1008
161
352
81
1015
1012
173
80
668
484
861
671
145
297
296
738
768
293
897
321
777
150
753
147
525
16
113
1
943
78
394
703
744
85
453
665
800
202
116
792
808
995
401
969
385
364
104
266
769
319
612
974
762
953
75
572
443
95
910
70
136
22
883
380
693
372
160
948
101
705
984
964
38
205
363
809
172
516
662
451
866
442
865
735
18
387
422
1021
666
923
745
912
379
973
108
245
776
415
378
228
542
627
34
233
355
906
105
853
349
821
17
6
285
158
346
45
879
536
605
979
242
450
650
123
14
708
23
602
40
248
993
118
42
444
606
84
892
120
388
709
799
221
763
409
243
441
139
274
713
144
633
284
810
634
46
638
295
603
448
420
824
103
156
1000
383
71
543
381
343
246
311
823
758
950
796
966
968
854
741
625
965
292
265
944
140
1013
507
540
942
954
357
222
1004
315
126
277
216
62
947
731
405
636
1001
418
88
903
115
730
12
483
476
127
268
999
937
573
283
356
157
278
189
626
276
568
300
1014
138
574
419
280
393
781
26
982
759
681
687
135
657
112
184
31
475
427
411
695
56
764
924
191
890
997
247
779
504
860
190
935
1005
807
259
396
428
998
795
57
889
301
980
347
911
406
395
24
446
102
134
727
981
399
430
324
936
63
590
497
279
220
260
593
628
553
137
778
996
107
607
905
39
827
967
445
267
535
751
461
310
863
362
561
683
529
718
503
351
306
13
58
558
717
725
400
329
338
952
462
956
494
750
429
333
477
559
498
367
509
554
373
299
369
361
526
749
309
335
334
432
716
682
332
726
431
555
275
752
528
747
746
587
748
337
339
719
331
715
298
530
336
588
527
714
374
307
368
594
694
340
688
562
308
342
721
330
689
557
589
500
556
499
464
720
341
564
463
596
496
595
532
495
563
531
