422
277
197
193
38
276
96
75
92
88
73
104
78
192
305
723
41
724
37
251
47
420
79
610
42
392
722
472
45
76
421
247
362
49
248
43
648
34
50
304
36
98
335
585
12
105
646
613
703
223
48
275
90
106
592
591
169
569
63
669
138
639
93
416
136
156
719
437
35
590
595
40
333
769
166
556
538
578
638
87
99
765
67
95
650
567
393
158
278
110
91
122
566
568
635
51
686
123
190
127
580
103
410
596
64
62
249
102
250
312
284
634
13
633
219
157
77
637
636
641
753
323
109
676
221
605
599
295
611
159
659
380
133
161
432
690
570
337
160
408
220
607
443
608
557
773
409
618
162
609
632
619
274
565
571
764
712
60
322
713
508
620
244
130
593
741
137
747
441
715
128
678
663
44
661
426
194
217
222
215
379
173
69
100
660
273
427
666
598
365
3
617
587
246
717
631
311
267
688
711
61
499
685
498
289
594
58
218
126
779
537
679
296
662
750
401
125
589
187
579
645
743
164
119
288
583
163
371
469
597
216
461
101
429
540
131
124
143
400
671
165
214
129
701
716
780
428
698
707
564
33
117
687
167
30
52
86
263
466
179
268
692
465
758
739
726
294
149
399
291
563
721
405
290
696
188
121
256
186
729
535
767
372
310
201
135
768
782
699
762
462
245
177
523
468
346
153
281
195
363
476
321
451
9
510
413
402
622
233
781
57
23
433
309
526
415
373
279
118
266
684
624
1
534
766
25
658
239
2
524
718
434
749
272
439
5
436
668
205
212
374
479
85
378
710
667
367
307
459
757
487
754
453
616
231
350
16
445
292
694
626
320
547
377
623
11
507
240
665
238
493
134
492
553
424
351
28
204
588
183
265
234
404
241
680
520
56
235
657
208
178
203
496
319
270
236
225
486
375
54
68
777
381
398
242
728
652
6
342
732
509
152
640
261
29
730
55
727
344
763
283
185
260
543
604
0
314
84
440
141
280
560
720
744
522
481
672
115
259
541
545
702
21
708
10
339
176
189
227
435
683
349
651
406
237
748
490
271
20
471
53
382
397
458
693
673
740
18
184
207
621
142
17
554
206
302
269
345
431
303
318
65
551
756
347
467
460
425
473
533
139
262
625
463
22
317
491
612
59
230
258
313
772
521
700
24
555
145
4
343
120
544
412
600
682
709
324
348
725
66
285
561
706
7
714
454
550
116
369
430
383
576
655
210
293
26
385
518
529
495
746
354
480
301
628
376
614
151
411
515
31
300
542
627
332
528
89
147
574
229
656
629
511
601
14
630
548
677
549
525
403
352
356
738
452
442
775
494
464
172
695
731
316
516
527
562
132
114
326
253
577
353
681
774
297
327
15
776
175
340
174
341
504
575
298
654
325
202
338
255
331
500
148
745
146
336
584
506
355
81
299
170
737
80
742
531
770
602
282
735
308
752
736
771
559
603
733
448
228
705
199
257
502
254
751
474
734
368
388
417
391
200
171
144
329
447
359
226
390
328
503
501
697
361
389
530
330
358
198
475
419
586
558
446
360
418
