555
523
556
587
491
588
522
490
524
492
554
722
723
589
754
557
586
620
691
755
598
460
721
619
458
565
753
459
534
566
489
369
720
724
599
597
564
719
690
336
688
502
337
786
752
367
457
687
368
521
756
344
596
689
751
692
621
503
585
376
750
535
567
631
366
787
305
785
400
630
553
399
783
718
272
470
335
971
471
656
345
377
617
370
338
392
533
424
313
349
239
784
150
618
303
663
909
10
281
600
985
326
327
757
208
304
972
648
61
725
940
381
771
966
11
885
312
249
294
111
456
616
917
271
22
513
584
686
483
949
240
263
262
110
359
4
19
439
186
862
855
632
577
449
816
920
408
195
968
1002
488
360
409
905
51
0
739
835
877
5
481
218
60
886
802
970
45
1018
415
24
664
482
185
770
939
181
815
23
948
805
7
876
387
167
53
202
908
941
295
172
213
382
54
950
264
282
480
93
797
765
525
579
348
43
601
231
245
921
169
163
306
680
512
669
29
155
834
224
289
733
6
170
863
982
28
919
961
133
241
918
212
532
830
995
931
696
831
1008
546
697
142
894
817
76
803
793
175
766
94
14
179
717
937
782
334
655
864
286
151
967
769
226
506
165
932
174
238
964
833
166
649
450
255
933
570
270
635
657
736
861
21
1000
552
100
893
42
420
109
1019
789
178
417
207
114
1
904
219
145
388
187
887
13
738
62
164
986
209
515
761
442
257
609
86
273
78
938
825
173
989
285
227
30
414
959
8
182
77
741
871
547
853
215
180
50
951
120
900
27
860
701
836
59
293
413
265
386
899
79
514
824
216
866
20
953
196
800
296
323
812
936
52
3
827
645
168
416
944
984
250
676
26
188
603
916
412
957
1017
37
711
829
451
82
987
611
798
665
128
762
234
604
749
117
200
101
788
317
928
568
154
254
958
857
935
184
383
87
9
69
444
952
799
702
629
734
493
136
123
193
280
998
33
246
160
214
991
44
576
274
143
983
152
156
926
837
32
772
206
898
199
328
225
955
41
811
670
832
418
391
108
176
126
977
956
2
612
838
12
378
539
930
675
320
140
192
223
46
990
703
91
610
278
124
358
322
39
677
201
251
743
135
999
410
131
927
36
1003
880
884
767
988
198
371
929
314
906
132
578
774
826
639
954
228
520
595
794
923
125
843
211
64
229
642
993
571
56
183
92
538
474
25
256
121
638
901
728
602
969
867
978
99
730
544
925
712
318
292
350
518
895
425
258
981
891
840
924
511
814
729
740
447
509
353
636
31
171
647
354
351
897
319
608
105
68
302
550
773
856
804
339
452
607
324
583
119
699
419
137
548
83
106
960
157
896
903
662
129
640
590
854
973
197
873
795
438
992
343
572
1009
66
55
637
70
660
907
89
380
149
707
232
287
203
107
695
671
976
758
325
138
1021
97
148
153
102
1016
141
127
440
963
780
806
472
666
849
997
667
875
144
537
40
217
868
75
643
915
822
889
448
942
288
243
484
85
146
742
790
549
708
965
818
118
858
516
222
1010
162
828
975
870
407
614
859
385
615
801
220
823
191
478
781
1020
668
355
540
411
501
134
582
945
732
1022
479
996
934
233
361
519
890
922
96
517
634
159
297
605
71
401
962
810
844
747
545
913
764
356
737
210
536
775
477
865
673
290
710
839
674
735
881
872
947
892
269
580
35
443
487
284
291
641
508
393
352
1004
672
912
848
779
38
1023
644
260
72
194
558
852
95
633
744
1014
81
454
846
980
510
731
1007
796
485
569
423
268
994
73
84
541
90
88
1001
384
505
65
581
57
74
1013
842
130
275
874
259
115
205
679
379
441
244
543
253
261
551
776
486
190
161
266
704
910
628
778
158
748
357
58
461
453
902
267
112
888
177
116
316
230
768
221
563
103
476
709
646
104
705
63
389
147
698
1011
613
878
445
678
706
693
248
475
204
946
760
807
18
507
321
700
432
47
500
67
883
791
813
1012
279
113
845
48
235
122
821
446
681
252
792
575
943
80
17
310
346
301
504
421
311
34
685
1015
1006
49
745
574
277
98
777
237
542
15
16
1005
869
808
283
606
819
455
189
847
841
375
911
763
242
573
694
726
979
531
727
879
974
298
759
882
247
398
820
809
422
139
661
914
473
653
652
426
347
315
390
713
624
307
716
623
276
469
236
299
499
659
333
627
746
850
650
851
300
427
308
309
330
714
329
654
715
468
684
651
365
658
622
431
406
428
342
437
559
682
403
340
374
332
404
402
362
527
683
591
405
526
436
372
467
341
373
331
495
394
464
429
435
592
364
