251
516
517
96
165
221
193
544
281
44
743
472
525
249
742
394
741
744
708
223
533
97
745
702
731
545
670
740
746
305
471
72
125
309
71
696
181
473
707
709
489
768
767
443
253
543
712
770
724
335
306
222
652
583
210
611
127
695
277
582
679
446
203
654
534
504
212
399
738
420
334
333
184
771
66
766
250
748
627
651
642
653
108
95
263
710
267
610
291
557
137
79
713
182
138
556
554
65
714
747
580
552
682
597
655
719
98
418
667
737
539
639
392
659
684
363
153
538
454
739
287
499
523
510
685
278
248
718
578
239
156
470
406
717
723
689
122
735
124
123
607
365
720
232
337
183
444
80
668
308
209
126
370
749
290
711
614
434
518
317
288
624
681
51
462
765
45
546
479
484
152
441
656
553
240
432
497
601
252
531
445
636
279
266
388
559
581
550
43
526
680
657
198
362
113
542
625
736
76
528
336
688
564
483
225
204
149
716
238
171
99
683
231
752
343
706
46
600
658
555
772
128
268
378
626
154
435
220
213
144
155
380
298
522
524
532
150
226
121
598
662
142
495
629
211
537
90
297
549
176
318
631
506
74
185
541
438
576
405
177
311
609
669
75
700
332
686
488
163
474
447
730
415
114
89
453
180
271
141
241
37
693
433
645
160
467
91
217
460
22
698
560
599
237
663
540
162
270
206
673
148
260
205
169
385
92
109
371
81
262
366
575
292
715
208
299
701
728
584
416
188
42
408
782
429
202
579
407
303
192
172
294
660
783
757
753
52
54
82
194
464
143
509
119
175
325
377
726
630
628
644
361
100
411
265
390
379
616
466
280
671
520
459
189
120
118
476
398
115
16
261
404
364
116
322
38
593
86
674
315
145
632
0
465
293
117
529
734
56
413
312
478
14
635
242
1
608
84
758
236
216
60
