186
767
716
419
241
749
766
736
179
501
151
544
145
465
266
573
616
255
463
433
493
363
153
491
210
717
530
177
585
139
183
312
322
268
181
613
452
655
237
769
684
746
554
640
455
342
588
307
480
40
656
685
742
663
199
752
623
653
294
121
178
775
184
267
335
641
427
502
666
747
350
712
657
331
695
693
332
764
595
662
398
669
739
639
770
456
124
719
708
744
582
622
594
360
120
446
748
303
745
86
170
127
256
123
109
559
702
43
126
228
555
225
369
667
611
81
122
447
621
584
370
668
362
528
278
250
586
556
171
80
397
251
474
479
138
389
44
475
583
724
89
390
391
114
418
143
503
142
361
115
529
558
557
696
