746
745
361
714
210
392
360
531
777
530
747
242
726
716
267
713
715
683
532
564
778
808
748
749
535
832
717
420
516
719
720
563
498
465
268
228
718
864
393
682
999
779
307
1000
178
750
368
533
499
236
329
432
503
562
534
801
204
335
369
424
776
298
334
197
741
340
339
71
781
589
464
833
758
497
336
865
463
966
419
751
433
431
275
400
330
102
521
780
547
70
640
548
807
337
230
341
688
10
209
931
96
211
177
1001
727
933
299
500
935
99
39
615
969
205
243
684
694
681
897
621
759
98
260
964
689
308
633
472
64
851
8
289
276
553
502
995
171
996
641
901
795
773
172
274
101
367
657
934
262
295
690
129
425
881
899
38
583
782
602
128
774
23
401
880
882
1
471
612
812
565
1002
902
911
529
504
198
658
338
42
164
418
269
590
388
145
257
485
293
852
32
827
601
879
768
408
263
399
34
440
407
517
580
883
763
146
567
107
462
87
355
24
912
507
989
18
721
1010
385
963
216
903
596
301
819
466
229
545
866
929
665
33
237
501
850
22
114
614
800
1004
762
480
161
165
100
40
620
588
152
203
1014
261
333
566
9
292
69
484
582
386
802
1011
983
1008
417
552
56
66
123
965
1016
942
81
41
828
914
151
769
119
72
445
50
1021
124
952
328
218
860
554
856
968
703
186
366
520
250
803
294
80
752
1013
290
241
783
31
775
824
541
947
362
581
249
642
736
984
557
708
259
896
508
884
184
1012
898
674
1015
609
943
930
890
873
540
217
451
454
892
356
373
791
834
120
391
1017
820
309
345
671
144
376
219
997
536
475
1023
439
988
314
130
944
176
1005
888
113
853
687
858
584
235
37
595
174
20
558
764
676
193
223
155
415
889
63
915
542
706
496
139
325
92
891
859
594
1007
154
509
980
82
112
476
185
21
53
571
183
831
49
67
446
572
313
626
410
923
921
409
511
160
421
76
607
188
2
956
1020
156
383
19
412
17
673
666
608
1003
231
187
628
54
131
813
954
794
976
441
175
302
1009
306
444
382
110
698
473
936
948
150
550
78
857
277
319
111
1022
887
190
477
88
515
189
913
351
941
108
55
730
158
920
836
979
95
125
909
945
153
452
940
699
977
893
575
346
127
835
695
254
375
732
121
287
447
546
539
972
349
109
48
576
951
918
885
122
810
191
118
248
639
332
16
854
115
978
904
822
206
282
895
709
632
342
93
953
522
442
212
638
94
919
126
811
222
252
613
62
116
479
733
634
806
28
305
143
734
735
551
606
140
394
650
767
159
430
900
255
543
377
83
587
796
387
757
467
317
324
537
967
636
731
894
350
413
90
238
579
744
182
561
478
946
862
196
799
863
652
288
738
304
510
770
315
30
651
36
281
280
51
823
549
244
855
981
285
568
104
253
173
805
861
670
157
35
7
11
702
378
456
790
610
457
928
443
637
925
58
414
251
573
79
916
570
316
68
917
975
574
258
985
380
14
937
600
300
922
669
821
220
982
91
986
668
374
65
318
878
25
616
47
344
693
13
825
381
1019
700
789
962
323
605
818
352
987
697
826
43
389
137
347
117
905
97
194
134
849
84
797
77
29
604
924
1006
73
868
74
932
886
247
286
27
569
470
474
448
792
957
221
264
659
625
729
603
488
411
950
906
61
59
46
86
225
809
973
354
772
990
544
320
103
958
379
215
505
845
370
742
512
667
60
279
283
44
760
6
89
926
955
26
635
927
814
214
577
12
701
273
844
949
208
871
321
910
310
423
5
284
213
52
696
357
312
106
519
867
291
303
838
482
829
15
85
45
538
646
372
1018
765
907
138
788
358
846
737
348
506
629
664
627
450
672
649
224
685
449
648
75
327
326
839
270
343
661
57
798
643
135
784
142
426
766
278
991
647
830
200
847
166
416
149
132
848
232
245
141
841
556
353
434
514
195
170
406
246
105
578
877
908
555
974
207
686
875
739
586
660
597
199
876
311
468
593
644
710
970
804
761
740
874
162
422
998
398
489
619
233
961
438
384
163
455
487
705
938
469
453
677
645
704
787
495
585
971
793
322
181
518
136
622
402
728
0
226
753
483
331
179
256
959
870
817
169
678
712
725
365
297
481
133
872
815
939
296
707
148
869
675
359
192
364
843
147
653
513
390
272
167
816
786
840
271
202
227
266
486
239
771
371
994
405
785
611
3
618
201
234
168
722
435
599
617
691
656
960
680
363
240
692
993
842
528
265
837
437
458
427
743
429
654
180
754
662
4
397
395
755
756
436
679
490
631
724
403
663
494
630
404
992
396
711
598
526
461
723
527
523
624
655
591
560
428
559
459
592
623
525
524
460
491
493
492
