418
446
697
474
475
391
473
447
529
65
590
501
531
67
419
80
614
696
68
611
226
702
557
503
198
66
618
171
558
646
360
79
389
388
591
451
417
528
445
170
139
478
612
564
583
91
584
44
64
726
425
610
563
228
14
118
559
527
698
89
93
472
619
734
142
59
390
581
580
732
554
200
387
637
282
454
695
508
667
509
95
523
733
471
167
76
195
257
224
586
15
555
254
361
51
330
297
542
664
571
77
662
651
665
545
553
544
569
488
60
666
329
516
621
543
399
199
144
453
358
625
481
87
121
22
541
636
225
18
487
640
181
605
7
31
486
239
597
694
759
624
517
56
561
570
526
756
33
634
5
627
328
582
365
562
757
47
58
598
359
61
120
119
730
514
1
29
85
530
53
546
0
377
161
357
83
11
525
740
122
415
233
572
727
600
518
262
132
426
111
223
513
489
84
141
19
608
267
699
626
211
48
70
175
500
148
10
524
496
17
423
26
755
644
349
609
2
154
69
196
515
172
147
729
476
45
28
20
356
229
615
54
376
645
725
52
751
32
427
731
265
643
308
380
336
411
35
397
348
398
407
255
75
736
374
763
386
385
408
620
373
36
50
309
316
166
46
63
49
13
331
379
345
34
39
317
78
332
347
38
372
62
368
774
771
370
135
116
107
