81
647
693
283
589
143
668
444
485
556
450
115
537
96
92
565
452
156
522
479
97
669
460
638
165
74
604
268
458
601
241
94
404
470
469
256
663
648
482
594
286
607
459
498
689
169
187
568
25
507
162
73
184
130
650
157
428
603
204
728
432
178
671
502
382
202
493
441
573
179
673
567
30
439
209
606
536
448
455
632
98
630
101
551
655
160
748
622
494
403
238
215
8
720
210
271
783
298
203
207
354
126
201
218
299
490
623
456
467
653
495
552
177
464
261
326
547
438
639
259
538
129
635
109
540
461
152
519
466
72
6
176
437
595
577
410
539
55
240
629
431
234
232
658
510
163
602
416
628
174
429
463
599
86
492
296
186
16
153
435
652
405
270
127
102
355
436
631
189
159
409
633
303
434
678
214
430
327
150
560
314
462
424
155
512
506
285
272
657
128
242
243
705
99
484
592
574
782
117
593
596
302
681
124
575
123
491
264
413
300
433
301
521
497
237
550
168
701
125
758
151
440
4
182
576
269
754
700
134
114
340
206
140
383
190
149
236
188
23
24
100
688
704
692
442
43
183
780
21
208
656
235
131
274
690
684
660
412
535
468
9
82
414
381
258
352
649
406
244
683
402
579
499
654
324
672
90
378
687
311
400
231
781
216
57
483
480
266
401
246
275
158
457
613
205
752
313
375
3
661
213
616
112
659
212
548
263
691
260
714
350
180
384
749
113
465
245
103
27
217
682
511
676
520
185
108
288
578
395
346
617
735
367
396
443
364
353
230
71
289
686
291
716
641
325
146
680
549
227
779
679
37
715
164
710
191
711
295
776
775
764
685
392
421
287
251
753
762
292
449
319
290
719
504
197
588
706
344
104
273
351
677
337
12
279
532
333
323
312
220
110
777
721
40
133
339
767
760
294
192
280
138
173
566
739
737
768
338
322
315
712
420
252
393
505
713
674
747
293
342
675
105
341
247
585
718
744
363
343
369
219
307
765
320
41
477
778
284
772
318
708
145
222
321
717
137
770
750
221
88
587
310
422
766
371
745
106
193
746
738
366
723
707
742
724
761
670
741
722
42
743
709
533
250
194
335
642
534
394
304
703
136
249
306
305
773
253
278
281
362
769
248
276
277
334
