655
624
656
435
467
492
434
433
623
491
401
402
436
466
723
400
403
691
468
754
592
432
370
493
753
657
686
654
722
690
460
369
755
490
399
404
941
459
366
371
367
437
524
653
620
304
368
469
785
687
305
685
688
659
940
652
457
336
619
621
458
782
272
489
303
721
337
784
756
917
599
338
786
752
523
724
438
271
335
456
339
372
975
950
631
465
971
1007
334
972
976
398
918
781
689
4
488
658
323
787
885
981
591
616
886
586
949
908
511
568
585
797
505
718
783
825
873
1006
916
770
617
200
333
281
692
322
813
569
179
552
264
487
265
77
148
381
306
635
365
273
733
47
439
740
551
27
946
826
1002
743
201
514
951
19
618
772
355
510
872
471
414
537
29
167
313
146
100
711
233
677
269
928
3
28
904
645
986
834
982
166
169
480
809
648
939
470
933
301
803
587
520
838
903
660
840
128
82
983
152
481
830
637
451
788
667
168
121
109
907
536
958
180
765
513
0
521
927
906
644
1018
181
225
86
149
450
855
985
61
835
598
43
131
518
763
26
932
104
485
35
732
379
710
52
678
630
606
839
479
36
415
349
750
632
473
622
92
766
935
522
405
199
73
449
348
215
642
915
290
291
822
669
901
136
259
416
