490
489
463
772
675
517
306
334
462
774
503
742
505
287
518
768
449
450
671
773
165
367
477
761
220
533
765
435
687
588
395
615
192
561
743
217
660
82
557
286
169
289
290
250
502
745
562
68
516
315
25
58
715
65
314
418
770
782
736
339
366
222
279
758
282
760
716
698
669
291
340
558
769
696
341
285
556
491
613
746
311
224
288
688
534
190
560
4
71
92
244
218
216
474
316
488
714
545
322
317
75
194
245
312
585
103
293
313
436
38
709
749
189
243
529
74
307
292
507
681
323
362
721
646
572
682
221
661
659
407
256
701
16
506
215
176
680
573
652
254
461
284
93
104
146
246
227
318
434
351
36
753
624
70
464
76
653
717
102
43
689
177
679
676
528
738
744
544
663
708
662
252
280
592
626
188
105
69
72
209
67
118
651
563
39
654
357
178
409
166
690
535
242
219
141
174
100
406
632
47
741
546
361
627
515
319
180
87
125
278
149
501
735
127
126
451
328
555
175
24
214
408
130
170
677
200
710
121
101
352
187
526
98
23
637
129
99
445
79
499
655
759
260
161
73
327
186
259
726
160
123
321
524
148
355
46
479
52
554
752
609
131
392
257
300
610
179
40
197
310
725
620
139
396
476
66
276
771
414
249
247
122
623
638
718
446
625
368
390
707
138
294
274
766
590
114
81
365
30
437
587
645
32
261
124
94
283
42
41
393
64
147
133
184
614
338
3
672
95
750
342
582
106
28
273
600
523
37
228
619
191
608
17
225
10
295
724
577
730
96
628
700
299
115
379
8
650
281
413
737
162
57
692
326
143
119
120
394
213
702
473
185
664
97
55
633
426
241
467
381
666
168
173
385
767
277
195
581
443
210
751
382
525
31
495
329
636
272
440
497
54
678
400
298
781
193
363
26
622
354
519
703
527
85
731
50
344
27
648
728
5
116
135
611
380
487
642
635
113
208
389
258
780
460
649
84
779
364
778
301
335
255
63
604
496
422
634
398
172
117
397
417
579
399
21
448
693
333
128
337
159
643
605
468
240
383
755
136
607
704
478
571
424
325
551
110
164
441
416
48
423
762
674
447
733
641
33
754
504
336
78
706
356
14
552
500
132
181
2
343
734
596
775
1
550
543
471
415
763
350
586
691
353
747
11
599
665
262
302
492
211
308
150
419
764
22
776
20
378
593
442
263
34
158
493
369
469
183
452
589
583
531
425
207
668
206
56
44
320
59
412
472
597
134
226
444
391
508
470
559
212
297
271
152
275
86
783
498
580
549
182
576
720
264
606
345
358
536
494
522
155
598
553
201
521
584
324
151
439
564
520
229
667
427
248
384
144
359
49
722
163
145
697
171
387
230
330
530
153
253
594
371
570
372
542
198
239
548
466
53
621
386
547
713
631
740
157
202
401
108
629
199
565
639
673
77
428
360
647
296
705
612
373
595
410
480
61
457
12
388
154
238
421
237
537
236
60
303
156
331
686
465
265
732
438
729
541
205
91
45
578
483
514
657
618
89
455
142
411
51
512
112
603
748
777
203
304
640
539
656
235
346
683
29
485
711
18
484
453
19
513
601
532
15
90
602
309
575
486
196
481
140
540
9
511
684
268
223
370
305
456
739
617
204
644
757
756
475
719
111
616
630
332
699
137
270
83
88
0
374
167
567
658
670
251
694
62
568
454
569
234
420
7
482
685
233
433
591
429
231
574
80
509
723
432
712
727
266
13
109
6
510
232
695
269
459
35
347
267
458
566
402
405
375
538
431
348
430
107
349
377
404
403
376
