418
670
642
502
559
224
501
614
704
142
365
529
309
363
65
531
145
641
393
335
557
697
307
446
364
698
114
760
163
337
530
66
628
474
761
613
86
389
765
586
612
513
693
766
703
120
69
419
203
87
578
498
616
621
422
394
500
608
71
636
76
70
162
222
532
416
588
528
473
694
225
390
587
112
75
124
481
496
447
726
611
385
150
508
497
147
270
637
544
361
469
415
108
477
386
121
651
191
610
279
427
397
379
541
420
228
192
282
724
558
407
417
535
622
78
125
348
77
421
607
111
640
229
143
233
598
118
619
617
669
600
723
681
539
779
122
671
525
186
14
602
423
164
686
185
653
172
627
24
391
346
72
566
94
174
609
64
247
778
135
171
555
691
570
606
123
97
728
722
514
522
509
650
472
55
526
582
396
175
556
344
149
156
485
184
435
576
18
448
615
645
381
200
199
634
451
524
512
690
482
308
755
378
542
168
618
159
414
215
453
408
57
696
461
782
275
43
141
536
119
93
201
633
269
504
620
0
1
579
568
762
5
476
689
487
577
15
575
659
643
644
428
95
584
457
543
468
753
413
148
591
411
486
492
599
569
603
322
564
436
781
30
405
26
382
4
234
638
240
581
400
25
16
161
305
29
13
672
495
81
131
158
455
729
571
243
518
252
146
20
505
117
700
597
45
140
663
624
205
409
12
110
58
54
294
173
53
660
684
655
515
635
380
109
567
756
527
456
374
434
343
533
214
759
488
546
90
17
574
661
573
28
780
464
9
648
463
444
623
239
443
687
82
718
629
370
52
560
388
649
19
39
377
11
585
132
685
106
22
113
27
211
157
658
3
206
706
392
56
499
494
196
31
441
133
460
489
604
730
169
6
701
432
280
601
44
664
96
387
375
657
605
351
503
712
32
155
218
630
7
354
764
399
763
261
349
592
242
707
42
547
46
491
580
401
260
303
23
256
230
360
285
714
83
727
2
708
540
550
412
384
507
437
424
406
626
345
231
783
431
244
371
51
459
10
33
84
103
298
190
187
519
511
290
152
777
594
61
301
68
352
297
554
127
312
552
757
625
85
213
632
128
336
129
470
