-0.15103912
0.08794099
-0.056408584
0.3682624
-0.31478536
0.20327574
0.050236523
-0.26530975
0.09179157
0.001476109
-0.0661332
0.10891026
0.7758355
0.5612978
-0.2705875
-0.39909822
-0.037764013
0.06733525
0.09089452
0.10564113
-0.101492405
-0.16013819
-0.12016487
0.014369726
-0.349517
0.27216297
-0.31950182
-0.17103523
-0.03453523
-0.034067214
0.2015804
-0.31442523
0.09629077
0.32725924
1.0889657
1.0724995
1.0454392
1.9595525
2.3182683
0.3857527
0.62489027
1.1506584
0.16719288
0.7245835
0.2933942
1.3863971
2.811107
2.0444465
1.7817874
1.6780844
1.5302765
1.1450334
0.25780705
-0.10889834
-0.016790748
-0.16299707
0.044674218
-0.055008054
0.507559
0.13345742
0.96122116
0.7157619
0.9124526
0.95817816
1.5073237
1.7286358
1.7976794
-3.0032072
1.603306
0.75232744
1.249299
2.2179327
2.596611
2.332104
2.2502565
1.8450816
1.7623775
1.1615208
1.8129735
1.7318468
-0.5395821
-0.8716064
0.11409336
-0.32413375
-0.11213541
0.034982085
-0.04841441
1.1476538
1.613857
0.40785116
1.6457748
1.57353
2.168015
1.6424589
1.8918047
1.1423414
1.7536762
1.9514687
1.2648256
1.1572404
0.9115034
0.54186934
1.1019949
1.1858625
2.0491843
1.2756277
0.72535795
0.55652
1.2140393
0.55064845
0.75302994
-0.2771178
-0.16918969
0.86338395
-0.5840253
0.15277725
-0.69277793
0.62284034
0.50214475
0.5109072
-0.01651156
0.23343521
0.69662493
0.39164412
0.33586735
0.2129752
0.38133693
0.4946587
0.66536576
0.18849635
0.31833068
0.38288182
-0.5398645
0.30685332
-0.18735045
-0.2693267
0.5169768
0.28827113
0.55571574
0.10737026
0.1373344
-0.06317818
0.29163107
0.43967798
-0.7959133
-0.67238325
-0.7339491
-0.06975657
-0.8242832
0.08067387
0.3052045
-0.590041
-0.30589545
-0.15756804
0.18747735
0.2236501
0.86557543
0.5097567
0.6826389
0.53022027
0.44669402
0.64801365
0.40119553
0.22104365
0.026216984
0.21310228
1.1753027
0.4187874
0.014662862
0.9821393
-0.031081319
-0.6446342
-0.11615187
0.45731157
-0.24897945
-0.22724295
-0.058944523
-0.29066938
-0.11786592
-0.41783363
-0.47170562
-0.37873173
-0.5673583
-0.55385727
-0.5880222
-0.66038793
-0.41758722
-0.30756223
-0.1237337
-0.60761815
0.56700194
0.6566651
1.3336478
1.5852671
0.24174654
0.75087565
-0.4495718
1.8123884
-0.9669023
-1.018743
-0.47325546
0.6619728
-0.38307244
0.34925368
0.22621569
-0.03771174
-0.07252604
-0.20190561
-0.24967593
0.34379673
0.17622834
0.7124351
0.613553
0.14438665
-0.17029351
0.062806964
-0.10975057
-0.11680293
0.26570296
0.128443
0.09447569
-0.21119964
0.18074155
1.5339373
1.8524976
0.5340774
-0.7640318
-0.23665905
-0.32297695
0.0329085
-0.15086281
-0.023474932
-0.3898446
-0.07772136
-0.055770814
-0.04544562
0.16646731
0.15732938
0.3590334
0.34873584
0.5268229
-0.12797523
0.09101361
-0.17591035
-0.24578345
-0.033524692
0.1249764
0.38596365
-0.6712646
-0.5648896
-0.11739558
0.96026933
-0.5252395
-0.83223015
0.2528695
-1.0218792
0.3315894
-0.6386096
-0.36700475
-0.0017182231
0.10833883
-0.06071031
-0.24675113
-0.05658549
-0.07466358
0.22313407
-0.12017512
-0.25722224
-0.05965835
-0.09162474
-0.047059953
0.16562521
-0.069610715
0.1900667
0.2668315
0.3920185
-0.14207685
0.30782044
-0.020510554
-0.6250593
-0.31691867
-0.4930529
-1.1366816
-0.22010964
0.499787
-0.2899363
-0.18426073
0.08949232
0.15983677
0.030239344
-0.007047236
0.24476272
0.12697649
-0.076505125
-0.47943705
-0.41719836
-0.47547585
-0.056111813
0.18324474
0.6351349
0.013963163
-0.20267045
-0.094877064
-0.36278903
0.19253397
0.48362914
2.2376778
-0.6173323
-1.3716657
0.20477146
-0.949637
0.42561907
0.63185835
-0.08277184
-0.21804732
-0.5935487
-0.6680948
0.118718445
0.6556909
0.23445916
-0.42840832
-0.74745375
-0.68957907
-0.6553523
-0.50575477
-0.31816083
0.6053219
0.27051663
-0.7097849
-0.9987988
-1.3985686
-0.78114325
-0.82424647
0.44494358
-2.1209426
0.16848058
-1.1184103
0.62865543
-1.5108199
-0.60196906
-0.61961895
-0.78714377
-0.6981105
-0.67351454
0.11521977
0.4940107
-0.016718626
-0.06716883
0.35541004
0.24660778
-0.16237593
-0.7601814
-0.21175253
0.36317727
0.41395965
0.32393065
-0.51311
-0.5249453
-1.488277
-1.5111415
-1.763736
-1.1224079
0.6720235
-0.6081545
0.5434774
0.73276126
-1.2097075
-0.31718904
-2.276952
-0.6281579
-0.5565807
-0.43862492
0.055597365
-0.03927207
0.04727322
0.23570347
0.6596278
0.12653655
-0.2440955
-0.25463367
0.036689162
0.45891458
-0.030612707
-0.17156184
-0.241481
-0.28496063
-0.09090626
0.30206662
-0.14497662
-0.74046654
-0.71329015
-0.04546082
1.3712555
0.6370889
-0.07446462
-0.23228866
-0.50514835
-0.23535281
-0.3237446
0.043097496
-0.045774758
-0.3220232
-0.15651351
0.15345275
0.63788176
-0.21571004
-0.039150536
0.027252614
0.5616391
0.39976406
0.4587318
-0.25474906
-0.35946184
0.16680104
0.420017
0.2613821
1.2646468
-0.73059946
-2.1453025
-1.1151185
1.0960841
1.097956
1.9537301
0.21338493
-0.12966418
0.074955046
0.42547733
0.2849587
-0.092885196
-0.37518036
0.22243643
-0.1148749
-0.40520602
-0.21252453
-0.15973705
0.37551406
-0.14859176
0.4427271
-0.037375808
0.114141166
-0.19797516
0.582934
-0.017931223
0.60518837
1.3962433
0.8221578
-1.5862085
-0.24948382
-1.0393581
1.6079462
2.0234447
1.1140141
-0.2399075
0.2822836
0.337676
0.049990177
0.026907563
-0.16974342
-0.027216792
-0.37237018
-0.03924024
-0.40781277
-0.32397938
0.06354505
0.10137981
0.15754586
-0.0928058
0.42184478
0.43736446
0.6386303
0.555141
0.29673386
1.5943556
-0.2378273
-0.1366787
-1.0418358
0.12545621
1.4116104
0.46950126
0.6385803
-0.20571184
0.42492437
0.6793066
0.2658963
0.26313242
0.10482705
0.16727597
0.043020844
0.004746616
0.027143478
0.29096523
-0.003706038
-0.30457908
-0.008721709
0.48105776
0.5670855
0.22902152
0.56089157
0.745811
0.47017467
-0.5654313
-0.6081981
-1.2465146
-0.7999795
-1.1532719
1.321453
-0.437823
0.41521558
0.973601
0.7063675
0.438635
0.18169045
0.36253774
0.21859172
-0.18470788
-0.0013688207
0.5206653
0.508661
0.0841952
-0.22296482
-0.54645973
-0.10101223
0.26752555
0.50580674
0.20387617
-0.16759306
0.36067724
0.35130495
0.43248117
0.75317276
-1.4748135
0.2315931
0.071562946
-0.8469288
-0.68779546
0.15790784
1.313071
0.8151831
0.8078141
0.25375608
0.38524342
0.45578516
-0.08918619
0.5612316
0.122944176
0.43480864
0.53089815
-0.5825123
-0.68809205
0.5518343
0.67778015
-0.12925255
0.4342714
0.39989948
0.11658943
0.24876755
0.9838611
1.0476463
-1.387018
-0.43501598
-0.043733954
-0.5151616
-0.42722112
0.63907504
0.5194073
0.47024077
0.7872018
0.881611
0.6859624
0.9083374
0.6509688
0.7554746
1.0992484
0.32939714
-0.13007557
-0.6942935
-0.06323868
0.72202235
0.9767437
0.1742385
0.7968826
0.4792216
0.122053266
0.3963229
-0.80439276
0.22497922
-1.0568426
-0.29206866
-0.12935019
0.4598082
1.5423281
1.2386329
0.79060155
0.19291055
-0.122682035
0.63230115
0.45589602
0.1860379
0.39964986
0.59997183
0.54999703
0.42466027
-0.7321599
-0.77016693
0.12045902
0.7903352
0.58796525
0.49994516
0.23731464
-0.08635229
1.2443254
0.743428
-0.61040205
0.72433907
-0.35327452
-0.18255812
-0.05308914
0.24458465
1.0467873
0.47074062
0.20736682
-0.07002354
-0.27929544
-0.0666697
-0.17332178
0.23853236
-0.08673513
0.22822013
0.29651272
0.09810084
-0.07478106
-0.7086113
0.09040338
0.26505488
0.3007261
0.5887383
0.25520945
0.7793763
0.3360573
0.07049155
-0.70961505
0.20507923
1.8437767
-0.2620517
-0.039045453
0.19515952
1.5665464
1.6645167
1.1705806
0.52030265
0.4506224
-0.109274805
-0.105567515
0.28478247
0.11853778
-0.012350559
0.009298384
0.00450927
0.12669337
-0.091077745
0.06643939
-0.27022958
0.112351894
0.16327041
-0.02630347
-0.26089454
-0.15649033
-0.60258025
-0.62264687
0.77377445
2.299028
0.25719452
-0.2020194
-0.11194134
1.096648
2.0265427
-0.031446457
-0.7438989
0.24508035
-0.09639335
-0.5073263
0.33139008
-0.20439947
-0.0688262
-0.026154518
0.17785043
-0.38834018
-0.0077369213
0.22815222
0.2853228
0.06820488
-0.016334236
-0.34660012
-0.2697196
-0.5219191
-1.1539922
0.34685183
-0.3539605
0.8966806
0.07596201
-0.31260645
0.2142373
0.38351774
0.009506464
0.09041375
-1.8422942
-0.6616358
-0.5089744
-1.0891137
-0.48178262
-0.25153142
-0.3526132
-0.25269967
0.06815255
0.68067557
-0.0034932494
-0.22585863
-0.18402892
-0.6919951
-0.062368333
-0.7331973
-0.839752
0.6293483
0.66594976
0.99549913
-0.45092136
1.026981
-0.124519706
0.27390116
0.056824327
-0.018026471
-1.2217939
-0.42603332
-1.996048
-2.1307373
-1.3651743
-1.5295982
-1.74738
-1.6118875
-0.7446808
-1.2357545
-0.20795143
1.4448891
-0.64252275
-1.2430794
-1.6382134
-1.2144473
-0.2764694
-0.89628464
-0.836778
-0.59981126
-1.7258818
-1.2007887
0.63828653
-0.067717254
-0.032867074
-0.20526582
0.14822751
0.2177651
-0.07274848
0.55538756
1.5054729
-0.18918312
-0.42880255
0.15274847
-0.075056076
-0.9042449
-0.7280786
-0.8875821
-0.1653536
-1.7142117
-1.951154
-0.6677862
-0.33164388
-0.8857046
-0.05975163
-0.89916855
-0.28453618
-0.61050946
0.44770652
0.070526004
0.043521702
0.09674716
0.28058377
