590
474
362
670
114
446
171
477
96
143
618
390
418
696
505
115
531
557
449
708
283
705
676
311
169
450
89
589
335
363
306
361
447
117
81
334
563
744
706
473
256
80
44
144
558
145
529
421
118
222
707
472
170
305
221
199
702
745
712
138
391
251
591
647
675
95
333
535
566
109
228
559
648
72
693
249
475
678
74
502
282
710
255
137
86
726
668
91
130
451
556
43
317
389
506
142
254
583
94
125
698
748
307
460
127
123
724
741
779
742
124
767
651
388
746
564
713
471
174
738
126
120
350
685
279
461
162
243
607
71
747
323
177
194
662
749
90
259
525
122
250
181
733
290
689
76
528
113
448
610
93
100
682
653
278
580
119
568
99
98
766
567
588
569
156
165
210
318
274
619
617
663
655
97
151
594
216
434
669
128
697
193
479
202
611
267
714
299
667
683
200
322
277
737
503
578
246
717
681
679
686
201
739
711
176
636
147
179
753
639
654
478
345
695
16
704
209
462
226
198
650
523
403
223
452
718
393
684
402
429
728
657
108
582
719
183
425
155
230
231
237
649
581
652
592
152
673
735
680
433
492
272
302
225
310
770
765
623
14
616
208
614
104
56
236
188
42
671
715
554
758
570
153
495
353
777
65
204
595
720
584
70
730
82
131
757
25
760
470
642
239
182
700
244
624
782
141
499
571
509
444
121
55
635
579
620
656
159
716
622
440
536
480
768
4
30
555
192
553
1
783
160
73
621
258
238
522
424
552
538
367
627
701
441
195
550
573
321
498
75
189
539
84
547
260
339
752
180
596
303
296
606
217
497
8
253
266
510
754
672
609
645
601
759
664
674
740
154
537
641
638
526
187
634
608
775
215
286
294
508
149
211
560
565
625
101
597
275
692
413
10
541
5
85
312
190
527
574
150
284
129
545
102
600
599
540
79
364
6
598
551
264
761
727
168
3
340
613
629
64
628
640
769
572
69
453
764
694
293
67
314
612
666
37
51
690
585
723
247
77
45
750
78
