338
310
734
773
336
705
366
530
282
677
733
504
308
769
766
703
502
279
394
770
750
199
281
704
198
736
307
771
226
676
419
751
737
253
363
506
368
448
743
774
678
725
533
721
396
81
772
735
765
254
749
752
42
776
640
135
768
132
440
344
559
475
612
456
586
562
134
742
558
116
651
189
145
778
399
534
418
417
531
283
468
397
187
748
370
732
643
474
255
740
357
615
227
697
204
252
280
447
173
579
182
305
593
172
230
684
55
318
679
424
710
320
685
289
80
446
731
374
342
15
133
309
285
521
624
427
356
186
83
217
576
525
720
442
324
395
148
164
291
26
777
455
767
686
762
317
469
756
425
196
603
353
779
486
572
29
570
516
561
114
146
300
423
185
729
708
621
301
325
759
522
571
24
371
545
653
435
470
713
683
216
744
543
337
257
22
335
747
544
551
478
457
326
501
4
213
190
496
7
14
59
171
503
407
764
601
627
86
430
273
351
604
209
11
329
609
219
517
316
372
680
494
381
16
781
714
426
0
656
682
644
585
111
415
398
436
181
599
9
343
200
84
565
31
400
354
295
441
598
319
573
293
393
524
649
287
489
673
296
131
535
693
454
180
243
268
352
476
414
661
53
547
632
202
302
380
658
458
577
467
237
297
712
212
203
178
515
428
144
755
754
208
600
694
286
560
391
382
259
523
184
709
82
628
327
149
775
763
276
260
274
234
671
27
780
188
645
163
155
28
650
500
461
462
492
345
681
654
655
630
439
741
672
183
218
514
339
358
30
175
575
112
174
443
292
659
210
707
429
170
634
157
730
738
129
459
384
299
520
373
718
699
727
625
665
626
261
125
757
229
782
497
140
179
256
700
85
244
19
596
330
485
246
263
56
294
2
378
32
18
385
550
1
222
25
168
484
532
154
493
315
298
258
413
420
431
383
587
629
162
21
623
141
548
347
483
57
272
722
158
758
613
401
290
460
20
241
10
52
706
262
228
689
635
463
379
355
176
438
231
597
323
369
495
346
328
152
6
453
622
616
153
512
17
574
617
452
422
311
5
695
715
390
701
546
364
692
539
288
408
488
633
233
637
247
606
201
103
657
236
194
159
275
177
519
3
314
487
660
8
270
552
631
564
156
245
130
518
638
313
563
206
783
589
434
271
687
23
266
728
602
367
526
269
151
620
652
205
321
588
594
542
406
118
389
716
760
662
340
191
498
666
264
235
211
491
513
702
698
466
410
663
636
54
386
33
691
375
739
240
232
167
225
690
746
160
675
465
490
101
719
464
239
142
745
584
553
402
267
365
541
161
437
511
242
412
578
648
214
248
608
421
207
482
341
605
444
607
220
540
668
409
416
150
405
480
109
303
265
392
215
359
432
411
58
348
641
322
124
536
433
481
121
331
13
507
238
568
126
664
549
127
554
403
136
12
711
569
61
582
508
581
726
117
350
566
388
537
143
499
761
120
538
123
404
147
723
277
119
43
674
304
580
192
139
115
753
169
557
592
284
688
128
361
505
377
98
619
113
595
