642
24
730
150
557
668
393
613
26
585
392
87
700
418
562
283
30
619
726
759
296
334
558
450
64
147
306
53
380
498
173
279
174
240
268
768
502
82
542
701
772
396
647
696
564
477
68
269
449
536
765
561
381
408
749
497
121
494
165
58
671
758
224
169
621
202
588
773
25
774
277
669
222
736
409
239
533
70
437
367
66
745
120
715
471
563
698
782
535
505
353
740
747
118
592
452
761
201
547
390
146
615
339
297
407
51
493
746
241
472
760
395
464
503
267
570
12
560
4
328
100
673
739
711
78
495
480
424
651
436
217
382
649
717
282
714
329
76
228
361
515
204
177
101
250
722
416
469
646
463
506
230
256
214
713
210
280
205
737
496
712
151
238
629
245
157
769
172
307
406
16
354
491
682
681
211
742
153
770
252
462
410
141
73
43
152
301
108
470
753
232
431
432
710
231
468
451
212
720
650
215
705
692
656
490
430
273
685
229
234
690
653
438
441
684
362
188
465
368
357
486
686
233
426
487
236
467
718
707
741
405
216
519
213
492
295
678
574
383
652
242
601
355
687
628
235
300
325
439
312
429
474
466
404
156
655
187
444
434
237
688
459
442
777
324
440
412
680
683
597
356
709
352
272
600
266
546
518
599
457
679
102
326
385
243
411
384
185
244
443
627
573
340
186
708
689
413
379
206
397
323
208
184
489
415
421
220
209
460
258
8
433
738
507
207
625
626
598
104
543
271
65
103
69
257
677
200
92
724
270
458
294
425
488
461
313
183
182
399
32
716
744
517
105
192
572
154
571
422
545
365
341
363
721
138
46
516
10
643
110
327
178
743
21
115
703
20
2
672
771
731
298
27
763
762
311
322
48
42
378
71
259
735
299
281
398
179
544
351
733
81
534
265
181
180
155
369
321
317
293
261
260
316
194
319
315
264
292
318
291
371
290
320
