334
306
642
670
277
193
362
46
88
675
72
724
422
276
197
38
104
305
723
251
90
477
248
78
42
75
249
761
136
769
73
449
722
505
106
41
110
92
71
37
105
674
107
74
223
304
335
278
392
741
420
108
94
138
49
450
96
194
97
221
45
647
50
43
707
709
47
62
585
34
717
312
421
48
703
166
393
592
137
284
333
40
63
12
765
753
773
747
719
472
76
222
36
536
98
648
743
556
764
224
113
293
102
371
35
247
103
416
587
281
746
713
613
250
432
706
39
394
718
534
91
443
93
669
87
641
99
499
712
133
768
639
173
760
337
364
444
679
220
649
595
572
497
708
538
294
582
620
51
617
766
13
165
79
762
95
77
100
532
370
767
716
169
363
116
64
710
128
292
209
738
372
369
150
117
646
437
750
164
495
189
122
3
779
552
342
744
715
402
591
135
273
690
101
739
535
619
401
123
109
465
343
602
258
676
61
678
610
266
650
130
459
119
701
58
441
414
127
184
681
131
763
60
464
594
682
290
635
181
275
286
498
567
783
311
195
691
603
365
772
263
470
711
468
604
52
526
279
593
645
82
608
89
291
575
580
574
260
232
721
149
547
507
382
231
758
140
652
600
524
373
27
626
467
781
264
23
638
573
54
307
192
57
546
609
237
33
754
367
265
322
145
400
431
782
636
244
427
780
9
599
413
404
203
207
380
510
182
205
28
601
571
20
112
341
658
426
689
588
429
374
183
396
522
469
553
70
168
19
466
409
777
8
570
32
537
167
211
508
745
704
680
233
496
512
692
129
622
424
653
698
121
423
408
6
186
259
1
187
560
86
314
533
479
699
185
375
206
274
407
729
188
671
395
548
672
21
204
634
555
147
143
632
344
583
655
163
354
214
688
471
172
2
398
625
243
316
433
17
115
629
234
309
218
728
246
208
162
310
30
445
476
461
757
280
684
492
216
778
687
683
323
156
630
157
154
155
153
126
525
340
540
352
589
435
235
520
238
661
576
581
654
523
5
755
726
616
383
384
566
44
213
236
212
415
491
179
386
215
152
657
176
660
607
579
217
493
730
637
125
229
339
56
85
487
439
225
405
677
180
628
727
289
381
462
742
10
252
11
345
451
633
257
749
353
385
317
230
351
643
438
521
141
662
84
627
463
486
644
161
663
0
453
480
403
551
482
442
557
219
673
428
541
321
615
201
124
16
700
253
519
245
624
313
509
24
440
25
563
513
656
319
267
618
295
458
725
406
714
528
239
120
436
158
550
685
177
554
29
55
356
397
53
605
776
134
227
731
549
159
434
240
210
4
564
494
111
175
320
285
261
568
202
598
22
18
756
178
606
349
241
596
597
379
139
543
748
412
590
561
720
350
272
565
366
611
399
256
118
504
668
270
694
740
651
693
283
59
268
696
425
338
614
705
282
733
474
