248
107
313
341
278
332
166
304
515
513
37
359
250
340
138
514
276
78
334
104
277
763
40
251
479
639
136
105
106
77
303
331
717
516
312
692
48
88
195
90
252
751
587
69
62
50
110
641
314
41
249
480
739
691
713
39
484
666
315
47
556
38
281
368
770
357
292
716
764
762
685
667
287
253
481
774
534
386
223
342
761
719
742
584
775
722
640
220
102
369
135
665
686
291
101
533
21
718
103
585
752
128
753
683
10
285
319
54
680
750
122
75
241
745
358
395
776
3
258
737
727
387
409
188
384
738
57
613
695
2
196
736
17
133
703
771
735
264
19
293
741
658
461
9
229
699
232
632
725
83
626
769
28
549
175
385
167
765
407
518
189
621
778
772
768
432
612
234
394
434
598
337
194
366
42
504
615
593
116
732
423
370
773
336
