224
75
315
92
744
71
368
642
252
739
714
94
661
731
591
619
720
185
269
742
193
167
527
492
240
520
187
347
371
554
369
548
767
629
161
319
581
763
771
374
605
570
348
398
243
200
340
606
627
700
573
189
58
327
680
323
186
515
436
431
533
150
119
491
463
752
27
580
258
257
712
72
146
342
108
372
343
727
202
601
687
748
613
107
296
61
543
112
672
389
110
445
637
292
213
644
512
597
569
201
280
184
376
490
33
612
378
326
659
325
237
4
148
737
780
106
242
270
624
5
313
289
286
365
208
316
297
174
85
355
3
232
210
402
576
485
699
177
114
31
586
32
314
500
408
476
489
519
385
309
144
755
487
736
435
400
585
52
175
236
104
403
592
471
516
352
381
17
380
111
290
97
428
645
628
53
575
749
375
603
117
261
715
241
20
551
460
233
318
718
379
413
262
430
86
549
28
689
209
196
353
373
0
83
7
18
407
578
517
741
738
774
105
24
214
178
631
764
499
458
267
320
207
205
778
6
708
782
614
308
693
572
534
43
735
452
783
234
709
559
547
757
288
721
351
102
183
530
176
401
529
206
216
473
383
759
84
604
291
26
777
344
1
432
701
743
56
59
577
73
728
461
99
346
462
149
409
508
740
596
552
600
615
455
702
239
181
761
253
671
483
19
317
518
293
80
29
775
756
729
397
190
215
560
599
625
649
593
426
140
598
101
493
643
182
429
345
9
427
235
410
295
768
453
131
754
561
781
673
225
212
116
404
55
537
762
716
324
164
437
163
488
392
571
650
254
395
370
180
306
553
722
14
67
550
22
579
632
132
526
711
192
11
170
281
266
747
574
707
287
732
98
501
448
285
646
145
15
562
179
674
133
265
263
456
382
307
399
454
776
366
211
81
465
135
238
420
524
486
725
772
457
521
417
647
475
706
750
134
354
651
336
688
522
411
670
498
703
733
415
264
766
199
472
546
496
390
439
412
283
337
226
565
558
502
438
523
171
425
504
467
419
536
564
679
447
103
648
563
423
222
466
440
726
765
495
396
414
394
698
391
194
442
416
525
494
769
393
535
363
198
450
506
424
697
779
282
441
172
660
497
443
478
42
734
338
173
422
444
310
705
468
704
469
675
773
470
279
676
474
677
446
678
418
