0.0067386627
0.059024513
-0.17457473
-0.04971093
-0.06948364
-0.06330103
0.024502277
0.008781552
-0.091404974
0.11780095
-0.12481308
0.17807269
-0.43137723
-0.58864695
0.1682654
0.20592159
-0.034109473
-0.013931394
0.009779692
0.092374265
-0.002529025
-0.16284734
0.17436767
-0.14009112
0.016495943
0.0073139668
0.058080673
-0.13582212
0.0032524467
0.09611416
0.02238512
-0.039713144
-0.038707435
-0.08489913
-0.5083756
-0.8108116
-0.79939896
-0.97633094
-0.6147178
-0.8821325
-1.0104723
-0.6240786
0.57594866
0.029350162
-0.3809988
-0.35490495
-0.4811967
-0.98631424
-0.9982999
-0.43492812
-0.782409
-0.59253436
-0.028146267
-0.010018349
-0.19476181
0.13695246
0.06119585
-0.15515637
-0.15255654
0.063281596
-0.44346398
-0.115967095
-0.42789972
-0.7618706
-1.0722182
-0.38642007
-1.020164
0.16852957
-0.90451247
-1.0794611
-0.51449734
-0.3262295
-0.13033491
0.06500274
-0.41696006
-0.33230442
-0.3869707
-0.52906007
-0.7525515
-0.5925259
0.09610081
0.23853475
0.001970172
0.0067628026
0.05344814
-0.05531013
0.0020830631
-0.43196124
-0.35219032
-0.40467077
-0.8775088
-0.86421376
-0.32804364
-0.5086133
-0.26440692
-0.24835396
-0.21629816
-0.011402965
0.19504648
0.0689854
-0.07118982
0.11345929
0.04222119
0.41281402
-0.023226261
0.016291857
-0.06778455
-0.11719507
-0.12712663
0.07263225
-0.10658002
-0.01194638
-0.111738205
-0.044218123
-0.04120195
-0.08790046
0.12846053
-0.0037835836
0.01846224
-0.14078957
-0.54745036
-0.39854366
-0.57684106
-0.544458
-0.45814985
-0.20669568
-0.5156585
-0.42217505
-0.32541865
-0.15310806
-0.088470995
0.123952806
0.17708379
0.21540618
0.28688854
0.2417416
-0.0018568039
-0.11189872
-0.45694846
-0.48123366
0.112267554
-0.12720346
-0.48069972
-0.08469558
-0.03221613
0.20166129
-0.1294232
-0.34025568
-0.06922275
0.07280719
-0.14109594
-0.6018781
-0.42026442
-0.42118257
-0.37003022
-0.3545621
-0.18557453
-0.26300603
-0.08513796
-0.21050358
-0.16165477
-0.19175702
0.022231936
0.14638174
0.14383364
-0.15100408
-0.6056474
-0.22963601
-0.03331375
-0.018935204
0.17924756
0.37210718
0.54031426
0.59179294
-0.05540204
-0.027899086
0.04376906
-0.041484237
0.016822994
0.21339124
0.15899259
0.085673034
0.11477852
0.042882264
-0.0888558
-0.23784691
-0.14845902
-0.2180394
-0.30877286
-0.15257764
0.09804571
-0.15557611
0.17778862
-0.23306352
0.46362332
-0.548255
0.004692912
0.0982129
0.5217625
0.32960644
-0.16408962
-0.09131557
-0.12209815
-0.021808386
-0.08720899
0.02414447
0.04505533
0.02252686
-0.05735451
0.0042432547
-0.048001766
0.23596412
0.12833714
-0.09659302
0.016720891
0.09905821
0.045290112
-0.16101521
-0.15896446
-0.2522903
-0.37697047
-0.44263905
0.41727626
-0.4004916
-0.33583707
0.12772495
0.35000336
-0.19954151
-0.440324
-0.4331395
-0.3465076
-0.100930095
-0.049631655
-0.00039327145
0.032782733
0.119904995
-0.024847567
-0.07044321
0.24480718
0.08069277
-0.22177231
-0.0028989315
-0.06622779
-0.16697305
-0.15273911
-0.16384548
-0.15249413
-0.4037692
-1.1424096
-0.88901585
-0.7695214
-0.79413587
-0.27906317
0.08886683
0.15190041
-0.39934874
-0.035093248
-0.13174254
-0.13566905
-0.09403002
-0.10550225
-0.0035873652
0.0014609098
0.21578014
0.32462043
0.21573794
0.18257147
0.02001506
-0.22303593
-0.23593915
-0.066118956
-0.26421756
-0.13353372
-0.19651574
-0.20839584
-0.49777752
-0.89354235
-0.8674769
-0.98298985
0.84532595
-0.08919823
0.17985982
0.53668225
0.34616175
-0.26237267
0.19938397
-0.058925986
0.1862632
0.03853154
-0.05974269
-0.011782885
0.055388987
-0.09897435
0.09477514
-0.33270508
0.120747566
-0.11663091
-0.05599445
-0.4066952
-0.442962
-0.46042198
-0.45835787
-0.32086247
-1.1035638
-0.9861081
0.2856265
0.15935826
0.23243672
0.025247276
-0.033414304
0.62543607
0.344621
-0.011512995
-0.059846878
-0.038312018
-0.328358
-0.056681633
0.09271073
-0.0003504753
-0.18849123
0.02086842
-0.70526975
-0.56126994
-0.14879924
0.14194214
-0.07215387
-0.07986629
-0.1503864
-0.62636656
-0.5386264
-0.63652295
-1.4139752
-1.6748376
-0.5302802
-0.7915192
0.2735178
0.2987145
0.34701434
0.58772576
-0.45114976
-0.16340625
-0.36706728
-0.1281364
-0.12488419
0.05898398
0.11752218
0.06910366
-0.20657468
-0.1707176
-0.414931
-0.37229156
0.04179108
-0.017304718
0.0057661533
0.28753874
-0.053177476
-0.3897068
-0.6380066
-0.7345683
-1.4433382
-1.4338746
-0.59174556
-0.055375993
0.5078455
-0.24900275
-0.058752537
0.23564452
-0.23946804
-0.32361013
-0.20099705
0.15676022
-0.20455712
-0.12664258
0.0058187842
-0.17698371
-0.005566299
-0.08665681
-0.22585654
-0.08250648
0.00013381243
-0.0137550235
-0.016244113
0.2286514
0.04908228
-0.1619224
-0.034313917
-0.38530213
-0.4647147
-0.1984384
-0.10938281
0.3382084
0.46256655
0.14979261
0.49277258
0.44712183
0.15302521
0.4452212
0.09724486
-0.1680994
0.2326203
-0.030151784
0.04402888
-0.04487425
-0.02173847
0.13150775
-0.4054281
-0.21701807
0.010396719
-0.036932647
0.07450837
0.12061185
0.30225617
0.34463665
0.0014341474
0.44615424
0.32397473
0.47816494
0.27447405
1.3409595
0.3823487
0.2512719
0.25544482
0.6007166
0.4172257
0.5297563
0.37290815
0.11114091
0.118572176
-0.01127547
0.11682081
0.0017440915
-0.14227182
0.05950147
-0.26510173
-0.33347338
-0.03062129
-0.14741397
0.1459387
0.36450085
0.33871552
0.42087853
0.5378429
0.4752936
0.5597844
0.604005
-0.10445398
0.93798035
0.4122678
0.1969735
-0.09513539
0.5282117
-0.15607542
0.03150773
0.12303126
0.23450941
0.07990599
0.22512954
0.27269423
0.019066453
-0.4113639
-0.0006288886
0.06765717
0.06959593
-0.13860369
-0.28885585
0.2385509
0.41813642
0.37609243
0.6420573
0.6667621
0.74088573
-0.018546522
0.33168337
0.046604633
0.8599246
0.28169855
-0.03570324
0.08254051
0.5673121
-0.31249666
-0.29970938
-0.19860429
0.08779144
0.090088844
-0.103756666
-0.043366134
0.26380602
-0.030844092
0.14675653
-0.035246074
-0.08492005
-0.13913262
-0.22562522
0.11389947
0.48331973
0.43843362
0.33588666
0.5427963
0.3142854
0.018289149
-0.037251055
0.1960901
0.36285362
-0.53279763
0.3729916
0.09308541
0.5286756
0.15251017
0.07576156
-0.010293424
-0.25044882
-0.22348392
-0.093993366
-0.47456032
-0.4379961
-0.14755964
-0.018406034
0.012357473
0.09400439
-0.03454423
-0.21920395
0.2742507
0.30177757
0.3663865
0.2569333
0.4800539
0.17727321
-0.2266106
-0.3254555
0.044270337
0.043125212
0.48256078
-0.21712428
-0.14187515
0.02901882
0.4937913
0.38382283
0.139512
-0.11311364
-0.20428294
-0.29245335
-0.29420727
-0.37403297
-0.113419175
-0.2722736
-0.08436793
0.3321535
0.037181914
-0.19907624
0.0026889443
0.1691401
-0.002005756
0.07701057
0.16323495
-0.20342124
-0.38074917
-0.3549642
0.054790795
0.35897115
0.036756873
0.100630105
0.124777615
0.21294618
0.4151064
0.38808292
0.3535486
-0.09174001
-0.30584866
-0.2094549
-0.09298265
-0.17170274
0.15040034
0.027022302
-0.15314215
0.18358386
-0.00845027
-0.04438913
0.06466186
0.010987997
0.17448395
-0.1356802
-0.18806726
-0.35324746
-0.5046075
-0.41903192
-0.030060768
-0.039004505
-0.30666536
-0.17693192
0.19075793
-0.038504183
-0.24876028
-0.018689692
0.11051059
-0.5226725
-0.44039303
0.07693708
-0.09312284
0.11241627
0.100842
0.07858837
-0.12179786
-0.25175416
-0.0043171644
0.0536716
-0.17454672
-0.16308022
-0.30413234
-0.51871246
-0.24967933
-0.26916105
-0.57722956
-0.08361393
-0.11748576
0.024922192
0.079301655
-0.12774307
0.01657617
0.13890308
-0.24470699
-0.25781935
-0.23168218
-0.48369604
-0.3593989
-0.06497139
0.10444987
-0.21269041
-0.16215509
-0.011090875
-0.19366217
-0.41537565
0.016982079
0.17669421
-0.4144234
-0.3749196
-0.12848175
-0.3178802
-0.10066736
-0.312086
-0.8970839
-0.5110492
-0.2686221
-0.31084734
0.1144833
-0.09448409
-0.011163473
0.1994645
0.2792693
0.41503376
0.10713214
0.15067768
0.28868458
-0.43449467
-0.3395459
-0.17273211
-0.1531555
-0.48124343
-0.49912256
-0.27380234
-0.072167814
0.54107225
-0.2629003
-0.4919147
-0.5427051
-0.68306524
-0.49591988
-0.7975258
-1.2047887
-0.6182634
-0.102990866
0.30308783
0.08947706
-0.111311376
0.12711781
0.2149725
0.71868014
0.8481361
0.88905734
0.9517488
0.41147855
-0.1494537
0.00022238493
-0.19184566
-0.41799456
-0.6766935
-0.5879268
-0.3165428
-0.11961967
0.29918468
0.0037992
-0.38664597
-0.49422342
-0.3889206
0.025362909
-0.39452463
-1.0895298
-0.3634053
0.53058374
0.45624948
-0.041509032
-0.15842903
0.060130477
0.08037424
0.3185104
0.6458584
0.6309924
0.28175905
0.18465286
0.024609149
0.035890043
-0.26340717
0.17752838
-0.13069826
-0.28675157
-0.2749452
-0.0034473538
0.14140344
-0.3270864
-0.00030344725
-0.21494794
-0.23930812
0.04027319
0.16518372
-0.4117679
-0.26760072
0.26734772
0.42197573
-0.12311053
0.06618029
0.0968048
0.013359904
-0.25305253
0.1891495
0.32019275
0.57651603
0.030758739
-0.030774534
-0.068507195
0.013987839
-0.27705234
0.07673192
0.01334542
-0.2350409
0.06103033
-0.32759732
-0.5598332
-0.36503702
0.18300927
-0.11843437
-0.007835209
0.28388813
-0.36165267
-0.13856566
-0.11599535
0.124726415
-0.031237066
0.09625572
0.037508905
0.02511996
0.05230266
-0.17114508
0.08838278
0.13995045
-0.18632627
0.017012656
0.43477005
0.3248384
-0.19846177
0.12225813
0.4855728
-0.33154827
-0.1789136
0.26782212
0.7303094
0.014029145
0.09617108
0.23466259
0.05809343
0.024157643
0.53588325
-0.068208694
0.12641597
0.024765193
0.031947196
