346
624
246
149
766
525
435
128
290
548
166
526
372
381
288
655
466
93
332
576
556
56
482
659
185
122
123
39
184
697
124
168
626
221
715
527
509
417
589
59
565
313
359
638
139
119
22
355
512
304
390
382
625
1
262
744
537
783
516
67
748
623
52
333
719
454
3
314
44
691
85
226
427
515
23
447
752
75
446
648
688
374
484
725
666
143
407
662
455
665
127
574
303
622
641
751
177
400
125
582
645
179
389
379
289
198
373
28
360
241
539
476
664
481
60
706
628
126
186
456
551
160
591
77
315
11
37
331
554
176
135
129
657
388
72
190
347
237
195
180
54
253
136
240
47
162
74
663
130
150
743
401
438
132
620
637
182
183
552
428
137
508
596
485
402
178
781
354
609
249
540
594
134
732
729
298
756
238
239
29
62
167
188
140
148
264
15
489
133
575
187
353
61
601
598
513
603
175
181
89
196
581
616
18
727
579
699
9
83
600
420
475
6
151
457
309
112
599
111
584
462
88
639
532
694
348
263
695
612
0
602
610
617
7
159
543
429
538
542
636
297
553
375
757
276
152
611
248
460
325
431
640
349
608
153
723
487
268
80
514
430
488
142
541
19
13
595
644
486
670
35
223
432
406
158
459
107
251
350
378
155
635
458
404
607
109
403
634
269
570
580
163
434
154
569
566
157
461
405
377
376
567
156
433
