461
516
567
566
488
515
154
595
153
489
781
634
152
151
487
594
264
291
635
328
263
276
608
175
374
126
125
517
580
179
178
607
318
538
606
171
485
304
556
581
292
319
437
543
180
582
554
486
347
636
544
530
676
460
199
578
609
144
434
124
553
508
346
528
622
148
706
123
127
633
176
660
623
610
637
663
331
557
675
248
150
117
275
462
165
330
659
529
502
527
329
44
459
391
390
618
447
122
65
305
274
47
203
624
357
619
592
206
245
22
303
531
632
537
222
778
177
217
589
605
246
86
697
526
693
565
59
1
375
614
77
116
55
579
559
558
277
56
306
478
302
783
740
512
686
674
5
320
188
334
772
666
145
310
418
448
774
755
562
702
308
773
691
754
204
93
667
273
33
638
662
353
449
776
768
746
205
555
585
339
352
84
687
114
41
130
484
31
730
392
539
690
642
149
501
87
265
82
661
613
24
671
159
63
136
26
615
652
394
207
620
473
129
402
458
739
481
499
393
79
584
726
228
450
255
700
169
552
736
759
233
30
332
381
247
509
477
574
232
231
750
279
350
560
745
301
583
119
571
568
128
688
550
64
249
234
173
409
296
163
189
146
611
514
58
561
765
396
229
338
118
753
563
147
588
452
358
348
698
500
218
535
25
230
250
160
696
612
325
224
360
782
533
669
505
465
240
300
503
361
758
174
202
572
760
701
356
451
596
670
70
749
511
761
68
757
664
4
223
380
354
510
639
220
19
258
551
283
711
689
490
540
564
98
445
201
545
355
18
577
395
446
61
717
436
142
94
367
282
323
290
650
382
546
349
457
653
121
424
134
482
99
547
120
106
257
593
89
219
155
640
285
196
548
251
109
76
732
617
83
475
359
408
161
483
13
532
644
88
0
716
727
133
73
340
96
29
721
80
616
112
111
7
15
309
167
480
756
420
35
699
9
97
383
384
312
62
322
131
92
723
162
695
453
665
140
586
341
6
417
729
454
95
253
191
226
694
198
132
259
193
284
34
764
336
72
385
60
416
419
590
143
8
423
11
427
456
313
719
766
164
455
472
389
107
90
172
429
49
641
443
734
645
743
221
137
366
57
387
704
415
52
748
724
311
197
254
69
428
725
476
17
767
752
28
225
170
104
504
414
113
75
738
316
364
751
278
333
23
54
85
45
337
779
425
14
32
775
321
3
344
728
335
50
315
587
422
444
139
195
780
168
261
260
138
105
365
314
46
363
37
166
744
10
36
38
67
372
643
386
343
40
39
703
91
672
110
21
115
42
771
731
2
27
20
762
763
81
735
71
48
281
286
369
342
194
398
371
733
289
287
288
370
156
