-0.013047695
-0.09561205
0.055226326
0.03803873
-0.12532806
0.012536526
-0.017208576
-0.067540646
0.027468681
0.17870378
0.020159245
0.10484743
0.0030822754
0.32302094
-0.14051819
0.04691696
-0.1439166
0.009295464
0.12346935
0.097579
-0.036958694
0.08973789
0.012376308
0.1559534
0.018810272
-0.047926903
-0.06794739
0.01902008
-0.026452065
0.018352985
0.02284193
-0.081077576
0.05404854
0.0054421425
0.24258041
0.41437197
0.12434149
-0.0025758743
0.273489
0.402246
0.3613038
0.51930475
-0.08056736
-0.7356491
-0.953918
-0.13216257
0.34587097
0.3208809
0.20341969
-0.05819559
-0.04947281
-0.09802532
-0.060055256
0.108320236
-0.07233715
0.005891323
-0.18305159
0.045890808
0.0021395683
0.37189198
0.12773085
0.12295532
0.49799633
0.51888084
-0.59544325
-0.64727736
-0.11305809
-0.6378579
-0.18951607
-0.21810246
-0.41325045
-0.92633915
-0.90432024
-0.1671052
-0.841012
-0.43748236
-0.6387305
0.2267189
0.06064272
-0.41943693
-0.5138874
-0.471766
-0.098073006
0.22775888
-0.019048214
0.0042304993
-0.54754543
0.019709587
0.118145466
-1.2921386
-1.1608701
-1.0935678
-1.26579
-1.0522056
-1.0503397
-1.0819168
-1.6673727
-0.7898698
-0.46109962
-0.41923904
-0.45497084
0.04184103
0.117278576
0.6415453
-0.106538296
0.6107888
0.6598282
0.8953147
-0.39070272
-0.36830568
0.25820637
0.16686344
0.14318323
-0.37188625
-1.4062452
-1.2557392
0.008939743
-1.1388626
-0.8771057
-0.46342754
-0.6839318
-0.40663242
-0.60989094
-0.71522903
-0.4598832
-0.4925933
-0.42396593
-0.43948698
-0.3693242
0.14971542
-0.49762297
-0.14100838
0.22762394
0.50921583
0.26464367
1.3561301
0.5891986
-0.42181444
-0.6870971
0.17883396
0.052802086
-0.098926544
-0.93724346
-1.2529764
-1.1132059
-0.8875179
-0.34831715
-0.38189983
-0.108248234
-0.010221481
0.17623854
0.29434443
0.12312508
0.022284985
-0.011563301
-0.043661118
-0.1227746
0.35385847
0.08022833
0.109392166
0.12392998
0.38504696
-0.067489624
0.19266558
0.34639978
-0.20190477
0.12863827
0.47840023
0.044582844
-0.8960042
-0.7476034
-1.4597816
-0.33946753
-0.017150879
-0.38243008
0.10882425
-0.33059406
-0.4028883
-0.024523735
0.12241459
0.099704266
0.19299126
0.13093042
0.0887208
0.2217555
0.06422806
-0.14405727
0.29197502
0.06300402
0.17955494
0.15636158
0.56939316
0.15886879
-0.43756056
-0.15353012
-0.11575127
0.20998335
-1.6398468
-0.26870203
-0.6578641
-0.4106741
-0.2008686
-0.09989834
0.05654812
-0.050898075
0.27505112
0.14305162
0.094806194
-0.19551563
-0.17615461
-0.13014889
-0.11404419
0.1639967
-0.00011777878
0.0718112
0.2110219
-0.10737753
0.10523844
0.3777051
0.47302008
0.4913497
-0.49360752
-0.3999939
-0.46939802
0.1538415
-0.49646378
-0.13794088
-0.112662315
-0.7739196
-0.24594307
-0.27045822
-0.14803553
0.1337347
0.16343927
-0.1753397
0.0033712387
-0.05948162
-0.2568841
-0.08794975
0.26396132
0.0062556267
-0.04481125
0.055665016
-0.12422371
0.05493641
0.3591876
-0.03510952
0.7392535
0.49667454
-0.12847042
-0.47606945
-0.967576
0.31428003
-0.27342463
-0.3229637
-0.83736944
-0.945858
-0.015526295
0.17334032
-0.26953697
0.03088808
0.026281834
0.19575071
0.46604156
0.19082832
0.084098816
0.28531647
0.7053709
0.15742779
-0.06404829
0.10282612
0.2238884
0.09254551
0.18679285
0.061498165
0.38125563
0.8219147
-0.3256426
-0.8252778
-0.35181236
0.09733629
0.30658865
-0.47020864
-1.0948205
-0.23231936
0.4763341
0.16666794
0.44212437
0.519578
0.73185825
0.31283998
0.4885955
0.34190845
0.1414895
0.547452
0.2965498
-0.20908785
0.07974911
0.036501884
0.014289856
0.015468597
0.01918745
0.09880257
0.011890411
0.40229702
-0.5705457
-1.1085529
-0.3499546
0.5058985
0.26201534
0.046631336
-0.73909855
-0.07692194
0.7839675
0.37272024
0.30499506
0.2678361
0.56607246
0.36152077
-0.056004047
0.10014677
0.33820438
0.37543726
-0.28756428
0.14566517
-0.06331158
-0.021128178
-0.09017706
-0.0928359
0.09387064
0.0676713
-0.07942963
0.0010046959
-0.7630801
-1.2817688
-1.213954
0.3950758
0.098695755
0.37478638
0.15116358
0.060329914
0.42382193
0.404027
-0.07411957
0.17684555
-0.09024906
-0.027181149
-0.045128345
0.070329666
0.036919594
-0.6190171
-0.04399681
-0.119463444
-0.007864952
-0.17361927
0.16043568
0.04087782
0.4341836
0.49220085
0.7018256
0.36657763
-0.91235065
-1.6038761
-0.94855165
-0.009495735
0.45842218
0.3079505
0.06907034
0.6273575
0.33494282
0.10932684
0.06662941
0.018649101
-0.096731186
-0.024536133
-0.22467375
0.029988766
0.107961655
-0.43477917
-0.042318344
-0.24269295
-0.19969988
-0.09555626
0.22748661
0.07078028
0.047518253
0.5889249
0.4384966
-0.58813095
-0.42315388
-1.0809445
-0.4516592
0.4767642
-0.06457901
0.8644624
0.5676484
0.16574192
0.474267
0.30920362
0.1096549
-0.082798004
0.122168064
0.16658115
-0.08207369
0.063512325
0.18172836
0.025519848
-0.113211155
-0.054703712
-0.051628113
-0.1696887
0.0070033073
0.10025883
-0.11047411
0.037181854
-0.082065105
0.12266159
0.3484583
-0.9354234
0.2200818
0.7005935
-0.7002878
0.0982604
0.4670205
0.24717855
-0.05442238
0.22301817
0.53604794
0.4579854
0.2840762
0.18389654
-0.06594849
0.018258572
0.080917835
0.29223108
0.11035824
-0.0955739
0.098760605
-0.094371796
-0.09176397
-0.08192539
-0.19098806
-0.08190775
-0.2370615
-0.15716839
0.14819288
-0.828516
-0.7298384
-0.22221804
-0.8253045
-0.82078505
-0.41065645
0.009587765
0.27882385
0.63678694
0.98343945
0.9193826
0.17981768
0.003335476
-0.0010223389
-0.35977316
-0.21074152
-0.07425308
-0.24094915
-0.15423155
0.01599884
0.058264256
-0.1994009
0.046956062
-0.012279987
-0.12857056
-0.36706161
-0.9026151
-0.9979005
-1.4727945
-0.5941396
0.08430815
-1.1515503
0.16277075
-0.15564299
0.06012392
0.60604525
0.6787925
0.772439
1.1092324
0.9589238
1.0162506
0.61476946
0.36471224
0.28362083
0.3587222
-0.05788994
-0.16662693
-0.119240284
0.11304808
-0.2609563
0.2221756
-0.19403267
-0.20283318
-0.33548927
0.16086483
-0.16979074
-0.40184832
-0.44265366
0.26154137
-1.095355
-0.08873987
-0.4966669
0.14658833
0.21769524
0.31248665
0.45891666
0.6869159
1.0802736
0.9850836
1.1817217
1.0195265
0.7154784
0.36570168
0.1102314
-0.12928104
-0.10282087
-0.011872292
-0.19624615
-0.08745861
-0.58556366
-0.25897932
-0.17041206
-0.41956186
-1.1510501
-0.072877884
-1.1641536
-0.0503006
0.6462178
0.5461626
-0.3963914
0.0391078
0.27955627
0.2505803
0.08962631
0.15061665
0.017920494
0.101281166
0.13435459
0.33931446
0.07827234
0.16446877
0.00037670135
-0.023179531
0.14159489
-0.023358822
0.05966568
-0.16564083
-0.09175968
-0.25464725
-0.28906965
-0.5790024
-1.143209
-0.8131685
-0.7919116
-0.0090556145
0.17822552
0.32935762
-0.6131997
-0.17980814
0.2979579
-0.37992382
-0.4343934
-0.48304987
-0.37109375
-0.33290052
-0.2060647
-0.117786884
-0.1851511
0.00019788742
-0.031083584
-0.07717657
-0.09890032
-0.1346221
0.035576344
-0.3289938
-0.10320759
-0.2896719
-0.48632765
0.012615681
0.11769724
0.16442776
0.107842445
-0.4948783
-0.75869083
-1.5928888
-0.811358
-0.31140947
0.26420832
-0.35624266
-0.19983864
-0.04853201
-0.18554783
-0.15909147
-0.031615257
-0.081718445
0.018889904
0.049565792
-0.07705784
-0.04862261
-0.04359007
0.08650589
-0.28111267
0.15333176
0.23787165
-0.21985674
-0.13651943
0.6908159
0.054156303
-0.5224223
0.3652029
-0.22114182
-0.3138051
-1.2014804
-0.5574827
-0.3035779
-0.44194317
-0.14171457
-0.07516146
-0.119930744
-0.07857466
0.0044989586
-0.043255806
-0.07049751
-0.06264496
-0.12142563
0.051101208
-0.05488205
0.054103374
0.33530283
0.17077541
0.0694952
0.5290084
0.462214
0.1589675
0.662694
-0.012891293
-0.565393
0.4574585
0.06529045
-0.09842062
-1.2304287
-0.7123914
-0.76499987
-0.39272118
-0.35968494
-0.42479277
-0.20807505
0.07891178
0.25034046
0.24905443
0.10658169
0.23719358
-0.016696453
-0.0383749
0.09860277
0.23511505
-0.045936584
0.08742666
0.4178691
0.73242044
0.6039338
-0.013489723
-0.28390598
-0.19370365
-1.7301302
-0.12832355
0.01095438
-0.103877544
-0.23379326
-0.5998626
-0.899539
-0.26693106
-0.6215601
-0.3538866
0.007040024
-0.025506973
0.14664888
0.050476074
0.096842766
0.07622862
-0.14025927
0.07832575
0.028174877
-0.16515636
0.50521326
0.41693687
0.4438429
-0.20390177
0.5859308
0.035200596
-1.098846
0.10210371
-0.6148453
0.22331047
-0.1635437
-0.15994549
-0.62031317
1.4716072
0.013048172
-0.7539158
-0.8335657
-0.9217882
-1.0921259
-0.502429
-0.31067562
-0.02056837
-0.5724416
-0.15857601
-0.17083836
0.12415314
-0.11246824
-0.34326077
-0.32686472
-0.32209253
0.04946232
0.55482006
0.5554652
0.21902227
-1.0466695
0.6878257
-0.5919571
0.09371948
-0.18524933
0.08044386
-0.13892126
-0.082101345
0.6692672
-0.04305601
0.43522835
-0.34647465
-0.18203926
-0.3112607
-0.43362427
-0.29405785
-0.061775684
-0.6085572
-0.5605049
-0.58892965
-0.76989555
-0.93284655
-0.75906086
-0.6194868
-0.29424524
-0.17280674
0.651958
0.590281
-0.33293152
-0.44577074
-0.05310011
0.14374018
0.2517929
-0.050510883
-0.1702323
0.08300638
-0.25609112
-0.141366
0.2223134
0.3301525
-0.04366684
-0.26561975
-0.5498657
-0.5831828
-0.34501266
-0.29686832
-0.61393166
-0.5051565
-0.11856413
0.21948147
0.96267414
-0.24328613
0.29132032
0.043544292
0.12379837
-0.31254387
0.17095852
0.06605053
-0.16477203
-0.028925419
