253
281
769
773
533
394
366
530
307
310
338
586
558
504
335
766
750
775
778
309
363
779
279
145
777
295
252
114
502
677
389
173
362
776
411
280
559
336
285
308
506
534
198
199
770
361
468
772
774
146
412
296
266
299
256
442
390
228
678
254
134
227
440
311
676
323
771
752
200
765
747
448
743
267
337
736
258
751
174
469
437
226
710
132
438
339
735
116
456
170
293
417
294
351
238
721
749
410
271
443
512
26
300
737
301
466
395
137
176
272
414
601
703
704
257
302
201
489
4
328
202
305
439
55
467
415
470
682
656
203
683
86
358
340
183
707
521
441
330
344
718
760
525
318
225
761
480
544
354
382
194
81
531
175
515
452
679
712
500
239
322
216
282
11
261
287
135
255
465
268
436
189
136
493
327
517
368
229
621
117
264
497
393
231
541
708
454
341
762
196
319
131
367
24
562
326
16
496
324
230
573
419
424
498
725
236
640
262
738
83
143
317
455
514
615
320
222
673
329
700
246
7
177
355
560
643
385
184
543
313
754
29
628
172
651
148
178
144
84
286
430
781
522
495
53
370
133
744
265
729
483
179
25
140
149
698
9
421
604
524
551
482
650
671
457
516
101
486
413
588
453
32
42
109
758
764
6
115
728
245
263
526
722
782
273
168
30
17
476
190
10
85
312
532
507
484
641
503
284
755
485
444
274
391
481
27
523
571
726
625
701
540
603
780
494
82
215
579
477
505
739
289
142
118
724
674
244
593
645
598
103
290
288
488
542
52
217
585
219
129
3
513
587
218
622
613
763
687
630
487
420
364
106
247
105
278
422
161
12
392
39
13
277
40
304
276
69
68
49
41
66
77
63
