12
286
200
592
390
472
214
536
283
339
416
165
92
471
118
468
498
527
583
273
556
650
433
233
469
673
285
147
384
714
684
716
105
203
290
288
406
177
652
81
179
519
733
688
480
724
245
734
312
413
329
717
687
526
445
497
455
301
27
516
467
470
313
407
138
120
444
672
264
66
618
422
653
686
311
493
638
68
255
440
48
8
291
454
432
447
427
446
713
44
1
217
643
685
697
305
274
365
78
51
294
353
415
56
295
559
86
59
428
284
667
103
554
42
22
419
531
593
582
620
357
589
46
65
706
690
783
131
240
622
423
110
637
47
180
385
648
314
69
586
434
262
246
623
630
458
689
49
654
431
624
34
764
108
414
496
483
164
185
565
658
278
495
302
626
666
575
332
720
661
119
456
581
479
417
277
587
292
766
184
218
36
693
101
482
517
625
199
525
71
93
591
211
254
73
453
186
176
609
510
520
524
509
341
70
660
439
161
537
135
263
662
396
389
655
145
210
11
435
330
160
360
168
166
52
405
641
38
521
663
304
205
226
189
60
198
207
175
14
645
659
162
337
508
143
775
590
388
315
457
364
492
518
57
85
128
579
208
121
522
691
100
580
404
610
504
608
552
293
220
17
476
139
225
481
368
594
74
627
466
40
130
129
781
197
722
551
209
266
767
90
553
183
611
747
725
50
607
636
751
148
182
15
54
664
358
752
303
3
429
113
190
23
133
628
181
188
656
779
239
206
333
187
253
149
548
475
335
511
597
523
331
9
18
275
387
132
616
95
401
134
136
484
438
39
140
400
28
112
67
359
612
598
111
635
584
309
729
665
756
539
596
159
633
316
94
780
604
62
106
732
430
617
397
37
399
265
195
462
91
99
728
137
80
29
605
247
77
403
489
644
491
549
96
124
699
639
127
191
13
420
6
126
97
267
402
408
606
89
72
603
634
640
632
532
0
125
142
7
631
167
577
599
150
193
158
550
98
61
485
380
727
748
317
386
196
465
249
88
151
268
595
83
152
236
436
538
600
398
219
123
35
670
238
223
324
576
122
578
163
463
512
237
19
719
694
757
566
251
377
157
352
155
540
369
342
153
464
571
235
109
723
154
513
490
296
437
156
570
375
567
572
695
542
541
276
343
234
569
349
344
373
107
543
376
371
544
568
370
248
346
372
345
321
348
320
347
