334
306
675
277
305
276
670
642
304
362
723
420
416
333
722
724
647
449
704
197
248
392
422
444
88
193
472
247
669
201
646
138
41
536
192
220
173
538
648
221
533
249
75
719
136
227
676
477
90
137
639
393
592
638
166
535
778
565
674
443
686
284
561
556
40
104
89
165
92
312
94
505
703
223
569
585
694
761
39
74
769
275
194
537
96
311
507
589
718
219
224
717
421
63
61
713
750
170
479
169
568
108
415
690
335
470
367
113
499
610
747
721
251
190
471
162
641
78
480
274
42
709
98
572
566
650
710
681
346
395
109
591
371
62
711
38
450
102
510
73
685
508
160
599
596
123
150
293
110
339
191
310
332
106
595
571
103
684
613
546
688
244
600
424
567
715
637
689
635
611
497
469
481
403
273
498
394
222
288
534
563
767
661
593
562
679
582
716
405
95
133
602
158
409
99
401
97
379
762
140
369
399
204
410
551
583
570
344
105
282
429
135
156
573
289
218
780
649
214
149
521
365
161
187
217
575
342
119
337
699
414
397
370
520
285
408
400
134
526
426
9
777
172
314
528
159
659
743
93
451
634
678
664
729
653
11
680
243
157
79
427
494
540
437
283
287
215
706
210
712
168
691
3
272
615
549
303
378
779
121
500
493
701
345
466
636
594
205
398
126
1
76
122
618
213
781
598
23
364
302
754
125
321
441
654
620
152
30
574
318
453
683
707
597
509
693
645
57
85
768
56
186
760
390
374
579
240
82
72
482
179
349
660
626
548
307
782
553
216
476
116
188
581
178
687
783
744
373
452
428
652
6
112
87
547
52
32
45
671
107
643
657
185
527
60
492
404
601
58
54
19
18
776
423
131
587
25
666
372
260
2
5
20
413
245
386
27
543
756
644
46
577
294
37
720
749
665
53
49
313
560
233
163
8
755
519
265
727
12
748
34
261
21
17
459
139
111
33
456
10
317
195
315
83
271
258
286
266
544
164
542
50
467
539
387
532
463
59
13
455
541
511
457
486
167
445
746
341
732
483
487
340
485
383
51
309
353
64
295
196
695
766
77
47
739
226
763
731
259
517
35
331
48
516
490
616
725
478
738
66
358
