726
550
233
758
709
194
302
130
617
671
25
662
783
470
344
82
627
676
659
204
346
367
377
497
163
211
656
645
467
140
382
713
429
124
582
52
701
208
272
30
210
552
473
350
464
126
119
131
495
238
343
777
469
221
685
581
143
414
545
468
267
598
499
696
634
547
432
441
664
628
466
155
246
509
565
195
479
348
601
541
203
352
607
33
323
653
654
415
316
249
243
618
426
100
122
109
154
663
123
779
162
629
239
704
127
684
244
498
3
611
573
101
681
596
378
580
128
218
150
311
159
160
451
296
650
636
566
537
95
600
335
354
510
719
274
649
574
324
769
546
533
608
557
571
278
508
599
575
567
465
540
591
61
393
201
570
158
157
556
648
325
135
568
443
309
137
69
173
631
592
42
409
99
686
760
43
482
353
169
410
381
364
273
156
637
220
70
351
68
113
595
753
133
161
646
337
138
190
437
639
638
635
569
333
98
312
219
209
472
65
602
641
51
93
102
536
603
13
91
191
110
421
275
590
538
77
64
585
284
87
103
394
610
613
572
669
251
362
108
444
647
76
12
416
62
107
505
223
39
90
97
674
106
703
36
305
94
248
35
136
79
96
34
247
450
192
477
63
50
92
45
304
392
723
724
40
420
197
105
449
193
49
75
722
71
224
277
48
761
74
422
276
73
41
78
104
72
37
47
88
67
675
670
38
642
306
46
334
