49
75
301
1008
760
577
544
763
649
773
79
871
804
127
378
339
484
193
920
828
712
955
353
286
929
158
853
823
545
954
903
8
668
90
882
53
447
708
105
706
512
383
636
141
213
643
452
352
297
613
769
325
138
738
888
294
837
923
948
867
517
263
604
906
515
792
990
881
884
446
1017
258
858
894
508
582
924
542
811
203
861
953
69
833
614
859
995
970
777
938
615
118
768
799
96
1011
878
705
700
389
443
89
1023
832
202
320
197
543
539
731
579
150
945
208
417
198
139
292
640
115
156
965
170
821
914
581
380
95
81
88
735
964
762
147
567
48
209
185
324
137
474
934
744
947
12
442
806
215
890
980
126
123
356
1016
910
973
70
857
709
730
46
418
866
868
40
805
483
943
453
836
296
892
796
62
266
548
385
549
388
634
824
576
32
791
808
230
64
84
232
357
56
321
205
795
268
120
671
65
969
874
865
573
125
767
195
119
681
800
66
936
218
897
71
1020
377
734
6
246
98
775
942
979
289
140
741
703
9
968
633
605
713
989
1001
37
612
165
135
827
319
67
411
134
176
39
346
237
752
807
967
779
347
107
974
814
236
293
22
889
937
243
764
129
580
572
311
157
715
516
422
160
161
554
33
173
302
650
863
190
221
420
607
448
758
63
80
18
24
187
102
315
776
23
602
999
16
682
261
997
178
860
603
441
540
231
574
249
608
476
1012
444
34
846
993
1015
905
425
306
556
1022
745
956
397
276
952
251
184
217
220
145
262
229
851
566
883
300
277
575
1021
57
509
17
749
38
112
747
13
241
507
191
849
189
172
228
219
58
778
718
343
748
714
695
996
314
409
1014
998
351
31
944
1004
759
248
1013
683
260
177
477
475
216
1000
661
333
502
295
913
850
283
247
716
274
750
693
727
445
725
250
242
751
746
1005
726
848
717
535
688
144
911
629
282
280
393
625
426
912
503
879
461
880
267
721
278
662
719
406
428
847
431
559
361
694
501
405
565
589
340
279
534
627
597
427
299
329
310
498
275
309
332
689
628
307
626
533
720
331
429
499
298
308
373
374
394
362
590
464
363
528
342
364
341
330
557
396
497
527
500
593
526
430
395
596
496
529
494
564
561
558
595
530
594
531
495
532
463
563
562
462
