114
559
586
558
142
531
145
335
71
621
363
557
250
199
477
144
505
670
143
228
96
117
588
86
255
256
450
171
278
197
225
277
222
530
649
616
146
462
70
115
69
775
678
362
253
305
122
97
698
620
118
72
125
421
617
43
254
200
579
490
594
227
590
170
613
765
120
422
585
281
194
529
364
769
138
646
622
361
574
767
434
94
587
532
408
760
618
259
507
576
603
515
93
42
98
707
389
246
648
747
131
436
702
582
99
708
123
407
724
514
602
95
650
260
157
447
631
766
169
75
126
216
550
381
548
82
76
609
739
127
758
578
645
577
226
547
575
393
596
764
671
779
573
696
568
726
231
589
601
525
333
489
449
607
29
625
109
435
623
306
487
162
124
403
761
474
627
251
592
28
372
349
619
693
624
518
52
100
65
730
762
266
682
580
701
675
552
121
757
68
782
753
12
16
523
324
159
3
712
404
495
380
676
215
147
563
8
653
229
545
546
476
129
178
783
154
458
755
155
597
243
26
321
21
30
141
541
172
604
524
234
10
27
651
237
656
279
390
673
25
92
113
772
20
519
560
4
413
119
185
728
80
24
777
174
526
55
522
749
535
497
700
697
280
719
743
56
84
736
307
641
735
770
771
310
