487
289
538
412
204
331
44
15
353
490
297
473
196
406
717
414
287
715
233
326
252
202
486
750
318
399
327
612
513
262
453
410
714
680
528
713
466
438
403
288
732
205
247
416
134
248
430
315
716
461
437
710
602
603
286
388
574
742
511
378
480
631
628
429
317
313
272
198
350
564
232
258
439
666
643
270
397
59
301
428
302
534
367
752
271
221
418
778
151
425
471
454
434
303
316
423
512
668
395
340
298
417
106
314
493
148
135
515
369
299
339
355
501
398
462
514
285
136
386
383
341
510
375
328
360
776
509
694
456
257
39
452
485
402
483
40
751
424
446
484
356
445
220
562
465
357
774
387
614
482
500
481
330
565
537
300
359
455
137
503
329
734
561
533
419
358
165
368
