489
405
182
650
432
640
468
384
172
377
626
452
673
120
122
524
704
211
756
155
83
56
526
365
636
406
69
161
649
26
87
16
214
705
224
496
327
385
236
237
602
187
476
186
255
61
0
190
243
517
233
245
154
481
174
593
354
331
274
119
644
565
555
664
627
271
541
631
729
270
302
184
415
725
736
1
241
407
437
540
456
429
655
231
85
141
471
514
552
244
430
235
758
58
19
755
431
209
8
358
596
189
633
188
131
513
264
175
111
512
423
289
536
542
346
411
299
645
681
163
638
613
597
328
497
482
238
239
10
479
52
242
782
599
234
427
464
176
355
206
515
727
4
488
127
262
352
560
261
748
653
218
309
205
630
227
413
492
246
160
628
28
666
609
595
207
403
129
380
2
535
82
608
240
24
103
600
615
699
196
616
436
285
364
72
414
410
153
177
329
258
130
229
6
181
701
32
438
573
658
101
324
180
300
149
148
265
622
400
781
151
260
598
128
3
779
434
433
656
71
374
537
147
9
617
416
601
660
140
378
487
700
754
677
752
570
404
780
20
266
556
620
152
775
493
21
575
720
424
568
373
317
643
168
47
544
654
397
735
435
582
657
683
672
543
500
694
326
123
295
330
75
659
146
401
509
667
463
337
508
35
504
279
749
574
102
112
396
54
57
491
179
751
594
569
592
23
150
48
459
113
519
572
13
547
511
687
652
27
164
684
338
499
443
379
486
518
320
36
325
661
386
49
691
349
363
313
457
353
458
483
760
520
421
679
462
546
588
350
461
173
714
392
762
484
567
314
480
532
395
145
485
12
422
223
711
398
280
548
393
460
359
763
692
191
46
50
43
252
230
772
307
571
682
372
45
316
133
344
288
680
776
731
690
402
539
34
770
287
490
766
771
63
764
345
777
765
686
340
420
351
545
688
505
165
566
715
774
641
310
323
222
767
753
38
108
166
367
78
737
739
37
219
449
197
639
710
292
477
293
685
768
192
716
706
90
585
761
62
370
721
366
104
712
333
778
294
675
116
339
747
135
39
343
342
322
750
674
335
315
708
719
707
42
312
110
332
220
703
587
744
138
105
713
371
722
284
368
321
251
670
718
369
341
723
194
41
738
743
709
40
533
394
88
534
724
107
745
137
717
742
746
106
741
642
221
773
305
250
253
193
304
136
281
769
249
306
362
278
276
248
277
334
