491
395
492
436
460
459
427
560
461
429
363
493
437
428
435
396
528
364
397
593
561
592
434
529
662
661
692
468
624
404
365
655
398
403
630
405
272
394
466
469
467
659
660
406
559
402
691
527
626
331
372
693
332
271
366
426
458
631
374
438
362
303
490
399
625
373
724
723
342
598
333
816
371
240
847
304
992
599
594
494
526
754
848
658
273
524
523
367
300
302
704
384
306
960
270
846
343
654
663
817
623
180
705
753
536
850
737
375
266
246
390
845
309
756
849
310
679
234
311
815
993
422
486
728
416
685
843
215
761
247
518
1006
352
820
347
301
842
974
793
755
65
379
627
844
239
297
279
785
653
711
248
346
455
321
878
201
265
760
330
706
819
315
232
505
568
672
525
97
322
818
448
821
678
278
646
233
498
875
470
994
814
148
354
283
961
227
4
353
296
181
874
57
562
896
1005
578
487
656
707
357
614
214
977
473
389
519
647
75
29
611
743
786
202
15
284
910
869
147
481
411
809
149
258
784
840
841
939
513
798
710
245
938
3
538
581
810
613
740
48
58
959
908
870
876
386
235
610
744
945
1009
316
16
736
582
280
792
877
89
74
35
358
329
922
766
913
604
259
973
573
49
47
837
907
765
291
962
829
90
122
742
453
643
200
675
709
221
141
441
80
59
645
797
998
926
252
153
712
2
194
788
768
830
27
946
26
924
677
644
991
421
17
45
811
103
253
796
282
226
88
189
61
44
813
170
970
540
506
454
385
667
73
46
328
95
30
199
183
919
725
452
928
60
549
979
182
701
341
872
133
739
735
606
318
104
674
6
476
551
804
975
823
423
264
105
668
868
826
93
91
136
789
978
286
106
1003
799
508
163
920
169
5
320
157
603
950
925
958
639
113
359
895
192
771
162
927
510
98
738
629
356
859
839
867
85
350
134
142
299
450
168
132
1004
700
139
575
196
865
891
317
220
981
118
121
1018
572
483
955
28
94
729
92
167
702
222
544
680
767
285
474
987
62
31
68
574
772
152
731
854
166
256
894
539
79
84
126
576
982
889
1022
37
137
1019
138
949
942
159
324
918
81
479
36
217
953
775
580
1001
957
861
858
281
251
190
185
903
951
934
892
131
135
605
834
504
976
898
195
990
708
1010
125
734
63
112
732
127
888
676
637
488
635
851
67
807
932
866
857
55
764
116
0
997
902
1015
154
261
143
730
929
66
514
25
862
699
638
863
543
733
158
100
937
893
140
254
348
967
115
906
447
577
326
917
231
444
124
14
191
12
325
86
305
1023
501
971
77
380
207
871
825
890
477
287
904
836
260
921
776
1013
612
873
930
391
443
164
230
478
886
941
290
860
900
669
542
52
1014
703
263
698
150
292
855
255
208
108
509
355
831
188
828
899
965
83
294
109
319
607
986
822
76
520
117
413
262
887
388
569
671
608
550
78
794
722
184
229
670
146
130
916
673
954
107
511
923
43
123
636
