174
758
149
696
165
1
559
86
477
765
572
622
571
591
47
222
621
736
210
516
623
169
545
58
224
150
25
121
528
277
588
698
331
625
513
77
715
624
409
540
118
635
515
269
517
367
592
747
129
634
579
620
505
563
381
128
390
66
332
597
276
339
120
746
119
201
330
399
760
560
51
612
360
209
353
512
509
503
714
217
78
717
598
282
12
436
651
382
627
549
159
244
499
573
228
649
300
361
297
230
136
400
243
99
511
329
428
646
712
303
302
187
246
256
250
653
245
188
96
654
463
97
216
43
689
358
670
68
710
575
500
411
354
650
655
258
599
451
753
275
410
485
274
408
501
633
757
215
652
218
236
172
229
301
685
176
94
272
684
429
574
720
273
553
234
546
223
602
430
555
718
235
471
383
441
325
605
518
142
237
601
547
609
95
440
498
640
355
484
656
474
437
89
432
497
662
427
486
469
295
639
456
431
324
266
434
648
312
687
611
357
628
686
468
483
439
151
233
525
433
412
134
208
160
532
683
186
227
109
692
492
487
238
519
251
489
309
388
636
464
247
604
490
18
203
232
271
164
385
586
157
190
413
185
161
681
268
445
384
603
220
214
682
340
356
472
162
34
326
13
231
488
644
764
719
421
419
401
184
80
457
475
583
727
163
397
49
323
666
406
327
336
313
507
415
446
257
372
526
60
106
616
630
196
632
83
405
133
200
407
90
45
8
88
213
111
15
103
7
294
631
112
205
0
204
226
241
695
69
677
420
617
9
443
756
6
132
699
29
267
724
35
590
398
663
444
177
704
716
11
423
198
167
270
140
734
723
694
192
479
207
298
65
729
62
582
32
206
183
417
253
766
143
239
248
458
425
242
219
92
240
105
299
422
212
191
365
74
107
46
744
52
138
296
285
643
341
284
641
389
404
311
137
197
610
721
17
20
645
364
91
113
27
14
363
337
254
115
193
57
249
48
54
182
748
377
743
554
767
50
10
316
728
265
110
211
352
771
322
703
779
725
672
179
225
85
637
775
21
476
504
403
2
23
81
638
780
28
751
731
735
752
762
380
763
587
168
195
42
71
378
278
376
72
170
3
370
155
153
351
281
335
152
349
37
534
139
36
733
402
75
333
350
67
166
40
373
379
178
221
156
293
154
180
317
369
39
181
261
344
321
38
348
375
366
374
264
290
345
319
194
262
346
291
292
318
347
263
289
320
