48
95
103
514
488
135
443
444
79
370
321
661
416
35
573
567
458
495
552
76
486
591
619
490
430
13
593
634
294
580
457
58
487
208
491
149
214
608
364
762
51
574
344
462
33
441
431
459
349
461
217
645
32
522
646
576
77
401
209
61
498
526
93
699
6
240
243
119
153
597
161
211
1
729
413
571
116
184
85
318
763
468
581
414
400
427
426
128
54
60
551
625
89
20
438
465
403
467
546
154
372
550
56
575
604
492
52
345
376
660
343
129
235
615
643
508
2
601
263
667
365
19
470
309
432
121
398
523
548
155
11
122
453
28
607
131
386
620
657
213
236
0
549
377
188
547
373
189
476
731
655
579
239
5
728
637
356
740
727
496
606
415
471
429
730
25
553
524
183
238
152
53
187
64
626
512
633
600
265
10
520
677
215
21
141
630
469
656
755
266
167
644
203
216
756
319
404
186
578
611
757
4
541
513
151
17
317
659
117
658
624
428
602
18
244
185
182
212
264
201
383
433
195
521
481
726
111
22
423
569
577
237
565
493
629
378
623
554
157
29
759
500
316
466
561
385
346
156
598
375
374
605
698
267
148
442
632
456
232
196
31
732
26
627
563
528
651
291
564
397
543
83
130
227
348
147
7
399
616
160
320
555
599
570
494
295
628
353
172
118
515
347
544
539
158
292
436
665
332
70
445
525
434
545
225
210
725
384
612
139
455
405
527
229
132
402
175
631
774
15
483
352
603
120
484
379
14
409
324
407
454
562
59
381
511
702
425
435
380
298
146
411
355
296
327
297
518
331
255
410
293
69
408
336
357
437
621
735
387
478
695
771
517
473
584
529
308
67
614
257
80
516
329
751
734
170
388
736
328
171
142
65
503
66
254
68
330
144
200
358
361
501
359
391
417
228
474
447
530
531
559
419
389
198
226
475
697
586
360
558
446
418
