199
300
766
158
271
602
779
542
337
609
275
770
416
430
356
411
552
689
549
688
711
637
311
145
220
403
209
441
298
279
40
443
173
603
593
541
682
150
513
663
307
750
412
692
470
652
581
534
573
270
607
772
576
600
704
611
634
440
749
242
60
564
374
521
187
626
383
781
44
184
366
314
754
658
469
439
33
319
780
9
625
212
524
218
661
367
140
414
551
149
427
39
294
347
382
185
1
457
375
188
168
262
680
234
604
683
560
777
520
181
729
721
266
206
492
354
687
748
211
486
438
424
2
662
121
394
624
494
238
496
400
525
182
370
241
186
183
629
699
476
157
207
6
154
318
654
429
693
373
401
179
522
348
321
384
32
727
519
213
208
396
178
25
458
351
167
85
554
56
755
696
215
473
565
657
571
16
135
404
487
471
664
732
453
286
628
673
152
236
245
310
431
428
272
55
153
84
702
666
0
180
482
29
445
280
630
11
467
243
261
235
352
515
667
155
579
141
493
644
381
660
177
116
290
239
459
402
597
623
759
627
684
134
317
668
655
466
423
346
340
53
22
326
468
714
395
320
344
24
489
230
720
599
345
632
316
543
114
633
233
176
615
205
256
725
643
539
214
665
550
756
700
203
18
577
775
686
323
545
292
435
252
26
432
523
651
231
267
240
398
656
369
253
606
4
385
410
111
380
399
291
83
353
283
189
570
598
464
281
409
529
517
478
201
442
156
512
172
139
694
415
685
740
264
339
227
258
196
452
481
659
584
527
237
456
7
605
285
376
263
778
31
518
737
14
776
731
146
303
677
773
454
465
324
735
325
302
295
483
229
386
210
268
455
484
640
232
269
544
151
309
132
495
511
175
293
15
500
425
437
631
504
332
397
301
578
612
569
774
174
81
59
255
148
561
533
752
296
562
506
695
390
614
202
771
705
297
338
448
357
170
171
531
80
331
736
502
336
387
282
144
254
474
391
308
733
751
368
257
200
228
388
417
447
559
734
361
501
329
389
226
530
359
503
358
198
475
697
419
330
586
558
446
360
418
