220
249
639
359
665
63
304
191
62
78
455
484
37
247
690
166
106
667
193
365
13
40
428
36
664
691
386
88
398
39
513
50
87
638
360
445
357
332
420
392
485
456
157
427
289
159
136
165
275
105
487
666
608
164
387
695
77
429
219
51
486
277
516
692
514
515
292
609
224
60
221
483
160
538
245
317
161
187
342
195
537
69
423
481
218
303
663
511
402
250
636
763
422
49
158
630
510
66
75
290
403
426
715
619
397
635
688
12
315
313
102
223
217
592
70
587
129
652
314
372
454
620
133
188
294
369
316
293
383
684
373
582
384
509
73
341
139
345
488
358
432
578
356
287
400
687
517
395
536
331
683
656
215
627
611
244
370
364
628
731
58
183
595
512
550
629
343
211
606
601
634
350
699
642
631
751
64
273
155
681
508
555
185
562
596
430
581
459
122
71
780
626
551
271
322
154
355
659
433
104
597
457
680
260
206
189
721
209
274
68
644
262
385
657
72
3
8
686
720
493
489
190
783
662
151
561
685
553
54
542
2
565
127
399
762
710
150
539
243
556
579
755
564
196
759
458
622
214
461
518
76
27
300
478
602
583
5
546
194
624
33
623
490
52
208
242
603
379
580
540
132
739
186
654
528
408
272
19
594
575
714
610
108
577
453
599
168
321
716
128
162
378
42
302
645
527
405
67
640
740
653
264
768
464
585
327
298
121
181
28
436
286
567
549
661
717
212
251
465
237
205
124
499
299
236
258
125
757
781
460
521
184
547
246
600
85
435
10
407
532
17
270
301
156
235
126
431
261
519
393
339
711
377
625
406
29
82
153
524
409
353
480
11
616
123
101
764
466
492
213
522
180
232
437
394
210
382
1
607
30
24
613
278
131
25
252
471
234
329
413
84
134
216
604
14
772
222
240
591
7
20
204
141
15
312
414
367
203
351
74
31
328
473
668
119
543
560
284
149
238
326
90
55
16
655
113
91
633
754
541
438
730
417
410
152
99
523
285
598
574
451
411
719
148
671
700
758
741
569
701
782
570
462
269
776
266
736
617
767
178
100
98
573
544
230
265
479
227
566
280
572
380
259
728
333
439
737
340
97
674
56
742
545
325
669
334
179
241
120
4
673
734
138
26
381
79
43
748
526
576
352
147
568
497
201
231
491
649
761
648
679
452
760
753
520
229
137
718
746
749
735
308
693
469
641
468
586
330
571
94
449
507
467
709
176
632
239
495
765
498
702
535
441
177
172
773
745
109
463
257
650
712
95
450
366
588
142
771
744
309
305
651
563
173
442
440
589
660
775
92
349
323
646
268
93
743
472
388
777
706
65
448
770
146
44
169
338
618
726
501
707
200
506
254
675
281
621
255
421
525
86
505
614
296
590
419
389
225
174
747
89
226
306
310
698
779
766
295
96
391
677
311
477
80
170
283
769
267
307
530
253
708
678
118
557
503
144
724
81
696
361
559
198
697
502
282
228
117
197
558
447
475
115
670
279
143
529
199
705
676
145
256
363
335
362
114
390
474
171
531
446
418
