334
248
276
136
306
305
304
277
362
106
193
534
221
703
394
137
107
670
761
88
722
773
422
533
105
724
369
281
473
220
192
41
284
139
62
38
247
104
116
674
370
321
219
135
37
40
420
347
675
769
191
717
173
110
90
449
339
318
368
194
713
108
39
312
133
392
333
774
337
320
376
375
310
278
753
402
346
443
331
750
341
12
103
686
396
335
348
230
721
718
113
102
709
292
342
421
477
395
760
779
688
367
280
287
535
338
710
505
197
685
332
538
510
776
252
319
164
682
715
251
741
42
275
253
690
101
227
311
716
442
585
165
131
293
680
707
719
322
112
9
781
711
290
23
424
57
229
54
691
140
303
130
587
661
279
231
258
3
681
532
684
168
480
754
536
672
506
383
743
20
147
679
639
700
654
782
712
314
746
659
174
4
701
176
482
129
24
17
218
134
676
138
27
660
658
772
203
435
21
683
204
285
128
409
728
382
16
263
313
188
714
294
692
633
82
481
185
160
560
758
74
537
673
504
202
595
10
246
377
704
109
55
657
30
235
509
652
705
669
146
25
213
26
653
617
208
687
630
169
671
706
43
747
689
162
745
155
655
72
720
236
189
127
8
180
264
117
452
307
240
340
187
145
613
656
354
556
410
100
217
708
126
183
89
744
381
212
259
214
405
250
678
363
262
589
765
99
588
767
186
255
662
286
594
344
479
738
775
668
211
448
507
237
283
749
254
184
256
209
764
450
423
566
361
766
451
693
752
640
86
390
742
739
115
748
502
733
737
143
282
389
199
114
770
81
530
696
171
590
558
