107
459
430
455
299
296
403
91
35
298
431
695
402
297
748
137
723
167
62
404
90
48
733
6
694
88
420
756
109
7
80
763
9
13
617
2
281
376
27
112
20
762
42
21
83
111
731
644
454
196
81
699
140
729
110
727
0
115
29
15
672
643
251
253
616
735
703
444
45
387
365
69
46
771
475
10
328
432
325
532
640
138
97
363
195
766
572
639
198
71
422
60
728
223
504
18
611
11
541
780
37
767
571
54
28
725
542
50
225
719
779
113
476
309
751
423
757
142
14
364
32
163
49
570
732
226
3
89
453
278
337
569
96
389
584
483
665
775
645
375
578
427
19
525
300
586
335
77
752
641
351
34
670
734
744
23
232
197
85
600
599
17
415
590
336
553
512
358
324
552
419
764
527
370
39
57
323
377
205
40
52
139
168
166
501
333
92
612
540
425
164
132
61
551
482
359
73
472
460
194
554
704
388
103
98
95
556
8
416
67
446
528
405
587
102
724
143
352
233
170
511
631
99
526
162
193
386
221
610
131
133
426
509
417
443
177
105
568
484
157
344
579
473
101
481
104
100
580
598
539
500
497
743
567
289
106
664
65
204
38
70
160
648
134
254
408
738
470
366
374
161
211
538
524
72
329
398
517
458
313
158
36
136
414
620
510
199
493
488
577
555
480
149
172
597
632
606
255
494
445
76
271
498
492
249
284
706
491
342
121
314
467
343
159
520
464
145
156
356
489
508
513
401
442
581
518
266
128
537
716
630
471
469
649
519
384
371
130
183
154
607
781
129
184
349
285
412
312
436
227
293
708
435
93
259
380
399
283
636
463
383
150
360
123
565
286
311
378
315
373
678
212
155
316
466
66
238
596
261
633
317
331
461
601
185
689
605
176
210
257
135
186
604
348
440
153
127
256
490
576
326
407
583
124
303
75
499
353
709
593
608
382
679
566
381
108
182
441
691
543
330
609
187
369
397
622
125
126
292
357
521
341
628
152
47
650
582
433
595
721
406
258
68
462
120
178
345
439
354
413
680
265
385
237
627
516
545
290
465
355
239
479
647
229
379
603
635
191
188
629
591
74
626
409
434
720
301
372
213
737
662
262
294
594
496
173
438
94
681
621
230
291
692
495
546
623
151
347
711
652
148
536
231
350
400
637
564
119
468
710
592
634
368
64
209
236
287
144
267
573
318
437
260
302
624
411
602
550
487
718
214
625
682
619
272
203
410
424
563
712
201
693
206
171
327
190
478
717
263
741
295
666
189
547
714
690
264
202
228
240
638
208
663
548
207
270
651
705
396
235
310
544
683
713
79
515
421
269
241
5
529
215
319
549
530
452
122
181
346
340
200
26
523
392
322
275
684
332
783
559
