474
362
114
446
197
171
418
705
390
670
590
477
676
283
558
115
505
143
708
531
618
706
363
646
311
744
449
745
222
335
707
221
742
696
249
589
361
81
145
305
447
738
557
169
144
559
199
502
282
741
506
89
421
450
80
307
137
170
255
117
391
766
475
737
473
770
702
44
693
767
748
254
733
389
109
279
142
448
86
333
779
749
668
726
735
323
181
210
184
771
310
388
736
216
698
209
396
243
354
299
253
704
242
198
586
212
451
588
267
617
226
322
325
268
328
274
269
113
183
772
241
740
237
478
172
296
16
246
523
338
734
425
452
752
208
234
530
236
14
326
270
297
352
503
673
295
695
697
238
728
182
272
213
298
384
239
261
235
327
616
302
300
56
55
26
777
324
700
758
82
671
522
4
730
22
24
775
266
757
782
419
625
520
491
31
25
480
233
301
211
141
207
385
84
479
29
280
498
759
15
206
271
225
227
30
7
330
262
519
355
417
17
83
614
18
489
329
490
659
331
545
488
518
454
308
358
360
