293
575
582
461
119
669
432
452
584
106
408
360
585
470
758
364
123
102
762
280
380
245
576
359
179
613
618
454
595
735
192
42
325
321
434
393
207
352
252
433
726
443
622
716
77
50
777
379
126
378
646
110
101
405
105
367
687
657
230
127
305
406
779
764
583
686
685
377
765
594
64
177
743
767
387
370
766
146
698
719
120
532
696
43
710
221
88
284
95
415
674
98
590
528
737
122
351
86
713
617
718
147
78
587
739
770
641
128
97
307
99
555
311
169
616
398
73
113
450
108
340
760
75
480
294
753
109
451
37
166
747
76
333
709
225
142
744
421
100
350
281
223
557
712
556
425
769
507
136
94
741
323
761
363
195
738
137
93
249
706
91
586
117
312
322
717
775
742
588
92
89
707
115
397
449
143
67
145
96
193
70
222
74
746
708
104
361
390
69
642
194
479
335
72
277
505
114
745
251
724
253
477
138
90
71
306
197
250
670
278
362
334
