446
697
734
418
561
732
740
399
336
59
565
704
703
501
135
612
419
562
677
308
374
341
167
456
429
416
423
428
643
396
282
445
733
427
615
226
331
338
478
694
725
444
614
309
394
313
157
731
593
465
455
637
368
647
447
466
198
564
520
310
347
475
172
400
494
629
721
774
332
638
424
283
39
611
386
640
420
666
365
46
417
473
139
220
695
665
651
412
15
430
14
401
257
493
468
756
60
189
190
705
457
237
116
486
627
625
440
134
63
485
474
720
148
329
628
533
632
270
504
158
568
346
345
47
271
132
224
395
330
11
375
41
154
441
22
619
7
414
240
729
634
234
212
35
348
373
484
699
366
288
150
357
624
510
644
315
156
773
483
525
759
303
151
291
0
79
247
273
18
496
540
87
260
545
491
182
83
218
492
609
658
467
31
196
232
463
61
272
702
372
173
297
159
40
163
29
750
503
626
298
500
287
402
239
149
355
180
80
751
385
111
635
681
236
630
409
437
246
654
318
383
55
266
476
780
610
690
499
650
164
254
661
191
85
537
208
45
300
549
459
202
343
243
518
175
570
563
320
519
274
664
458
201
133
711
439
498
285
314
514
84
526
597
129
1
33
472
438
56
32
755
227
497
689
506
9
13
216
356
327
155
522
667
53
778
579
581
469
776
655
241
411
435
185
403
153
652
160
648
596
140
337
392
165
58
205
645
727
263
103
553
371
203
490
301
554
200
261
276
219
471
521
206
316
544
4
168
5
509
636
292
541
242
552
302
598
25
524
781
631
602
264
487
16
569
442
24
512
188
328
464
304
543
258
152
2
547
578
482
186
601
567
26
391
6
44
757
673
210
28
235
623
121
671
606
413
660
187
768
538
404
30
589
684
19
659
460
112
52
265
605
141
410
48
523
238
448
34
57
349
539
376
217
244
269
299
662
599
324
51
548
542
515
676
754
730
600
358
679
551
508
184
675
782
209
290
649
317
531
608
691
604
326
633
183
678
603
481
607
573
62
268
513
680
668
672
663
536
369
54
566
571
560
23
319
214
714
286
162
231
749
161
233
342
213
82
131
529
783
125
580
511
262
682
577
748
181
639
723
728
550
453
495
353
178
354
534
20
10
17
27
692
431
656
700
339
422
279
462
211
527
516
21
259
426
130
653
384
574
248
752
255
344
8
763
592
215
388
228
176
38
535
688
591
3
771
572
49
381
382
36
620
546
701
772
289
693
683
275
407
107
722
715
174
12
436
736
204
489
124
267
488
517
81
530
256
118
199
170
296
144
502
295
621
229
559
171
68
65
389
66
558
