441
992
732
677
760
324
976
130
998
657
645
275
266
699
633
541
532
325
576
263
137
811
121
852
961
823
583
527
520
209
328
62
56
970
223
551
1000
812
519
237
205
271
240
206
393
26
873
509
843
486
778
123
821
647
912
297
730
676
91
877
762
698
276
930
679
931
792
391
44
890
1020
751
752
423
815
505
854
668
268
241
144
36
439
411
537
32
853
539
569
944
408
317
243
695
791
975
571
339
608
199
208
692
336
915
518
176
277
203
265
824
278
280
790
453
485
296
70
107
207
876
712
538
470
159
947
145
908
211
685
696
294
603
578
734
184
442
921
487
419
673
443
239
550
244
430
711
822
238
360
728
229
839
264
202
479
667
634
409
793
965
980
245
488
474
318
143
602
666
761
884
79
681
738
804
305
991
246
410
607
446
191
502
506
552
885
376
729
377
632
447
129
600
743
55
855
720
680
570
933
534
893
697
198
707
994
827
116
459
60
665
642
630
757
725
858
1002
958
664
320
392
616
456
993
484
635
967
601
690
287
417
584
867
719
412
337
471
140
460
909
503
544
941
250
831
688
772
338
785
689
718
132
691
629
984
128
628
115
371
953
701
344
916
766
136
178
787
856
1007
424
495
648
836
653
319
535
765
886
147
861
425
566
663
101
574
887
359
138
939
567
175
592
3
923
753
996
968
163
652
71
312
133
769
42
724
917
84
257
605
212
987
756
794
1008
151
595
108
450
1017
611
254
33
900
285
904
954
494
289
231
45
1019
636
41
463
786
863
378
950
345
521
826
9
937
631
369
351
293
50
154
114
638
545
169
543
565
981
553
830
739
577
621
598
637
982
932
649
288
78
906
461
166
72
686
721
687
162
188
481
927
370
599
936
656
120
135
219
559
14
609
187
526
109
226
142
963
872
654
512
4
39
173
249
835
579
833
546
803
590
624
675
773
622
83
857
478
733
225
387
458
774
295
156
326
8
281
174
214
489
825
514
723
195
218
955
988
451
564
383
754
547
255
85
323
806
462
959
155
837
327
990
966
77
957
256
513
480
82
457
161
655
180
25
493
755
111
160
597
651
380
558
186
413
40
650
722
483
995
983
172
972
449
905
585
871
167
596
286
490
617
181
192
669
0
179
43
522
213
12
515
110
838
193
986
19
7
492
770
168
589
670
989
1018
805
956
491
117
948
949
591
771
313
23
482
53
24
20
985
940
13
382
415
964
21
623
414
620
52
971
381
349
348
618
554
10
51
11
523
224
586
22
525
619
557
588
524
555
587
556
