-0.06494188
-0.16734838
0.050305843
0.13372421
-0.17409515
0.05765629
-0.017829418
-0.08889532
0.112154484
0.14777613
0.07680988
0.039928913
0.05571747
0.44085884
-0.14944315
0.04014063
-0.20450306
0.112243176
0.10997629
0.15629768
-0.01768589
0.15993261
-0.014237881
0.17071104
0.005918503
-0.03696966
-0.05714655
0.059182644
0.013702393
0.02953577
-0.015522003
-0.13404942
0.030076504
-0.008962631
0.4357705
0.6459589
0.3043127
0.27349997
0.59403944
0.15074873
0.10496616
0.3727317
-0.25044346
-0.95824146
-1.4417591
-0.26550722
0.46810007
0.5698862
0.60640764
0.2074585
0.32546425
0.08264208
0.003947258
0.09444904
-0.047297
-0.052759647
-0.287117
0.029408455
0.06713295
0.28511333
0.24871778
0.20452881
0.77574587
0.61509323
-0.2815423
-0.092977524
0.7523694
0.28543806
0.5487542
0.39141798
0.18102884
-0.2910037
-0.60409164
0.017135143
-0.6856079
-0.23184395
-0.35826683
0.5755038
0.38507605
-0.43898773
-0.6466675
-0.59565735
-0.09972954
0.22231722
-0.07435274
-0.065654755
-0.5177088
0.15559578
0.19335985
-1.2297325
-0.8489933
-0.9957323
-1.2065687
-0.72663116
-0.90946245
-1.0574603
-1.7244864
-0.61537933
-0.36900187
-0.2408104
-0.16416693
0.19703388
0.22526884
0.92074394
0.085654736
0.7259102
0.6837225
1.2220507
-0.35571623
-0.39874554
0.4688754
0.17611408
0.14606333
-0.30558777
-1.2594547
-1.2233124
-0.017848492
-0.9480629
-0.8964615
-0.45386505
-0.50986385
-0.3894701
-0.38603544
-0.83157825
-0.4819317
-0.2953701
0.1201725
0.42584658
-0.09107399
0.1905241
-0.59128094
-0.038972378
0.3321228
0.507988
0.08636093
1.2974472
0.5746403
-0.68817043
-0.58867455
0.29953718
0.0014896393
-0.12313557
-0.46991825
-1.2033081
-0.9276447
-0.7631836
-0.16406345
-0.2343893
-0.26450777
-0.27560043
-0.40367126
-0.38042068
0.183352
0.3750248
0.121509075
0.07382488
0.12162447
0.26790142
-0.012833595
0.14163542
0.09150791
0.5040822
-0.1585598
0.15253687
0.3851967
-0.420146
0.5890627
0.572793
0.0038161278
-1.0649338
-0.5991373
-1.4466944
-0.35652494
-0.22131634
-0.4479971
0.21525145
-0.3571596
-0.45757866
-0.15124989
0.31885433
0.20742989
0.49431944
0.29625273
0.16821337
0.16259146
-0.018835068
-0.29720402
0.20114803
-0.0030183792
-0.0016655922
-0.013909817
0.5677557
0.10533857
-0.42270565
0.24218655
0.2831974
0.24522972
-1.5773478
-0.070950985
-0.6090994
-0.20093107
-0.31333256
-0.20688915
0.061911106
-0.057785034
-0.12158871
-0.13990593
0.066072464
-0.07259798
-0.22574425
-0.06204605
-0.03162384
0.10112381
-0.11035633
-0.0048003197
0.19039965
-0.1846571
0.061865807
0.32790852
0.36672544
0.19999456
-0.87555695
-0.07971239
-0.29600048
0.09207964
-0.07764721
0.1029706
-0.11714983
-0.63534355
-0.10660076
-0.26616526
-0.14488888
-0.06556034
-0.15153503
-0.023377895
-0.004292488
-0.06612635
-0.19263887
-0.022975445
0.39510393
0.03724146
-0.3014822
-0.00848484
-0.19562101
-0.010351658
0.36746264
-0.07583904
0.40552282
0.09249258
-0.18378735
0.092238426
-0.9545889
0.38884878
0.13097763
-0.23920679
-0.9183316
-1.0448713
-0.066699505
0.10696316
-0.08706093
0.02856636
0.03933239
0.19230127
0.5809393
0.2611332
0.13397074
-0.068636894
0.69831896
-0.36738682
-0.11848974
-0.08329916
0.12026739
-0.05408621
0.22108507
-0.08241749
0.13445902
0.50285006
0.24286222
-0.29618597
-0.6571741
0.14349937
0.47712517
-0.839262
-1.5907068
-0.36376333
0.4059062
0.1792841
0.5712929
0.5979271
0.82859755
0.4969468
0.50913906
0.43264008
-0.24750233
-0.06245184
0.24718094
-0.1730361
0.042444706
-0.020665169
0.06238365
-0.107242584
-0.003733158
-0.005030155
-0.08756733
0.22164297
-1.0497522
-1.4060545
-0.4667511
0.440619
0.17437649
-0.4356928
-0.9941969
0.041615963
1.1306105
0.3859496
0.39095306
0.3965702
0.73790216
0.37300158
-0.08196974
-0.31549025
-0.3803649
0.21788502
0.02640152
0.23282862
0.037722588
-0.034618378
0.031654358
-0.05667734
0.08305359
0.010784149
0.051158905
0.09362221
-0.9360819
0.88098764
-1.3405809
0.31790352
0.07672548
0.079251766
-0.1228981
0.19186735
0.701293
0.38634634
0.026465416
0.038838863
-0.15618277
-0.33939123
-0.13134623
-0.23651505
0.0048031807
0.38180304
0.17183828
0.12677193
0.11702728
-0.1079402
0.2631073
-0.0032076836
0.6310353
0.6558051
0.9649563
0.7753825
-0.68148804
-1.6188717
-1.0162954
0.13346958
0.60530233
0.1952281
-0.10433531
0.38386822
0.1888504
-0.02820158
-0.012793541
0.05522394
-0.069372654
-0.13330793
0.18344736
0.0021557808
0.28017807
0.039262295
0.3061905
-0.03874874
-0.0003838539
0.0868783
0.3371358
0.25411034
0.074531555
0.5765295
0.57960606
-0.5794554
-0.076927185
-0.97326946
-0.23228598
0.583405
-0.018157005
0.74541616
0.5174608
-0.09812307
0.17462206
0.11909294
-0.2249484
-0.26455927
0.015624523
0.14446735
0.44263935
0.0027241707
-0.017472267
-0.15330505
0.07387686
0.22451735
0.08780146
-0.0037455559
0.23973751
0.07739401
-0.09107065
-0.026227951
-0.39828253
-0.18372345
0.6181278
-0.918622
0.35300255
0.66427517
-0.7677088
0.30972767
0.44132376
-0.023097992
-0.41200352
0.20697784
0.4922061
0.3800788
0.16078615
0.19272518
0.11195183
-0.012831688
-0.0020036697
0.009065628
0.013830185
0.06505728
0.2949214
-0.04454851
-0.13085365
-0.27629519
-0.31710386
-0.026619911
-0.59123135
-0.60117054
0.19380188
-1.3564124
-0.64130354
-0.19101954
-1.0751448
-0.7835226
-0.19848537
-0.039014816
0.25789928
0.77769804
1.1055403
0.9589801
0.30482054
0.108829975
-0.07658577
0.21097517
0.0014753342
0.1375618
0.48019743
0.5013337
0.012009144
0.006365776
-0.28898668
0.0047693253
-0.06829643
-0.010494709
0.3361497
-0.6960497
-1.130024
-1.7684689
-0.4710617
0.08533287
-1.2119551
0.21589327
0.21851015
0.2558651
0.64405584
0.739131
0.97071075
1.3811316
1.2711201
0.51198196
-0.99754333
-0.00274086
0.67625046
0.72878075
0.3752284
0.27803898
0.043715954
0.14441633
-0.23209
0.10033655
0.099435806
0.17794323
0.042027473
0.17612123
-0.11769676
-0.4797907
-0.49125385
0.09611082
-1.0913525
-0.09011364
-0.2247982
0.28273773
0.29884052
0.29275322
0.62860346
0.86225605
1.3489065
-0.76834106
-1.2283258
1.1516623
1.1912513
0.61564875
0.24581528
0.09640074
0.062298775
0.0009174347
0.13821697
-0.050631523
0.35204554
-0.08177233
0.029016018
-0.22397804
-1.0348234
0.22339392
-0.95345974
0.093934536
0.2588706
0.4621687
-0.50747395
0.076839924
0.28118992
0.09610653
0.1533637
0.14333677
-0.012290478
-0.30754948
0.12941217
0.4849434
0.24440002
0.2548585
0.08336067
-0.093605995
0.007853508
-0.089416504
-0.104346275
-0.011325836
-0.030499458
-0.21206045
0.04305315
-0.5579052
-0.9884777
-0.3142147
-0.41241455
0.033739567
-0.29648495
0.17815351
-0.74277306
-0.35330725
-0.12657452
-0.5727148
-0.4744854
-0.484869
0.45272636
0.16604853
-0.2870674
-0.118638515
-0.06376648
0.017740726
-0.06220913
-0.077198505
-0.04947424
-0.027083874
0.071089745
-0.34134626
-0.15585327
-0.38070917
-0.5420084
0.18359423
-0.053643227
0.72081137
0.27719164
-0.18487501
-0.9656162
-1.7408915
-0.91071415
-0.38119507
0.22168207
-0.34476805
-0.22124529
0.00036287308
0.18695307
-0.031454086
0.00025749207
0.11792326
0.007496357
0.033785343
0.006058693
-0.043154716
0.1903801
0.0011610985
-0.32673836
0.11557484
0.09977102
-0.44850636
-0.32951927
0.38101435
0.039474964
-0.66053104
0.18732643
0.08044815
-0.15659952
-1.3037806
-0.67723656
-0.13763475
-0.17486191
-0.057664394
-0.08552408
0.106749535
0.13302088
0.004467964
0.23719645
-0.04044485
0.018052578
0.045258045
-0.088674545
0.010369301
-0.12066269
0.15509272
0.06771183
-0.0840497
0.5032835
0.14718056
-0.15812683
0.44976425
-0.22288942
-0.74753284
0.3084712
0.07316303
-0.09328222
-1.2602701
-1.2999372
-0.94651127
-0.44381905
-0.61005974
-0.33544016
0.33337402
0.45982695
0.23379564
-0.09180069
-0.048178673
-0.1287818
-0.12032461
-0.31963348
0.0030531883
-0.015984535
-0.1652937
0.0058898926
0.32580853
0.6778598
0.3584118
-0.24911976
-0.7289572
-0.6686716
-1.8498387
-0.13687944
0.010447979
-0.15542889
-0.32286835
-1.2914829
-1.3793182
-0.5567913
-0.7342901
-0.44710255
-0.098062515
-0.1948824
-0.34112597
-0.07382059
-0.3047471
-0.3948269
-0.25568724
0.100263596
-0.08372307
-0.5035372
0.3410988
0.42639875
0.342144
-0.35631466
0.22671413
-0.13548088
-1.4326334
0.08376646
-0.38682127
0.16959381
-0.17761707
-0.15918064
-0.64936686
1.408431
-0.57692623
-1.289732
-0.77709484
-0.87137413
-1.1498747
-0.68386555
-0.48000622
-0.27430487
-0.6706238
-0.33029604
-0.2708869
0.025250912
-0.23058224
-0.39304447
-0.49983883
-0.6180515
-0.24759531
0.20011139
0.2823224
-0.036445618
-1.2859039
0.8535142
-0.42918015
0.12300205
-0.15949678
0.012114525
-0.13321972
-0.35548782
0.53208447
-0.46666908
0.15243435
-0.12597322
0.1108408
-0.15080309
-0.34263945
-0.23497438
-0.44046402
-0.69366264
-0.42418385
-0.84931564
-0.89520264
-0.74687004
-0.6758776
-0.70780563
-0.5097437
-0.39431763
0.37822437
0.7208266
-0.43060875
-0.43016338
-0.10755253
0.20650148
0.22693014
-0.01203537
-0.09910679
0.09148216
-0.07390499
0.023280144
0.48305178
0.4982438
0.043240547
-0.23856068
-0.62984324
-0.63834715
-0.41446114
-0.39306688
-0.4935398
-0.41064453
0.07375002
0.15924454
1.1179132
0.33572912
0.23504639
-0.10284376
-0.25974035
-0.3722086
0.11932802
0.0677824
-0.19391584
0.03300762
