670
474
590
96
362
283
197
171
44
696
306
676
446
335
618
647
675
705
724
646
114
89
515
115
477
92
143
708
473
505
449
169
95
305
256
529
363
487
91
311
557
390
589
43
251
531
117
648
333
144
418
255
591
94
118
744
221
707
743
90
282
123
450
706
514
421
145
642
745
563
678
668
93
747
472
741
137
74
709
361
619
746
712
669
614
279
702
80
447
767
228
766
719
97
650
199
72
444
170
81
130
443
138
388
704
566
556
677
583
86
120
748
535
689
718
770
503
568
124
710
502
567
475
142
307
733
177
119
610
174
679
649
740
79
310
752
753
726
742
193
165
768
559
425
771
150
109
415
685
749
769
717
121
698
122
592
582
151
321
779
98
268
284
76
176
172
693
108
731
564
594
738
580
682
346
651
713
611
607
674
659
441
320
558
201
542
113
684
241
186
561
278
223
125
467
56
571
64
440
149
711
714
230
45
400
148
778
686
667
720
293
254
348
147
391
495
716
399
528
641
173
554
202
16
200
451
243
681
782
448
416
700
4
296
1
662
728
639
345
581
673
14
206
671
695
31
374
730
347
439
565
141
339
658
269
501
227
213
354
754
300
229
367
396
680
413
506
550
7
303
688
270
274
319
389
84
683
198
373
257
236
85
0
26
328
272
55
54
438
452
25
326
553
370
442
414
234
298
185
116
6
22
33
242
302
410
301
356
189
466
672
330
465
527
327
15
297
331
203
299
644
385
412
338
329
697
409
759
332
53
504
226
258
271
734
539
430
175
478
355
437
336
419
308
387
417
357
358
751
360
359
