172
506
144
397
358
396
360
116
330
677
774
562
370
254
200
359
368
173
369
423
329
478
417
442
226
336
387
697
705
266
388
210
135
299
338
293
238
366
518
328
240
249
239
443
535
446
164
201
633
422
376
703
132
198
308
175
379
343
385
398
386
212
516
194
202
184
183
220
351
734
772
534
394
731
163
327
372
357
371
559
773
411
344
349
511
182
419
211
227
414
517
725
174
425
323
156
549
605
407
404
310
561
424
257
415
399
403
228
267
305
412
237
317
146
418
604
395
661
448
660
191
384
416
496
662
229
615
222
530
634
393
24
365
732
632
148
355
469
107
300
778
643
533
265
548
268
482
468
688
103
136
470
751
563
439
345
264
704
501
245
203
467
383
486
255
665
525
476
241
771
273
61
512
83
155
111
454
196
15
131
733
389
205
348
553
22
301
337
461
283
543
440
500
515
29
272
230
776
7
576
233
133
781
219
510
316
26
637
112
271
757
18
728
481
426
361
291
147
221
282
777
141
331
31
4
59
341
302
342
52
487
689
546
673
17
295
32
509
231
756
471
606
62
586
499
134
729
433
644
167
28
519
11
170
356
521
318
84
119
488
489
55
248
281
339
483
458
531
460
779
19
577
199
497
755
485
9
57
106
313
176
558
16
285
700
457
270
445
321
213
578
447
292
382
354
0
20
589
326
298
410
432
513
522
21
680
232
651
280
54
140
635
322
405
547
484
53
672
23
524
377
149
218
56
682
681
259
782
406
617
420
783
1
620
25
537
413
60
645
527
5
13
102
441
33
678
82
507
473
600
117
159
101
350
676
129
192
545
648
260
190
162
541
758
161
474
3
130
120
311
246
599
204
110
664
539
636
628
105
701
629
574
274
671
392
571
498
30
35
564
150
495
34
244
601
364
540
579
125
538
552
223
523
113
12
596
247
58
598
627
160
70
137
554
570
508
647
526
333
760
195
63
165
66
224
619
68
128
48
761
723
38
284
536
726
444
51
674
108
753
277
69
572
698
46
166
87
47
36
100
592
421
49
75
646
569
73
451
50
65
618
77
193
591
169
505
477
