133
699
134
748
111
112
39
241
420
132
54
167
275
756
0
458
780
7
122
309
150
601
728
62
635
159
429
61
190
617
74
732
298
397
574
233
353
75
727
196
640
513
80
604
639
83
430
221
517
538
67
195
13
514
151
89
630
595
549
88
644
532
401
142
606
37
404
106
540
719
249
152
158
19
634
566
405
577
400
575
235
72
603
153
542
324
247
35
550
670
602
757
399
191
541
251
242
629
155
325
163
223
352
576
402
403
193
154
490
270
723
109
694
578
219
297
695
234
269
369
157
319
567
276
156
569
342
107
568
377
321
349
343
375
344
374
248
372
371
373
376
370
320
345
346
348
347
