618
465
346
491
267
345
720
289
460
287
379
316
83
342
685
347
123
183
185
85
214
111
625
621
564
471
689
697
348
294
351
499
507
756
284
356
242
492
617
668
152
141
408
658
598
28
406
472
297
449
431
402
212
401
463
579
18
95
150
627
147
349
552
358
124
290
291
719
321
568
313
373
120
757
43
384
529
54
461
557
653
375
458
632
727
464
292
681
683
478
398
89
188
59
119
493
657
594
459
318
127
623
702
322
333
324
553
241
521
606
537
2
570
566
121
550
319
622
783
612
616
23
8
164
597
429
240
320
380
652
352
100
377
162
165
404
33
285
269
268
462
98
684
569
509
688
554
432
669
405
163
434
660
646
142
450
428
620
527
323
694
213
58
567
692
433
403
158
635
578
607
592
510
220
160
580
296
647
376
357
303
96
159
256
581
528
94
595
451
582
609
584
718
122
249
555
636
39
732
92
250
40
590
392
619
304
93
365
97
295
583
556
664
666
161
695
251
608
45
591
723
110
638
610
445
193
13
359
332
41
49
642
60
665
74
87
88
473
139
637
167
62
34
76
667
79
90
77
65
51
223
360
75
224
73
36
72
107
611
70
639
195
50
63
71
91
69
78
166
35
64
37
38
68
48
66
47
46
67
