773
338
366
281
530
253
394
677
310
336
734
769
308
705
504
771
368
703
774
770
533
506
198
502
116
736
772
751
766
737
534
733
279
282
199
448
135
750
776
735
226
254
145
370
418
396
307
778
363
725
172
586
358
738
549
132
419
351
330
752
146
173
442
605
417
562
602
397
252
280
721
446
456
144
740
684
686
631
227
435
194
353
369
371
200
777
255
559
768
775
657
408
676
704
558
380
352
395
685
678
743
243
407
765
305
134
525
148
423
374
372
309
489
643
379
687
629
659
344
518
490
707
575
708
604
164
196
455
632
731
133
779
175
745
329
343
337
468
424
385
42
615
548
222
762
202
711
24
245
26
81
679
660
174
430
342
749
359
500
630
496
463
393
335
83
713
414
55
189
15
515
4
577
210
603
241
341
339
561
709
680
114
746
237
486
706
535
427
111
286
767
216
268
658
781
651
756
323
131
398
443
469
547
314
219
29
718
228
744
415
399
431
136
185
7
587
325
739
601
729
576
381
656
9
347
520
288
187
517
345
373
470
524
11
276
400
22
475
550
551
112
715
234
390
31
84
700
593
644
27
560
755
532
759
356
673
672
512
495
386
476
712
514
747
259
454
16
754
260
28
462
244
483
273
0
53
217
401
176
180
497
588
485
357
375
436
283
215
32
182
697
229
230
21
522
494
301
298
149
20
208
140
378
478
206
207
626
203
546
389
212
346
302
574
484
300
17
240
459
422
205
741
171
246
313
239
209
179
516
732
19
170
340
272
214
248
579
748
720
457
640
763
163
57
628
616
501
722
103
59
413
82
441
186
624
211
141
322
780
52
236
467
425
782
426
290
645
760
730
177
617
294
403
10
458
18
6
429
757
168
261
402
699
503
491
256
758
480
492
727
14
531
2
440
420
633
519
428
129
233
86
434
764
447
439
201
621
264
56
714
321
188
361
311
728
1
360
85
682
190
25
23
292
671
3
263
452
511
348
271
54
152
238
701
521
297
382
183
487
625
513
523
30
461
262
488
367
661
5
235
101
231
544
249
266
277
204
178
324
600
184
289
406
384
612
354
220
543
545
585
218
191
453
761
388
327
147
291
287
526
293
8
154
155
213
267
598
258
270
242
493
181
783
331
405
315
460
274
649
620
681
683
364
599
609
106
383
542
482
716
285
438
269
596
265
349
688
694
355
498
107
153
304
125
693
541
365
654
573
622
284
130
225
710
232
606
151
553
692
552
350
691
319
665
499
33
623
387
117
655
80
432
247
404
326
481
539
316
416
507
742
578
465
627
433
162
137
540
257
635
13
120
717
409
376
296
61
157
299
597
594
466
159
650
571
167
674
563
412
392
589
320
634
695
474
12
753
150
58
332
62
317
221
652
698
119
377
421
410
161
391
572
328
690
613
565
689
312
160
110
464
105
275
570
510
118
362
537
113
128
278
584
124
641
719
142
121
653
109
192
158
637
509
608
126
554
564
723
662
102
250
636
663
156
471
527
437
648
536
318
508
303
295
726
538
411
34
127
664
333
568
115
39
607
505
444
100
638
143
123
60
666
702
581
139
63
555
592
582
35
477
99
668
595
169
569
675
41
122
165
445
49
479
108
69
36
40
614
580
70
98
138
43
566
