732
734
135
703
164
725
697
163
774
665
249
731
637
478
562
220
116
194
479
429
229
417
733
677
740
301
167
336
480
456
132
643
191
107
300
705
561
222
445
451
465
466
615
494
583
401
365
422
172
704
338
556
506
484
257
498
526
324
486
485
555
452
721
22
103
772
694
756
638
234
520
15
165
393
110
308
609
192
692
133
751
298
690
83
483
768
493
420
534
340
636
635
501
328
299
221
14
695
455
196
413
383
201
446
42
576
272
511
106
416
111
271
619
664
24
428
59
273
457
508
458
419
491
647
473
720
243
19
521
175
112
244
681
134
738
9
329
265
691
61
492
577
464
639
219
593
527
564
29
187
757
519
226
699
160
387
563
723
679
781
310
261
582
783
161
437
433
481
23
18
546
159
215
579
248
218
162
729
0
776
565
28
673
434
759
553
706
62
392
286
610
136
312
476
554
319
500
439
285
755
507
680
517
488
373
441
144
737
711
11
7
270
55
189
411
359
84
139
367
522
102
550
524
148
260
297
461
496
438
682
349
157
276
430
410
31
290
57
736
578
443
356
330
406
453
327
612
351
53
20
21
326
173
516
284
611
405
742
548
315
644
499
377
302
258
207
468
412
440
382
471
727
528
230
235
538
1
228
140
17
515
52
523
620
667
596
547
8
634
763
2
158
648
702
632
195
608
780
141
661
54
33
663
5
597
645
82
129
313
27
46
606
551
616
625
599
624
288
688
617
60
105
575
193
131
3
626
166
627
652
223
513
34
587
13
58
600
119
605
629
598
35
152
666
73
604
63
549
154
364
224
660
601
662
683
586
155
574
542
603
630
580
607
147
87
51
532
623
12
304
70
559
588
649
108
569
125
425
156
633
38
88
75
646
77
631
656
684
47
570
41
250
590
