595
596
589
388
594
563
564
562
588
491
527
532
531
522
530
490
399
528
362
565
597
533
367
523
420
356
521
556
561
553
566
557
520
552
494
495
534
535
1000
554
555
492
361
325
460
529
999
998
584
459
368
526
746
847
567
500
879
997
330
848
849
210
376
878
363
747
331
721
493
1010
758
977
501
688
593
427
335
209
1009
366
720
727
966
585
726
714
661
458
612
880
408
329
713
781
262
812
568
745
944
242
499
881
779
540
819
719
759
177
945
208
400
560
789
310
780
689
489
693
395
818
81
750
461
614
343
846
87
817
332
633
695
119
428
375
572
508
864
144
978
1003
844
342
114
145
783
200
778
1004
811
280
913
598
503
176
357
690
935
558
610
1019
816
344
241
347
146
1001
696
98
409
1020
996
802
278
298
502
749
850
216
231
903
50
946
536
632
336
664
582
788
22
993
488
814
337
228
547
548
311
609
504
507
56
448
976
537
992
748
441
665
897
93
1011
741
920
608
571
1021
304
851
106
616
183
911
86
1012
943
877
516
377
472
604
412
843
862
875
55
118
947
739
260
752
150
674
845
345
389
277
385
263
97
893
54
29
258
42
986
309
394
322
834
910
524
942
315
74
921
191
832
835
66
681
895
628
581
249
165
952
92
1013
782
1017
882
80
738
386
152
113
64
178
888
417
120
354
275
299
923
995
953
355
808
836
104
49
626
961
279
1
257
476
1023
151
569
744
677
699
962
740
105
770
1002
892
102
813
360
96
861
82
603
989
894
384
107
95
954
1014
312
842
100
600
407
777
1018
706
134
215
69
987
480
2
318
70
539
88
259
636
798
273
78
860
217
948
994
963
103
577
171
475
141
863
68
31
285
474
601
314
189
559
10
889
988
1006
276
23
155
170
803
18
646
967
201
640
1022
90
248
901
287
473
129
321
326
294
509
915
868
218
607
175
419
546
352
443
392
143
444
197
32
65
17
985
37
477
274
824
828
815
810
951
9
164
75
599
240
615
669
202
243
884
62
914
906
99
938
865
970
701
578
883
156
575
737
223
735
5
250
807
116
804
772
416
422
73
48
771
820
34
712
805
896
955
108
132
112
254
182
736
833
316
764
157
576
708
319
918
442
221
0
281
445
694
925
769
757
