375
210
399
398
427
455
403
237
454
264
426
376
347
211
735
291
91
402
517
371
348
137
236
380
423
484
431
748
71
324
438
404
35
699
734
7
60
278
62
396
407
534
108
330
766
493
9
253
15
686
13
727
432
678
475
80
11
412
368
440
504
323
88
196
695
664
107
777
757
640
354
251
166
584
705
639
223
19
732
662
593
661
547
767
151
612
89
751
591
39
178
515
274
362
28
666
38
3
195
40
725
175
332
405
85
50
707
609
621
775
136
37
23
667
341
752
221
331
340
51
342
445
187
75
581
722
16
43
307
479
589
770
604
620
134
646
59
157
1
390
129
130
545
747
193
677
154
326
155
153
44
377
135
72
349
74
538
544
409
321
566
248
