777
677
337
411
409
372
179
434
298
286
346
210
693
667
430
317
308
239
689
324
433
383
663
578
258
604
716
319
295
272
352
431
358
734
271
652
705
238
510
231
484
270
421
576
305
634
522
439
357
632
267
181
612
368
245
725
495
329
22
774
287
548
666
300
717
633
180
668
203
232
57
326
168
269
283
27
661
54
206
782
355
671
343
338
491
711
750
485
405
410
243
773
30
32
520
292
202
523
550
406
233
18
209
624
413
148
692
151
644
381
462
354
467
680
342
207
230
380
757
710
465
196
781
551
321
538
780
575
440
628
493
519
356
152
631
640
188
659
603
176
687
488
691
609
310
82
660
579
722
328
353
215
547
141
0
468
626
140
211
28
83
699
688
189
605
577
31
208
515
494
241
378
682
26
463
706
492
242
476
187
496
350
518
481
751
9
718
461
314
205
85
279
297
458
351
715
150
335
288
130
185
673
679
1
119
714
13
648
268
213
573
182
730
408
636
507
560
224
437
296
720
783
253
186
760
746
194
21
514
316
625
466
546
23
504
155
553
639
322
12
758
617
599
586
154
775
635
506
34
432
315
291
313
177
686
252
274
740
479
260
240
572
700
290
216
759
690
558
110
441
753
277
149
402
525
761
105
170
112
658
571
263
676
184
98
588
512
394
543
655
697
569
175
607
600
135
630
561
521
464
587
302
81
235
330
721
156
707
257
407
654
540
549
530
601
285
446
214
172
227
656
289
362
339
325
435
167
264
204
382
471
234
651
390
685
593
212
262
228
657
403
63
536
169
436
662
642
73
449
589
738
379
387
480
404
137
341
153
375
118
641
726
614
89
38
653
745
145
650
684
246
708
574
127
709
106
608
70
598
80
744
602
544
359
71
620
498
392
36
345
183
565
772
505
623
747
420
340
95
41
126
664
255
64
312
534
419
562
281
173
282
77
737
508
592
78
712
364
139
584
719
541
735
303
552
741
581
344
509
559
748
478
261
74
363
193
443
195
171
545
533
415
474
367
104
749
293
618
373
501
334
596
542
120
294
570
447
582
566
736
278
39
237
72
40
417
115
531
527
528
86
223
646
62
265
59
360
125
147
477
309
622
739
502
752
473
236
266
143
621
92
60
116
703
445
555
619
331
499
763
580
88
174
742
37
771
590
391
769
43
564
51
568
124
567
87
44
146
585
743
109
583
388
94
762
99
93
724
90
200
696
284
526
91
138
50
595
197
529
767
768
613
675
121
554
96
65
698
123
48
256
69
225
46
374
594
49
114
764
563
765
332
166
557
475
503
500
306
770
472
45
251
47
68
556
422
97
450
444
142
591
79
67
76
416
122
107
108
766
66
75
418
