118
124
738
546
106
598
419
539
131
126
327
770
739
621
80
333
347
666
572
406
251
71
639
718
332
158
643
263
615
755
737
91
696
1
97
503
420
320
362
375
654
152
269
699
752
173
775
430
160
100
250
319
22
717
177
335
178
776
555
120
720
55
241
635
201
501
622
580
223
82
192
279
710
688
728
740
686
108
782
29
673
584
777
128
122
416
772
274
727
226
159
268
138
187
123
682
220
348
132
176
715
394
415
778
734
675
771
247
205
413
653
237
393
579
14
445
664
353
605
684
262
638
141
596
267
0
157
768
731
31
665
747
780
634
384
121
606
417
260
660
724
561
188
129
695
84
76
261
730
423
657
239
180
397
150
233
191
633
238
725
571
206
295
102
174
551
200
78
24
593
202
147
116
468
759
669
758
602
297
519
773
562
361
753
574
149
25
581
345
264
411
182
148
26
343
217
779
4
278
15
376
321
344
230
370
700
374
570
645
7
211
307
275
599
628
629
630
153
52
215
716
742
231
744
719
672
162
729
75
190
322
272
54
298
713
300
723
328
604
754
28
644
781
326
219
70
661
299
302
600
218
662
214
573
8
705
395
245
155
271
757
296
372
692
195
265
242
57
179
175
595
509
658
721
154
687
185
625
383
183
632
382
623
203
526
626
402
656
671
701
112
659
398
90
273
371
270
23
292
631
134
707
746
732
227
111
252
783
329
412
765
674
30
560
431
248
603
756
9
244
403
208
685
610
441
303
240
385
20
204
444
73
18
27
146
325
301
246
277
492
697
61
346
166
364
32
83
609
476
258
651
614
11
207
650
616
706
698
601
276
17
712
356
216
694
437
19
151
243
405
642
85
367
48
617
704
396
136
236
266
324
253
567
2
330
652
703
760
304
280
10
532
164
355
338
677
168
537
53
637
597
351
594
624
6
167
407
588
352
649
498
538
339
469
457
389
163
620
357
369
161
568
349
575
198
60
104
749
472
140
101
3
379
439
33
404
552
139
663
414
667
12
521
464
432
363
323
524
668
373
306
473
655
257
390
110
475
337
366
229
428
377
235
683
232
438
234
286
577
400
761
422
64
51
627
340
611
50
448
399
196
58
548
691
565
378
93
748
769
726
410
79
592
391
314
331
443
368
380
470
582
591
316
88
554
135
452
429
493
447
59
284
225
312
471
576
608
401
459
442
764
65
381
549
421
494
433
690
553
365
426
550
13
569
133
424
105
289
103
281
37
458
87
107
249
522
408
536
648
528
619
305
774
618
341
463
520
34
409
287
336
69
62
491
350
436
285
523
288
342
313
563
497
566
434
590
224
495
762
676
35
68
45
589
435
535
36
467
499
583
41
647
63
451
315
47
763
466
38
317
564
425
388
502
556
308
465
461
39
450
67
460
309
40
478
506
670
507
559
474
529
525
66
446
46
462
449
558
557
505
531
477
