446
734
418
740
612
704
336
733
732
561
565
697
640
308
282
694
59
338
310
666
695
419
703
721
705
638
501
562
643
368
731
720
665
615
135
504
677
157
750
428
240
533
283
604
374
187
475
593
396
309
751
611
503
429
668
226
725
270
366
661
527
39
211
271
651
394
499
80
466
245
148
603
440
447
756
564
198
400
412
15
239
14
520
521
358
424
185
329
749
217
215
423
214
272
711
213
474
748
778
689
465
774
430
83
729
156
265
186
298
417
7
132
699
345
614
22
11
759
773
684
40
0
297
644
31
242
395
650
216
210
188
55
494
291
202
514
573
241
493
196
457
238
44
300
752
244
328
485
469
780
652
29
18
111
184
315
468
227
574
676
85
339
254
623
522
540
776
269
149
84
702
81
355
53
441
496
279
268
4
129
448
714
357
56
16
727
1
768
693
551
9
502
24
356
255
680
243
544
168
467
26
385
299
519
530
771
523
673
317
682
264
140
326
236
414
25
506
318
212
301
671
754
736
383
672
715
492
327
175
683
6
439
409
589
199
263
121
763
319
200
743
413
700
766
581
685
437
391
228
679
560
460
337
252
678
452
770
280
410
367
411
165
267
524
696
130
438
293
307
531
321
256
687
719
354
777
123
296
174
716
353
464
442
735
767
237
764
739
266
737
765
325
710
170
382
744
86
295
769
779
718
171
311
340
281
389
747
712
109
294
480
363
742
738
708
558
361
115
335
390
114
775
253
