490
535
283
328
31
572
407
773
111
202
213
168
517
731
7
462
756
650
546
464
534
524
271
522
176
80
668
602
377
571
314
573
22
345
56
1
382
268
656
655
272
337
149
385
292
116
14
204
15
6
523
140
491
411
11
675
733
615
412
265
495
409
327
395
461
410
221
371
295
151
338
316
526
400
489
379
296
344
18
434
468
776
463
442
173
318
430
297
453
545
694
175
336
137
298
346
391
521
437
467
185
267
148
240
533
417
406
427
300
439
466
497
774
355
677
356
226
485
370
492
498
456
441
282
378
496
454
248
438
396
643
172
612
150
212
483
257
469
455
494
704
330
198
470
374
481
482
383
474
358
329
369
401
414
740
493
500
564
220
135
44
732
475
429
106
509
447
402
309
375
537
503
424
443
562
471
423
415
398
368
388
323
465
399
351
397
360
60
39
425
66
734
64
611
501
444
419
59
48
647
67
416
387
165
79
445
565
473
224
46
47
561
697
614
446
418
