590
474
362
670
446
477
171
618
96
646
390
114
696
449
505
283
143
418
705
708
311
169
531
557
450
89
589
306
335
334
563
473
44
421
706
363
472
305
221
447
647
591
707
535
744
566
648
81
95
256
678
361
117
92
712
702
80
118
251
529
109
333
710
222
137
558
668
282
170
144
391
249
130
43
138
556
726
709
693
91
507
72
74
145
177
451
745
506
724
779
199
94
741
583
689
388
564
471
713
502
475
456
123
279
651
559
228
698
743
86
174
748
255
307
127
610
125
569
682
165
389
747
113
350
292
685
254
733
90
528
525
669
124
619
119
193
98
162
181
746
243
406
655
568
567
717
767
679
580
201
653
711
194
99
142
151
749
377
178
738
274
704
607
186
176
681
650
718
126
393
654
97
611
202
404
686
753
241
100
478
108
662
719
425
639
742
448
179
452
259
592
697
714
523
223
310
120
614
578
268
76
104
42
728
766
297
128
216
464
617
56
16
683
439
209
272
378
636
93
459
293
470
396
122
673
354
499
172
663
299
652
509
684
270
581
667
269
242
680
204
440
246
230
147
300
208
549
302
777
594
442
298
14
250
424
231
553
671
720
554
503
498
479
152
163
1
657
234
198
153
588
782
510
25
677
200
236
758
730
469
131
188
537
757
55
325
410
700
261
148
522
141
326
739
22
301
257
405
4
226
783
31
235
84
623
737
438
26
203
328
526
258
550
624
327
24
695
381
631
579
189
29
233
672
271
480
501
18
735
382
15
555
759
409
412
229
7
527
225
560
562
65
752
539
338
524
146
385
17
770
616
286
384
330
584
356
419
195
772
232
83
734
771
262
132
621
551
411
353
340
355
541
545
329
403
253
175
775
736
659
