676
95
702
648
307
89
589
777
463
661
108
170
706
681
99
310
556
298
123
658
156
268
81
377
572
656
567
563
283
491
16
231
186
684
151
748
566
583
779
535
738
274
296
393
705
230
131
404
654
685
390
671
719
297
201
180
326
109
741
243
502
673
311
4
459
742
269
683
603
506
55
266
650
208
546
121
544
152
700
177
651
575
242
182
403
188
604
241
234
674
436
244
689
174
382
728
80
519
489
181
657
726
457
458
460
210
547
409
525
474
184
631
682
686
237
153
354
379
630
324
325
5
560
352
212
84
214
601
597
207
461
675
203
729
25
235
600
275
133
451
669
518
192
83
349
432
87
672
56
319
236
58
731
517
655
754
176
185
179
101
668
679
193
261
172
130
644
713
160
239
54
548
550
178
380
32
448
552
652
173
710
573
1
7
555
61
31
202
659
762
413
183
248
593
336
85
23
110
426
714
343
727
549
282
612
284
780
303
245
47
759
435
405
111
116
206
680
376
687
339
718
218
431
62
267
524
715
226
447
504
428
740
351
480
717
381
711
400
554
495
22
132
211
704
721
733
499
148
666
513
258
301
523
472
240
9
302
345
467
699
213
763
347
367
45
312
140
478
488
574
204
756
205
346
401
522
385
191
294
295
129
337
348
752
725
371
442
272
498
221
778
270
360
196
286
175
464
440
262
553
18
313
433
271
490
299
628
168
660
224
420
773
6
328
407
677
233
538
102
396
545
11
44
526
520
342
508
290
497
340
14
551
615
475
370
751
516
327
536
232
408
697
157
344
716
134
315
341
410
627
15
247
264
412
322
602
107
263
511
288
365
453
291
406
411
534
468
378
469
750
391
514
317
338
527
265
441
330
694
292
318
437
466
309
287
470
388
496
703
515
374
427
316
359
456
446
487
136
512
528
415
289
418
462
510
285
452
257
439
198
443
399
314
402
471
394
521
103
355
486
438
356
454
395
414
776
732
369
492
386
323
643
105
425
417
434
300
494
503
473
41
397
484
137
774
564
329
220
383
357
493
375
562
483
509
350
398
481
482
358
647
485
59
500
501
444
424
423
734
368
387
533
455
39
40
465
106
416
537
135
445
614
419
565
165
561
