492
524
523
491
555
460
493
556
525
655
461
587
586
592
624
623
598
617
630
597
554
618
585
522
459
490
662
656
560
591
692
588
619
843
971
403
786
429
494
526
754
654
724
371
559
842
939
725
663
428
680
631
404
755
753
876
787
620
785
458
239
436
557
648
723
679
527
629
649
691
756
970
240
653
599
596
722
949
686
616
938
370
875
278
180
565
181
246
1006
245
974
728
908
948
877
992
213
959
518
905
4
343
489
486
311
711
975
993
874
528
771
789
271
487
917
265
848
788
208
148
513
906
677
793
645
761
457
837
757
286
955
310
234
147
202
344
61
960
312
3
214
149
483
52
179
359
207
766
397
844
972
584
270
611
790
994
569
697
167
916
872
495
348
481
830
327
950
168
840
924
981
453
0
907
798
660
816
45
449
675
886
817
712
326
739
927
940
29
961
752
678
1018
696
937
85
133
568
437
815
227
635
226
622
765
163
957
973
51
195
600
647
192
296
60
201
482
553
224
398
707
998
871
117
381
770
11
985
266
978
701
909
284
991
169
244
919
322
577
318
57
847
514
43
89
512
740
885
170
212
142
550
256
277
505
297
136
387
305
26
44
904
12
132
166
7
566
349
925
829
986
376
632
488
285
13
729
537
200
578
721
414
59
953
804
958
835
416
77
5
105
792
281
215
506
14
669
743
279
863
664
272
982
91
456
199
784
450
238
862
926
613
358
353
46
846
538
570
805
910
162
435
920
667
990
135
549
867
86
1019
603
644
25
733
110
822
519
313
870
79
264
384
546
380
84
760
411
604
861
932
427
987
30
772
138
738
797
141
390
878
579
413
94
233
6
106
936
111
474
231
255
62
941
918
894
93
670
544
109
967
54
515
175
182
643
28
173
668
221
157
27
140
893
379
377
225
610
821
455
75
609
323
19
320
637
705
317
15
836
294
841
143
636
838
702
442
378
354
802
174
855
605
638
480
316
646
150
154
811
928
900
53
254
382
83
704
185
734
601
97
36
193
68
108
869
121
232
258
78
448
280
443
576
118
834
478
574
350
90
803
608
962
55
160
634
357
153
155
539
767
196
126
76
737
799
82
410
388
922
291
10
977
58
159
997
137
672
345
581
303
543
288
188
868
873
409
194
423
103
253
422
165
412
417
479
131
324
769
222
156
995
510
73
325
37
839
484
74
273
895
951
451
249
287
438
676
389
639
447
352
134
551
41
247
1007
47
263
444
968
921
282
191
845
321
88
21
120
2
220
396
22
571
295
187
125
732
172
35
251
24
100
735
956
452
700
69
206
115
9
582
65
406
116
356
831
33
257
1009
363
966
1017
552
699
818
736
708
710
328
1022
642
441
391
319
42
186
395
293
913
477
898
20
283
151
67
573
351
572
946
262
509
695
607
930
104
887
183
95
219
963
709
690
40
114
50
203
964
606
292
176
806
127
614
92
306
66
650
575
304
164
954
983
1
229
107
101
473
800
32
825
184
152
674
386
248
673
612
1023
469
289
309
731
252
896
139
730
965
48
130
72
375
218
383
415
290
521
347
408
929
945
161
250
314
87
547
217
439
56
128
235
796
540
742
365
454
814
16
158
355
476
198
123
122
866
189
854
261
545
511
823
418
580
421
520
129
119
385
1020
996
706
470
171
39
541
211
8
259
923
405
984
49
23
64
567
627
223
1014
190
671
1015
744
17
475
1016
666
144
849
34
446
1003
124
687
764
903
366
685
901
70
826
216
931
548
1002
665
933
595
102
703
260
698
315
628
508
99
988
96
1021
810
899
773
833
112
63
517
542
38
146
897
346
602
944
485
952
71
243
507
558
31
976
445
230
536
741
113
1000
426
81
809
145
915
205
768
471
999
237
228
891
197
902
853
402
934
468
641
693
889
98
640
440
241
860
18
783
794
342
516
989
424
884
80
276
813
864
661
374
419
828
651
204
935
774
859
1008
779
178
801
775
857
865
892
300
583
832
888
979
407
420
502
912
858
856
890
302
820
589
331
308
824
762
364
812
980
807
819
780
776
969
1013
689
503
360
338
236
209
827
652
880
372
720
633
943
1005
942
778
425
373
274
782
392
852
763
881
337
177
947
504
472
751
659
333
1001
914
298
1004
341
911
621
781
879
745
534
681
335
808
850
267
210
275
535
590
269
615
1010
791
336
777
242
334
795
501
332
883
329
851
882
268
747
713
393
299
367
301
746
719
750
1012
340
496
748
330
688
394
369
694
727
718
430
362
1011
749
339
361
399
467
462
533
759
307
717
657
758
401
682
658
500
368
564
684
625
714
434
593
400
715
726
594
716
463
466
683
497
626
563
499
431
532
498
464
432
561
465
433
529
531
562
530
