668
304
276
666
303
248
249
528
640
340
667
305
664
334
694
378
93
119
118
74
406
73
738
693
250
152
312
390
102
710
527
137
277
339
362
136
405
737
138
166
72
117
692
165
121
286
120
124
404
746
350
403
734
639
695
94
741
285
333
360
631
714
314
284
306
418
313
361
696
433
474
123
719
492
180
739
278
564
711
77
662
251
204
236
247
391
219
498
223
377
208
221
164
473
316
499
65
101
742
380
620
740
379
92
669
289
621
565
125
733
139
75
638
66
665
315
264
533
341
602
359
431
328
179
116
630
91
376
501
505
288
349
556
345
103
351
222
375
574
275
287
193
146
151
346
407
520
332
216
432
747
622
160
486
718
235
536
255
78
194
592
167
691
707
220
447
591
100
232
108
244
537
603
555
532
302
11
12
95
497
712
475
593
242
745
660
96
211
538
500
115
758
385
544
419
762
257
529
323
619
721
205
748
572
634
411
196
504
573
761
195
256
122
446
644
363
464
263
90
386
38
231
519
541
594
756
308
145
5
188
215
581
493
759
465
367
716
715
373
307
210
126
566
318
514
548
110
510
224
237
491
279
44
84
230
735
135
480
601
709
319
217
563
769
331
322
311
107
400
372
348
85
283
4
111
265
506
13
50
439
647
51
143
518
300
582
720
56
89
335
87
270
749
214
655
645
434
140
127
213
229
99
547
209
507
33
568
202
266
766
513
776
384
648
218
2
26
479
482
25
161
628
14
258
765
629
187
1
381
545
688
767
364
597
724
438
156
549
329
24
3
19
253
37
401
290
616
207
777
76
540
470
567
569
683
778
457
526
402
570
625
657
0
389
543
245
673
64
750
542
684
437
10
344
327
546
6
783
365
408
342
31
347
39
203
52
509
357
259
71
186
672
23
627
523
57
299
606
272
417
757
27
651
274
686
114
535
653
770
649
159
243
717
412
343
596
271
192
79
336
478
112
105
130
28
424
212
706
429
374
32
354
309
168
517
728
430
763
580
428
775
768
233
700
7
141
269
252
295
106
353
104
551
687
654
260
97
659
144
626
646
88
633
29
261
607
579
158
508
392
30
539
448
511
701
423
588
317
352
420
661
782
713
598
393
560
490
54
487
53
578
63
779
663
157
595
681
612
600
436
658
521
773
421
524
525
449
557
177
743
496
155
45
176
774
583
17
129
440
280
671
780
641
477
422
426
147
550
682
291
623
9
22
55
760
727
338
680
273
643
241
534
781
394
685
674
368
554
132
21
755
128
460
409
611
83
337
571
610
36
771
86
483
427
726
225
575
609
605
675
191
410
262
182
369
577
708
8
690
736
705
576
635
553
238
744
178
584
34
604
134
175
677
