670
362
474
96
590
283
197
334
306
44
676
696
335
171
647
724
675
486
705
446
618
646
477
514
92
114
115
708
143
89
472
505
305
449
473
169
95
256
363
311
43
648
589
529
744
557
251
333
743
91
221
94
591
117
390
487
255
707
531
118
282
144
450
668
123
421
418
642
678
90
709
706
563
747
513
145
741
137
669
712
279
619
745
74
93
766
719
614
650
767
746
444
97
443
704
72
130
651
181
566
138
677
81
199
556
471
307
689
748
535
718
361
86
710
610
310
679
567
649
770
742
193
502
165
120
768
769
749
119
277
753
415
685
174
109
592
752
779
717
582
98
284
108
771
346
682
122
731
674
713
693
172
441
652
738
594
573
499
186
684
113
201
711
71
278
45
56
400
778
42
686
470
249
765
641
223
720
714
148
716
173
99
639
739
230
75
209
595
681
243
416
216
180
16
498
782
507
202
147
1
162
4
701
231
374
700
448
673
345
728
339
347
671
617
588
100
431
620
396
754
737
367
777
141
680
146
82
274
227
645
270
469
688
259
248
758
234
413
300
246
735
585
84
319
506
683
272
574
373
55
370
414
424
26
131
190
371
244
54
214
116
442
326
242
140
401
188
729
168
715
302
344
672
493
32
301
343
435
338
412
134
203
40
385
258
299
402
220
369
776
533
510
