433
402
622
467
464
683
372
405
684
466
434
404
401
465
685
468
371
403
498
651
397
650
437
653
373
592
623
340
432
497
624
435
365
436
396
364
682
652
496
686
716
654
370
406
591
395
625
438
469
463
626
394
462
715
655
529
717
431
363
658
430
593
339
499
659
333
561
341
426
398
590
429
560
869
302
307
425
627
694
236
704
974
332
851
374
714
530
1007
687
204
791
934
301
139
852
16
973
237
801
899
161
192
256
261
768
882
656
872
698
1005
334
914
390
485
40
421
776
760
902
205
300
369
718
823
850
865
470
883
932
933
72
809
748
666
820
657
618
439
822
870
393
660
777
290
972
162
291
749
288
199
269
338
131
975
821
235
47
48
979
212
792
194
838
130
233
422
606
900
1006
308
268
39
930
678
331
346
15
244
17
517
907
229
80
203
34
937
323
1015
941
711
247
230
542
378
672
67
965
700
911
267
661
1011
423
324
667
321
38
710
808
673
71
112
446
959
705
283
184
252
839
980
647
266
1004
122
1013
775
806
912
543
475
679
641
453
84
484
232
455
20
63
471
549
991
573
807
137
763
908
160
574
969
649
259
35
238
794
841
982
615
796
173
1012
904
65
515
853
731
419
795
981
225
306
709
299
1001
270
33
730
693
292
454
575
519
248
297
49
825
550
1016
189
510
58
8
940
197
418
451
551
931
153
456
613
478
352
983
18
220
253
383
643
135
315
500
450
634
874
774
329
99
264
6
445
219
121
57
159
487
213
214
85
21
541
148
83
858
726
124
857
330
479
671
507
773
427
424
25
670
583
676
511
743
859
504
452
915
856
12
190
681
206
545
320
737
123
922
328
221
158
927
31
810
646
854
113
668
942
840
800
580
764
910
1014
896
126
831
211
103
59
984
351
742
926
990
706
13
826
350
384
928
888
98
929
762
127
943
516
73
799
828
391
52
180
316
355
115
735
138
473
939
732
703
644
544
222
702
637
924
605
891
400
198
890
639
293
1023
251
26
116
866
411
243
886
79
829
44
481
117
154
147
638
642
125
196
95
958
19
767
101
27
947
476
36
347
265
109
279
46
380
1022
284
505
149
956
892
536
950
168
7
379
827
141
477
611
873
889
640
163
415
447
734
428
389
223
414
778
41
271
314
96
187
75
824
91
925
387
171
830
157
104
32
576
317
129
14
708
319
357
729
581
964
579
90
486
887
797
188
707
102
913
287
217
957
70
472
167
227
988
842
919
298
77
782
392
936
951
713
867
140
645
413
628
860
191
255
30
885
578
382
172
348
746
88
954
142
28
181
538
186
443
962
509
254
226
108
74
1008
185
134
353
234
1017
381
89
547
607
64
923
813
898
744
895
952
548
1021
143
518
514
276
772
845
675
440
282
918
955
250
989
733
45
37
309
793
60
960
92
674
178
62
9
855
701
901
875
868
1020
286
407
612
832
94
76
916
512
712
128
318
546
894
987
699
156
444
325
884
111
508
953
662
798
781
43
677
53
342
285
201
861
174
68
51
410
946
78
863
608
766
740
765
260
356
349
242
921
177
132
1010
986
110
164
133
976
66
736
893
4
513
906
274
741
224
945
169
3
594
385
2
82
747
636
275
69
362
179
938
897
985
501
1018
648
107
697
155
146
577
602
920
193
289
949
610
412
837
61
152
978
833
1
360
876
480
963
166
448
136
296
175
218
572
790
804
506
862
29
216
1019
105
609
170
994
846
416
759
871
629
917
540
93
106
745
313
604
1009
42
215
182
619
375
725
97
295
386
761
228
680
24
281
50
358
970
245
100
819
483
257
144
944
361
202
738
669
539
582
354
909
263
207
165
482
864
1002
5
246
769
277
303
114
495
814
258
249
635
441
118
1003
81
280
905
176
779
815
968
273
805
120
11
948
294
183
935
739
977
56
621
420
971
570
633
10
241
903
262
23
86
54
488
327
151
239
272
996
0
967
571
231
780
961
442
311
528
322
55
818
145
449
844
881
494
603
195
305
614
695
728
998
417
879
616
803
788
995
816
474
240
359
200
847
343
843
817
811
727
537
848
569
665
562
22
880
326
119
836
849
388
310
335
877
812
408
992
601
520
997
304
771
150
784
751
568
878
696
758
526
834
756
87
210
345
409
663
312
366
993
664
600
770
757
789
457
632
999
368
558
787
835
785
584
278
336
750
552
802
377
209
783
559
503
617
337
966
719
1000
688
208
689
399
786
376
724
692
502
720
752
755
344
690
630
620
461
367
631
691
525
753
535
723
599
567
754
459
721
527
533
597
489
531
585
458
722
493
598
534
586
460
553
557
521
595
565
566
532
596
563
589
587
490
554
564
524
492
588
522
491
556
555
523
