31
628
866
573
671
719
332
868
494
98
57
498
879
63
997
999
362
283
140
321
388
832
503
683
275
726
315
228
134
1022
319
1020
549
626
385
139
993
38
330
768
102
331
67
705
405
34
540
430
220
557
734
396
662
189
883
974
716
444
190
703
808
890
746
120
309
778
605
764
581
453
476
910
356
406
640
135
576
221
324
69
725
68
979
65
172
688
833
936
1001
70
682
66
123
535
347
748
298
418
625
767
892
216
71
247
144
721
475
847
714
422
650
727
361
572
805
735
389
579
924
613
980
483
295
543
745
229
393
126
966
913
88
527
556
747
973
329
934
912
184
526
310
56
867
103
989
769
824
195
250
929
717
293
452
554
759
6
588
715
708
965
695
627
777
411
279
137
796
944
953
880
446
603
96
33
614
750
258
242
507
138
292
119
749
693
89
417
799
17
193
429
314
156
937
24
380
346
738
643
995
95
427
165
419
730
62
751
795
18
177
704
16
299
118
32
597
333
105
259
280
426
13
779
846
145
731
158
64
352
542
112
267
339
861
219
706
428
409
150
758
736
282
864
923
898
954
316
968
413
512
286
173
947
935
217
533
23
141
278
534
504
517
127
74
320
441
744
964
587
248
40
681
713
791
874
955
251
943
383
636
276
431
484
274
851
501
752
421
387
582
969
42
125
633
811
792
343
246
610
178
602
115
634
243
337
334
884
555
300
828
814
547
241
862
162
236
22
336
930
75
443
762
7
277
821
565
147
544
515
850
425
454
848
894
377
306
81
559
857
545
948
237
231
84
90
80
1008
108
888
553
615
1016
378
311
268
718
205
12
442
853
539
931
106
1017
781
335
266
649
641
353
938
1011
397
301
261
604
9
94
222
963
203
920
284
984
257
176
859
14
461
878
46
988
51
502
350
823
209
287
50
297
638
170
567
665
174
639
72
478
760
55
757
914
450
20
666
368
700
474
53
854
245
945
810
820
578
15
45
664
806
79
113
253
48
508
78
325
116
812
114
211
21
26
49
728
712
227
982
410
379
577
447
210
837
668
909
213
85
159
465
676
101
375
990
849
296
208
472
8
19
432
536
11
312
206
673
10
780
302
285
117
133
647
25
392
163
386
915
164
1
360
922
600
789
790
679
111
739
76
584
408
423
882
571
416
697
328
187
372
244
54
519
672
365
204
970
288
906
601
290
486
104
568
651
185
132
41
44
737
214
773
412
804
903
270
663
87
813
43
657
52
269
338
223
47
815
606
919
552
819
146
83
541
143
696
136
818
82
763
876
844
390
122
235
632
852
175
212
680
109
110
858
1009
451
349
583
398
391
344
415
99
520
782
521
560
845
77
424
609
36
822
629
926
783
262
667
197
987
207
802
981
455
895
670
566
976
5
234
801
570
771
793
97
994
875
238
525
550
551
488
616
902
30
318
772
255
265
86
887
142
687
256
586
151
707
440
816
829
869
617
376
1019
817
345
456
618
698
788
35
1023
239
855
916
355
831
794
881
648
729
522
957
506
198
891
487
1003
925
155
382
92
182
60
701
354
192
130
798
367
893
449
518
180
644
168
183
226
877
473
787
124
482
407
661
471
196
149
538
684
585
646
414
958
674
317
622
702
834
215
843
871
240
91
399
959
949
313
381
252
841
835
611
699
479
786
991
485
635
179
93
675
194
537
359
784
59
569
908
181
73
977
202
224
978
188
900
983
985
950
369
505
2
933
131
756
591
732
218
962
523
291
917
896
400
121
513
761
273
128
642
294
939
28
839
658
263
439
961
148
904
0
459
774
166
3
901
153
232
438
842
907
254
599
1006
992
358
809
225
899
873
171
546
631
830
493
621
61
1007
986
384
100
951
233
932
366
460
803
327
740
785
840
630
303
524
470
921
169
677
885
766
960
348
458
870
838
480
322
619
770
856
481
1018
645
637
326
724
152
489
975
972
186
690
918
669
765
620
249
742
433
281
466
514
598
886
872
167
154
264
946
457
678
753
201
371
1002
27
468
401
230
305
1010
271
491
29
825
927
323
199
467
490
656
370
592
940
304
733
826
928
941
711
200
511
510
755
272
722
710
692
492
437
623
404
469
4
743
971
624
660
652
754
686
797
434
685
402
403
659
655
654
436
653
723
691
435
