174
771
428
155
468
245
435
415
131
733
469
601
776
305
500
600
751
281
270
467
291
273
59
781
298
257
341
146
280
501
62
26
231
728
388
574
561
440
282
385
342
31
4
458
134
167
673
32
300
470
516
154
493
198
269
461
761
255
252
11
779
285
459
230
520
321
84
304
313
55
290
9
599
499
258
296
237
232
229
235
176
16
354
700
457
494
515
460
292
382
485
334
0
20
704
347
504
680
651
54
140
246
53
283
412
13
547
409
699
513
514
517
629
497
248
672
106
524
377
287
439
356
149
626
445
540
480
416
541
589
199
56
527
447
521
204
544
60
682
102
25
101
302
259
315
546
714
319
730
145
782
242
471
261
760
268
402
1
560
289
345
253
221
152
705
2
413
645
735
679
5
542
151
265
721
189
14
247
420
754
129
38
453
436
462
262
27
6
418
301
706
33
736
522
105
177
740
10
35
153
537
48
498
780
331
531
355
190
117
707
170
466
519
284
210
658
492
288
737
3
678
727
530
85
171
438
550
539
383
322
303
758
168
373
207
593
34
384
314
110
548
276
126
571
452
130
664
224
694
279
275
657
392
157
39
63
551
410
711
538
8
430
775
113
206
311
30
12
720
187
137
604
636
701
441
575
183
671
244
660
192
692
120
632
605
37
609
49
47
745
502
180
578
58
634
185
508
491
318
179
661
367
364
213
579
474
606
125
686
768
346
215
552
465
648
223
523
614
473
688
489
390
228
570
495
596
722
549
160
598
603
713
710
526
70
753
40
690
124
625
50
234
674
429
150
586
630
464
389
241
554
374
36
328
51
715
332
633
624
195
256
333
663
564
391
623
608
118
243
108
612
587
662
411
211
602
357
702
217
726
46
87
139
738
100
693
631
619
687
597
652
401
684
216
451
654
490
767
746
750
186
340
178
475
685
88
723
286
638
463
659
166
762
718
607
184
581
536
104
240
73
708
212
277
214
743
158
312
363
90
41
698
437
121
114
479
69
361
293
421
294
528
267
742
717
649
555
689
77
716
225
653
640
568
109
518
763
677
239
81
68
641
749
741
503
444
165
64
45
584
330
622
238
569
66
595
752
566
769
65
89
86
592
666
565
75
169
266
78
709
307
770
76
667
42
558
744
712
594
99
80
650
580
613
567
621
329
618
123
115
67
591
278
91
505
362
335
143
611
766
610
585
74
98
748
639
647
765
477
93
95
449
668
529
642
739
669
193
582
138
556
719
747
583
250
450
94
472
764
590
251
72
79
97
724
71
670
557
43
44
696
306
96
