31
375
46
101
674
700
643
33
30
92
48
391
523
24
398
731
84
726
53
392
235
41
27
79
702
242
32
70
707
564
416
66
63
672
367
138
771
716
105
649
422
64
241
473
95
81
681
284
201
480
180
682
536
90
100
45
631
147
164
234
182
49
518
683
207
692
745
450
668
720
724
466
498
204
467
419
764
121
99
8
399
573
34
285
742
426
183
232
673
97
659
688
503
477
586
715
505
406
696
123
233
551
250
131
592
184
385
427
214
58
546
740
588
122
444
562
400
178
550
306
545
224
698
315
758
296
206
231
334
411
319
379
98
459
691
490
739
283
653
472
629
552
547
574
314
418
425
519
684
294
652
302
690
384
368
205
575
719
549
286
746
274
454
370
68
169
414
317
346
471
93
432
316
734
243
177
124
743
318
431
601
493
687
613
428
245
782
374
321
654
556
555
185
322
51
669
413
423
405
199
520
650
271
585
576
401
548
583
621
460
565
330
404
345
215
228
65
297
455
344
341
442
342
704
403
430
244
259
258
301
558
125
628
47
257
429
627
579
371
502
343
176
593
457
407
463
312
320
553
357
402
554
350
705
626
491
434
313
528
458
622
128
186
421
623
557
624
203
130
777
722
656
359
655
126
582
151
229
580
620
165
372
577
452
560
127
295
537
604
378
527
781
721
216
766
339
200
456
352
509
483
664
648
277
424
508
462
665
625
482
662
222
578
108
246
252
666
433
298
217
600
329
581
340
667
510
481
770
220
435
646
300
60
91
118
661
160
280
360
16
136
43
146
94
129
713
141
663
769
278
153
632
383
438
638
605
175
260
226
148
119
594
282
637
461
487
323
445
261
307
474
194
597
132
161
607
324
609
677
591
388
198
506
608
162
599
187
218
305
331
589
507
539
287
753
531
159
694
299
714
446
479
484
262
598
488
451
89
253
417
732
303
134
447
465
382
590
221
18
636
596
192
362
15
660
783
606
56
256
143
489
610
290
52
291
618
44
263
254
133
512
633
475
729
1
61
137
611
485
756
59
640
11
9
361
154
196
311
559
325
22
326
158
62
534
23
645
188
255
292
695
332
155
639
767
57
587
140
723
532
88
86
142
80
727
170
74
135
139
751
641
85
29
775
7
197
112
17
697
223
50
572
251
38
699
612
275
309
635
83
67
364
157
249
540
616
752
167
476
13
725
36
644
111
420
189
390
757
353
19
617
3
6
486
168
595
35
0
538
39
584
389
366
670
304
40
517
28
225
75
634
166
195
779
113
54
14
337
288
107
513
504
381
289
72
380
356
193
327
335
37
542
780
410
354
570
541
109
163
156
106
728
190
515
351
571
566
514
191
247
516
333
437
569
567
409
408
328
219
543
355
568
248
276
