390
499
185
210
466
627
182
624
697
127
211
273
397
184
435
582
618
216
155
685
119
471
593
311
442
706
565
686
472
245
351
426
128
572
47
654
524
497
636
259
322
218
526
385
652
547
573
463
234
443
495
229
151
623
209
302
200
293
246
408
744
625
522
743
313
470
687
436
771
304
650
521
325
177
269
353
631
523
691
626
340
330
156
157
525
415
46
637
655
689
363
399
496
32
115
220
212
274
602
138
493
690
545
10
703
716
215
492
622
281
762
520
203
537
336
131
358
677
227
42
411
425
71
265
2
731
414
192
781
110
130
48
49
214
332
21
341
548
546
400
763
511
591
321
152
453
527
178
510
554
129
189
77
256
233
464
704
599
382
208
383
407
369
509
508
491
454
594
386
213
575
721
620
360
482
581
551
609
427
479
549
481
94
552
359
381
423
483
319
312
688
136
445
318
648
231
387
260
230
331
604
190
553
518
372
512
303
539
317
608
135
550
579
188
379
388
187
603
580
401
232
355
264
455
577
597
371
766
607
344
719
143
576
243
596
605
275
261
316
161
291
409
160
74
276
61
314
598
346
226
170
438
373
345
374
540
315
417
320
52
57
354
132
75
36
219
247
159
292
645
198
254
158
484
162
457
366
271
91
194
641
456
775
133
748
60
610
428
434
17
197
571
38
612
89
504
72
752
343
725
767
19
225
590
465
134
139
337
595
587
191
779
23
606
406
28
460
113
584
3
335
11
253
538
290
751
370
732
39
342
429
299
729
578
106
566
85
140
410
389
541
262
248
249
461
168
29
476
780
221
309
699
347
14
402
142
327
458
570
350
0
364
326
40
18
67
670
54
50
6
485
430
263
167
532
420
727
83
640
757
137
298
109
287
378
223
639
728
475
431
15
375
616
163
723
289
193
9
251
112
7
111
195
242
37
432
437
88
333
756
196
567
80
644
617
349
694
13
62
270
459
404
568
569
403
348
695
35
288
433
405
376
107
377
