369
400
368
367
721
689
336
399
690
688
750
366
717
335
722
370
337
432
720
334
657
718
470
620
339
587
338
753
503
401
502
424
535
751
471
972
457
719
392
522
752
438
305
754
783
439
687
756
302
621
371
757
267
619
349
306
982
755
124
489
554
269
567
360
301
123
600
274
787
534
555
784
599
472
782
440
393
490
27
588
425
281
725
691
361
28
786
31
173
376
150
307
504
656
723
749
60
303
294
61
344
983
601
268
377
206
238
589
941
126
940
30
326
207
407
602
275
686
196
685
632
570
59
456
172
304
383
212
209
408
345
409
208
724
785
852
327
164
458
716
178
1013
264
971
816
94
243
726
174
1016
566
818
272
211
213
93
228
634
249
949
415
223
885
590
152
748
293
1004
381
382
359
853
506
538
781
984
909
950
933
789
819
648
317
151
747
795
205
19
1008
899
210
203
586
973
127
145
62
908
185
155
10
831
426
931
111
762
666
20
255
758
391
313
241
154
125
420
350
110
6
536
703
499
165
817
8
511
932
665
1002
351
23
11
776
481
827
76
917
239
583
864
242
797
1014
855
886
676
697
24
968
289
26
832
937
866
171
7
736
109
515
824
21
579
387
989
45
513
442
131
483
195
128
39
833
101
683
799
53
800
930
43
741
550
450
935
812
615
801
14
1
270
939
4
647
671
727
5
905
774
823
777
649
100
418
791
516
769
900
942
759
934
500
163
99
876
964
918
825
780
323
40
928
386
860
920
865
549
985
451
295
547
730
640
715
186
794
13
702
966
856
616
512
887
803
33
919
598
684
639
488
577
539
517
970
419
969
926
225
904
292
121
929
237
37
227
42
822
790
9
891
328
449
834
137
897
694
257
857
710
140
952
192
122
480
485
734
698
452
32
811
896
256
92
482
444
51
828
898
775
184
160
936
22
226
733
548
802
204
38
835
859
410
921
79
877
64
991
745
862
388
41
143
830
133
808
181
484
320
635
663
810
959
796
167
829
805
773
771
778
951
641
416
69
454
546
673
642
779
71
912
901
120
669
821
764
175
883
767
83
1015
884
894
2
612
519
417
958
838
956
261
967
378
806
988
670
324
224
447
907
544
54
738
742
768
863
807
645
704
643
576
290
854
78
770
70
142
584
680
927
509
961
699
414
0
667
36
581
938
551
765
1021
763
235
77
995
990
50
711
72
52
129
893
580
193
96
514
861
35
739
714
735
582
12
836
813
903
633
902
44
487
413
840
545
708
63
729
46
153
871
288
611
965
672
743
638
117
161
892
479
709
135
18
607
84
895
873
609
75
102
701
849
924
868
229
604
66
263
16
1001
353
731
385
25
56
744
760
571
219
262
772
518
766
521
162
870
820
925
542
867
68
957
291
87
47
1000
541
614
1003
17
112
1022
258
732
130
954
259
478
82
65
107
445
119
446
953
737
922
846
355
858
637
981
906
700
668
3
421
793
354
839
888
610
889
798
963
651
194
1011
1023
826
872
578
356
510
977
923
613
706
845
520
325
677
916
675
705
999
681
646
352
572
80
911
844
636
296
114
678
67
987
132
890
348
105
644
29
97
73
875
552
254
804
86
712
603
980
1018
448
202
380
34
108
81
682
441
508
746
48
740
869
49
850
1020
674
322
955
98
476
608
389
809
260
412
962
761
874
882
664
960
707
540
321
837
357
948
477
197
556
679
106
55
910
88
384
271
179
986
523
136
653
141
104
85
841
74
170
996
695
89
245
118
103
543
486
453
134
605
57
177
976
1019
1017
216
265
431
236
792
455
423
115
116
156
606
915
713
15
91
138
244
692
618
240
631
507
998
617
575
422
659
333
1005
1012
475
650
218
843
139
159
881
1009
993
842
788
491
390
232
880
188
358
568
997
273
1007
233
282
573
176
474
878
696
58
182
169
148
285
220
501
166
234
199
654
994
975
319
180
992
308
814
978
187
183
248
346
280
693
879
574
585
314
113
215
622
286
252
851
569
553
398
979
1010
198
652
537
190
505
222
158
214
728
297
947
253
168
630
149
287
944
95
250
312
157
146
298
443
411
815
144
201
266
299
660
276
661
231
379
459
90
200
365
217
533
251
1006
191
246
329
318
230
945
655
658
913
469
300
189
147
914
629
974
473
662
283
221
316
943
565
564
946
597
315
531
247
284
847
557
340
848
394
330
532
375
628
279
277
278
309
343
347
427
468
406
402
332
596
627
524
362
310
403
467
464
372
311
437
342
624
374
341
433
404
623
331
435
496
373
405
460
492
436
563
558
595
463
625
428
397
429
364
465
396
591
430
498
363
497
395
594
626
461
530
592
434
562
466
462
495
528
525
560
559
593
493
494
529
561
527
526
