0.07334995
-0.049481392
0.005976677
-0.17933083
0.18303585
0.0040655136
-0.03138733
0.20203018
-0.10738945
-0.070791245
0.037381172
0.041065216
-0.36373806
-0.16020489
0.24651241
0.34211922
0.07733059
0.00061035156
0.08141327
-0.08322334
-0.03519535
-0.015788078
0.071694374
-0.109773636
0.07653141
0.059296608
0.17023182
-0.061244965
-0.044136047
0.09362984
-0.021702766
0.23313904
-0.021512032
-0.07000828
-0.4598112
-0.23639679
-0.3317585
-0.7260618
-0.8370228
-0.21479607
-0.29820347
-0.6069355
-0.5728121
-0.64458084
-0.0770874
-0.56288815
-1.0303154
-0.4929819
-0.4432726
-0.45436478
-0.46980476
-0.28938103
-0.109954834
0.102968216
-0.09794617
0.11525154
0.0072603226
-0.07965851
-0.13138676
0.35572243
-0.08780098
-0.18265724
-0.38332844
-0.30101776
-0.14252567
0.4703493
0.20905113
-0.16518593
0.3660841
-0.13183784
-0.38128853
-1.0452652
-1.0373974
-0.8993387
-0.7898102
-0.808445
-0.5338049
-0.25283718
-0.7428913
-0.08927059
0.70770836
0.670372
-0.13172626
0.19471073
0.039790154
0.029301643
0.03579712
-0.25593472
-0.8936901
-0.089671135
-0.7502327
-0.59279156
-0.9490423
-0.2553606
-0.7933979
-0.33337116
-0.7937727
-0.7532549
-0.54958344
-0.36484528
-0.2211771
-0.14910412
-0.40503216
-0.26140785
-0.7912941
-0.49552155
-0.3864727
-0.3968811
-0.7120371
-0.2925663
-0.45371914
0.13853168
-0.051098824
-0.44408798
0.38442993
0.008886337
0.14470959
-0.11453438
0.2234993
-0.25711346
0.13206863
0.050827026
-0.28162193
-0.18632698
0.07233524
0.039583206
0.027088165
-0.22765064
-0.23544312
-0.050505638
-0.2244978
-0.108867645
0.28484154
-0.2172203
0.08397865
0.07336807
-0.3269329
-0.30551815
-0.439394
0.22445297
-0.10906696
0.04643154
0.36074638
-0.10067749
0.5908098
0.18438435
0.4012165
0.07626343
0.14501095
0.055966377
0.22080708
-0.121105194
-0.03745365
-0.019618988
0.024652481
0.054574966
-0.04436493
-0.034994125
-0.15627289
-0.15007114
-0.26455593
-0.20929623
-0.18053913
-0.21239567
-0.13693428
-0.32877922
-0.52005863
0.06010437
-0.06077385
-0.4023199
0.63719654
0.7315998
0.11909294
-0.19418621
0.32453918
-0.043154716
-0.037522316
0.00020313263
-0.05626774
-0.030103683
-0.004532814
-0.02107811
-0.019098282
0.0043821335
0.14779186
0.07381344
0.0029439926
0.03156948
-0.01125145
0.22119236
-0.12755203
-0.39332867
-0.70050335
-1.0164661
-0.16965294
-0.2355318
0.19947147
-0.8868618
1.5150919
0.8794718
0.9446726
0.06788635
0.32080173
-0.061997414
0.039362907
-0.052978516
-0.03408909
-0.049957275
0.023510933
0.11568546
0.14898872
-0.17724323
-0.032852173
0.066161156
0.027522087
-0.06320667
0.02954197
-0.053256035
-0.037534714
-0.21722221
-0.3107376
-0.4637432
-0.14476585
-0.6841831
-0.58042526
0.10895252
1.1488218
0.28741646
1.1453829
0.23902893
0.010605812
-0.019015312
-0.14066696
0.11410236
0.01372242
-0.0016536713
0.029476166
-0.03653145
-0.0748291
-0.09642792
0.099760056
0.16715813
0.14766026
-0.07588196
-0.06991005
0.08812523
0.017061234
-0.3514166
-0.55408096
-0.41753006
-0.2636814
-0.8499298
0.2370205
0.4387293
0.8332634
0.5775013
0.42208385
0.86808586
0.22282219
0.059186935
-0.11022377
0.11849117
0.16613197
-0.06343651
-0.06420517
-0.0030622482
-0.019800186
-0.19901562
0.15859222
0.38346958
0.18932724
0.2523241
0.12589741
-0.14988041
-0.07941151
-0.21990299
-0.71719265
-0.9114504
-0.3155098
0.03511238
0.11044979
0.07863903
0.946558
0.23364544
-0.4712677
0.18838406
0.12643242
-0.044322968
-0.13395596
-0.07777214
-0.07174206
-0.07115841
-0.048135757
0.048984528
0.05255413
0.0197649
0.51504326
0.5153284
0.45253563
0.45120144
0.25239086
0.2521925
0.226861
0.18214607
-0.49321365
-0.92254925
-1.3232327
0.15263367
0.9463415
0.37739372
0.11919212
-0.20146275
-0.36902046
0.14145565
-0.030817032
0.08350086
0.24112701
0.13777924
0.092918396
0.015100479
0.20762825
0.04998684
0.04940319
0.14137268
0.31330013
0.33017635
0.19748402
0.23457146
0.87549114
0.7646723
1.2032747
0.3745947
0.23118496
-0.51526546
-1.5682726
-0.44590187
0.83352566
-0.20321178
0.5212307
0.07558918
0.29409218
0.3311653
0.020101547
0.07320404
0.08016682
0.034417152
0.020641327
0.18620968
0.27261925
0.26878643
0.14779282
0.2852993
0.25641632
0.27528572
0.14543724
0.36154556
0.11844349
0.40482807
1.021698
0.8498974
1.6474342
0.8520193
-0.5358181
0.051020622
-0.2627735
-0.14855099
0.4681511
-0.09731865
0.6735134
0.06474209
0.003750801
-0.15163326
-0.0744009
0.031520844
0.04661274
0.25102425
0.5423498
0.27885914
0.13076973
0.11389732
0.13183498
0.2689581
0.07714844
0.12155533
0.07419491
0.11306858
0.15615654
0.31839275
0.68972015
1.1222229
0.7866955
0.88192844
-0.57856655
-0.36125374
0.027420998
0.09535408
0.0033245087
0.2148838
0.036849022
0.118826866
-0.07633972
0.29676533
0.3544531
0.051548004
0.26296616
0.082247734
0.19382477
-0.031576157
-0.06029415
-0.057011604
0.32073498
0.3627615
0.16561604
-0.043987274
-0.118938446
0.07709885
-0.36443043
0.8990555
2.9063053
1.4846439
-0.48368835
-0.6285858
-0.9775448
0.0148973465
-0.05079174
0.24097824
-0.11600876
-0.013746262
0.00065898895
0.14058304
-0.14830399
0.0821867
-0.0822916
-0.07858181
-0.033258438
-0.0416584
0.12521744
-0.26130486
0.11575508
0.0014457703
0.1234169
-0.16283894
0.20489693
-0.29956627
-0.4889145
-0.12136459
2.1711016
1.1752834
0.61106586
-1.0891352
-0.98020554
-0.20783806
0.16909313
0.017045021
0.25233173
0.32428932
0.29857922
0.13397598
0.021375656
-0.07752323
0.01730156
-0.09222412
-0.07081509
0.0036058426
-0.05825901
-0.1492958
-0.1330471
0.065748215
-0.06778526
-0.07686424
-0.21281719
-0.20863914
-0.7959471
-0.14340496
0.9197693
1.6420078
0.012032509
-0.9084215
0.14287376
-0.054691315
0.14552021
0.111083984
-0.020144463
0.25200462
0.3418436
0.3777256
0.13278198
-0.012306213
0.19531536
0.2650404
0.18891239
0.07004738
-0.024907112
0.035927773
0.2756443
0.26921844
-0.009181023
-0.21505642
-0.15964413
-0.28757572
0.29132557
1.0581083
0.7774372
1.5025034
0.5640068
-0.7961559
0.4415779
-0.04594803
-0.16194344
-0.10519123
-0.16585732
0.2058878
0.20544624
0.2598362
0.47781086
0.36684322
0.3055029
0.2834406
0.21057892
0.047727585
-0.027820587
-0.038233757
-0.010817528
0.066244125
0.05153942
0.18178654
-0.08533573
0.073060036
-0.03155899
0.43218613
1.3531294
1.0724773
-0.14259624
0.4200058
0.06805611
-0.18587208
-0.6421795
-0.22754002
-0.3941536
0.22563267
-0.008116722
0.27798653
0.33785534
0.19038582
0.36792946
0.27093697
-0.08601284
-0.11277485
-0.14266586
-0.16494274
-0.051707268
-0.11497593
0.27272606
-0.11466408
0.012497902
-0.0031938553
-0.6341047
-0.022983551
1.4111567
0.83794594
-0.007660866
0.19440079
0.3167019
-0.118071556
-0.13455677
-0.0015926361
-0.17862034
-0.20968819
-0.16618252
-0.24915886
-0.085020065
-0.045238495
-0.17895985
0.011057854
-0.0063285828
-0.1009531
0.047496796
-0.109690666
0.24274826
0.05333996
0.34054756
-0.070020676
-0.40958214
-0.24474144
0.30300903
-0.43057537
1.0828724
-0.17089844
0.013766289
-0.13943195
-0.26245022
-0.44337654
-0.57448864
-0.028410912
-0.0894928
-0.31172657
-0.2841196
-0.11297417
-0.08227444
-0.17361164
-0.057746887
-0.041550636
-0.08657646
-0.06596851
0.0250206
0.33598137
0.33220673
0.23895645
0.28752232
-0.04837227
-0.29680824
-0.033680916
0.49123573
-0.24014473
0.46088982
0.1183548
-0.013232231
-0.18075371
-0.16547394
-0.29054737
-0.2762804
0.45286274
0.07006264
0.17112827
0.13008213
0.053798676
0.13624477
-0.032510757
-0.033997536
0.025718689
0.054558754
0.41212845
0.23570442
0.29170227
0.3107252
0.3546276
-0.08908939
-0.10362244
-0.22386932
-0.5247879
0.46012306
-0.28330803
-1.4378157
0.12908745
0.10249615
-0.07932186
-0.5217228
-1.066617
-0.63962555
-0.24446774
-0.14472961
0.29421425
-0.1282711
-0.08865261
0.08339882
0.10687542
0.12417889
0.04677868
0.011036873
0.18131638
0.18224335
0.1267662
0.03694725
-0.056007385
0.014129639
0.10848522
0.13955116
0.014094353
0.07196236
-0.49523544
-1.1877022
-0.025209427
-0.021019936
0.025409698
-0.7105322
-1.47087
-0.24234104
0.22704124
-0.14685822
-0.19344425
-0.02380085
-0.07717514
0.17631721
0.048030853
0.22228813
0.23429966
0.2292366
0.006216049
0.036766052
-0.20880127
-0.24972057
-0.17560387
-0.13500881
0.0926857
0.113568306
0.4232006
0.20844078
1.5485659
-0.08895397
-0.0287714
0.07708359
-0.18325329
0.19406033
-0.23739433
-0.039744377
0.52892876
0.07484341
-0.100577354
0.11688995
-0.3729353
-0.25313663
-0.14202213
-0.20110703
-0.26623535
0.07456398
-0.2757635
-0.17560291
-0.25663757
-0.09497261
-0.5076561
0.13891602
0.032125473
-0.5726042
-0.81218815
-0.7480135
0.20256138
-0.13997173
0.02572918
-0.051265717
0.009278297
0.015013695
0.14788628
0.045739174
0.6938658
0.8778086
0.58613205
0.66209126
0.5428543
0.27363682
-0.025808334
0.3352499
-0.22510052
0.5973587
-0.11527443
0.023231506
0.41752434
0.15847492
-0.1552229
0.12724781
0.07401466
0.019387245
0.6885214
0.59231186
-0.42612267
-0.08519268
0.054462433
0.12581253
-0.030155182
-0.10784531
0.14368248
-0.21447372
-0.7575216
0.006480217
0.01554203
-0.15276337
-0.27032185
0.12820053
-0.0779171
-0.07987118
-0.28639984
0.60610104
0.5794649
0.14833164
-0.12799263
0.4122324
0.3918028
0.3680439
0.029348373
0.17512703
-0.15480328
-0.053100586
-0.07681465
-0.07156658
-0.19985008
