715
114
625
116
638
681
754
716
230
633
463
448
730
662
302
33
308
26
777
483
651
642
394
652
526
634
314
329
84
87
393
759
345
667
51
750
663
240
437
520
326
755
726
690
366
325
30
189
531
24
190
700
776
673
682
712
535
529
749
228
668
721
213
415
301
713
512
559
485
59
707
683
338
56
22
267
86
542
653
521
218
697
1
447
414
300
286
332
546
684
44
545
746
490
745
688
285
214
513
224
257
585
484
654
618
524
327
287
696
277
215
489
444
118
367
372
25
275
231
687
217
736
246
742
698
340
613
753
305
701
328
758
615
522
685
739
557
258
216
740
371
245
58
426
395
241
4
252
274
304
760
547
141
765
560
339
272
456
551
386
276
558
16
82
503
219
661
514
477
686
280
279
192
669
677
169
676
273
782
655
451
671
525
548
43
427
544
449
561
507
533
761
505
260
773
165
399
250
502
588
248
768
523
259
774
307
390
418
646
562
450
247
770
772
271
398
769
549
297
506
361
222
268
658
455
656
298
244
474
550
299
657
534
659
282
660
334
543
675
362
306
296
243
270
269
242
