-0.1349659
-0.047628403
-0.023949623
0.163342
0.08380747
-0.07005072
-0.071410656
-0.17534828
0.034522533
-0.09542656
0.011875629
-0.24155903
0.37735796
-0.036808014
-0.41104174
-0.40284538
0.11263275
0.090035915
-0.25667477
-0.020420551
0.101109505
0.0773592
-0.19965506
-0.004966259
0.07765818
-0.035348415
0.061505318
0.1388998
0.08729315
-0.061625004
-0.05044079
-0.14547062
-0.034062862
-0.11319637
0.120037556
-0.25936365
0.11979151
0.5527954
0.23889923
-0.6228914
-0.5162072
-0.3834753
0.6662469
0.56078863
-0.087314606
-0.14262486
-0.11676836
-0.39526796
-0.07671118
0.21351576
0.2768488
-0.070827484
0.17149925
-0.1462717
0.10334778
-0.04287243
-0.022778988
0.073880196
-0.11527443
-1.0315704
-0.33154583
-0.114200115
-0.0065984726
-0.40650558
0.14666796
0.10119581
0.18091774
0.5785842
0.04576397
0.973691
1.127564
1.8501027
1.368474
0.5505605
1.0272398
0.85639
0.72630596
-0.15232801
0.4038763
-0.4280796
-0.5074973
-0.0006918907
0.1988883
-0.22799826
-0.046196938
-0.15397024
0.58060646
-0.25765705
0.44382906
0.9175868
1.5069034
0.74632215
1.0226402
0.7429786
0.9084859
0.30730486
-1.2069726
-0.57521963
0.26106548
0.41661167
0.6012268
0.21315622
0.14423513
-0.2003622
0.85608435
0.006627083
-0.0033340454
0.011664867
0.67814445
0.4579587
0.25824213
-0.19273186
0.03844595
0.6904092
1.6455433
1.0020547
0.31206226
1.3253589
0.42952585
0.42653656
0.6150398
0.04234457
-0.27498627
-0.41835785
-0.27432013
-0.23145819
0.26758337
0.42449856
0.5783129
-0.09779835
0.44336748
0.35767365
-0.179317
-0.05117941
-0.3111558
-0.9943838
0.6973934
0.8350215
1.2748389
-0.7409978
-0.054894924
0.10155201
0.90661573
1.1815038
0.98865175
1.5046375
0.6320114
0.5569091
-0.19695616
0.025594711
0.095299244
0.13179636
-0.11410427
0.013353348
-0.0744586
0.09957266
-0.06775284
-0.5140786
-0.27529812
-0.088065624
-0.115829945
-0.11173582
0.1463294
0.011877537
0.12576342
-0.14306974
0.4527459
-0.7499404
-0.105101585
0.7350893
0.25222778
0.6280451
0.2605214
0.33352184
0.34479523
-0.07357359
0.22292233
-0.13939095
-0.0816288
-0.16974115
0.11831474
-0.03875494
-0.13363838
0.006650448
0.0033431053
-0.10634184
0.05330658
-0.21335936
-0.013549328
-0.3155198
-0.18715143
-0.084456444
0.43786478
1.1971054
1.5235312
0.39888573
-0.22872257
2.163432
-0.55879116
0.42502308
0.17751455
0.19095135
-0.0036773682
-0.018645287
0.00233984
0.09749651
0.11007023
-0.26835203
0.029882431
-0.14814568
0.019227505
-0.31523705
0.15372181
-0.089521885
-0.15497828
-0.17204952
0.13875818
-0.037704945
-0.32132864
0.082793236
-0.21785116
0.86982584
1.4509034
0.81596184
-0.44123125
0.5447707
-0.5573187
0.30095148
0.4023738
0.42061377
0.465487
0.22081089
-0.09048891
0.2003355
-0.038559914
0.027908802
0.059054375
0.21688366
-0.12352419
-0.115458965
-0.23282051
-0.07156086
0.05646515
0.08365202
-0.011873245
-0.19092703
0.21038914
-0.3783121
0.4821458
1.3997846
1.8390877
1.3789382
0.13979006
1.4753923
0.17012596
0.6646013
0.583971
-0.4261546
-0.10946703
0.41446924
0.0033020973
0.029119968
-0.06977415
-0.20919418
-0.05887127
0.104870796
-0.24092484
-0.3651557
-0.047486305
-0.06880617
0.112775326
0.12593079
-0.054980278
0.18510675
0.06027317
-0.32583284
0.28801966
1.9769309
2.3782394
0.4252324
0.2916317
0.796432
-0.3357458
0.29575586
0.5366683
-0.47972536
-0.2956543
-0.08139038
0.1429205
0.47714853
0.026684284
-0.11645126
0.12175465
-0.30395508
-0.65708923
-0.59096956
-0.28336716
0.21382809
0.2409339
-0.088801384
0.13036633
-0.013296604
-0.06405115
-0.11861229
0.3863263
1.404371
2.0409336
0.56434107
-0.59577656
-0.5021386
0.12286091
0.78452444
0.5403733
-0.21724653
-0.32419443
0.009346485
0.1217227
0.2078023
0.0014896393
-0.16470337
-0.4403987
-0.3216524
0.37339497
0.60140324
0.06933737
0.24891853
0.058050632
-0.0015940666
0.04550314
0.41730118
-0.13549137
0.32101345
0.2256918
1.1061792
3.164973
1.7515423
-0.6215172
0.17296791
-0.28130722
0.07938862
0.052051544
0.2674389
-0.10740757
-0.034634113
0.14588451
-0.029505253
-0.124660015
-0.07468653
-0.079022884
0.11117077
0.98707294
0.59691334
0.3989792
0.18104124
0.1868124
-0.29632854
-0.08862972
0.44663572
0.5817342
-0.2534356
-0.7379885
0.97055817
2.8269522
1.2674298
0.38564873
-0.40519667
0.11642504
0.037257195
-0.5397229
-0.052549362
0.056798935
0.052152634
-0.24767971
-0.13523436
0.23112965
0.09664917
0.12348652
0.48301744
0.58350706
0.4981265
0.41260576
0.3954172
0.17912102
-0.18406773
0.19653463
-0.041752815
0.49799442
0.051513195
-0.1212244
0.18902159
0.87245464
-0.5972347
-0.077319145
0.6666546
-0.25442123
-0.41165543
-0.07822323
-0.6720729
-0.48277187
-0.19872332
-0.021337986
0.06393814
0.12928295
0.015420437
0.09520435
0.35790348
0.59637976
0.39047956
0.40482616
0.1324873
0.13517427
0.077028275
-0.15613937
0.03771162
0.066352844
0.27456856
-0.43206835
-0.7006879
-1.4517226
-1.2699599
-0.33967972
1.0418139
0.86254454
-0.48630953
-0.35130358
-0.69020796
-0.18838072
-0.029441357
0.58528805
0.44754982
-0.15825272
0.2770114
0.38318634
0.4033804
0.5996728
0.26119852
0.3667283
-0.032548904
0.06654358
-0.044169903
-0.10550356
-0.0786376
-0.20154905
-0.0971632
-0.48123264
-0.7591672
-1.3199835
-0.5199089
0.102740765
1.221262
0.82682514
0.15619326
-0.20533133
-0.44876957
-0.6947427
-0.24532032
0.80194855
0.36962605
-0.098472595
-0.021796703
0.13684034
0.33888006
0.47297955
-0.05221939
-0.005384445
-0.35175753
-0.2612939
0.05272293
-0.10278034
-0.11191511
0.122484684
0.01918888
0.338449
-0.019599438
-0.17796469
-0.82496977
-0.0130028725
1.8366332
-0.43707085
0.5006995
0.26902294
-0.6173935
-0.5431862
-0.20038843
0.88680077
0.92741585
-0.72293377
-0.46721458
-0.26877642
0.0715909
-0.045963764
-0.034166336
-0.16960621
-0.21132088
-0.31573296
0.17503214
-0.25116014
-0.097570896
-0.025495052
-0.1768241
-0.3393464
-1.0934343
0.15536356
-0.7857995
-0.2931881
1.7218509
0.32102442
0.80821514
-0.26840258
-0.27504206
-0.15110397
-0.2996025
0.45544577
0.6999192
-0.3078227
-0.6946435
-0.62463856
-0.24969816
-0.12096405
-0.09834051
-0.28777647
-0.34488153
-0.17349434
-0.13180637
0.039021492
-0.4608407
-0.050707817
-0.0886426
0.05752182
-0.025389671
0.10055876
0.3605218
0.53342247
-0.3650732
0.24430323
0.5775752
0.014006138
-0.4278946
-0.13176966
-0.26294708
0.019602776
-0.016621113
0.18118954
0.12081051
-0.14345407
-0.0779562
-0.1726799
0.015995502
-0.06757355
0.0009970665
-0.078080654
-0.11830759
-0.051400185
0.061330795
0.016385555
0.20495605
0.4529972
0.61012506
0.7988963
0.7562914
0.042734146
-0.93384314
-0.542459
0.19580173
-0.48589802
-1.1427717
-0.043948174
0.03531933
0.17595148
-0.012012005
-0.15810633
0.059595108
0.0790267
0.028199673
-0.0011439323
0.027292252
0.03170061
0.0070753098
-0.02697897
0.13238382
-0.0076174736
-0.027537346
0.07251644
0.010919094
-0.3768282
0.1468482
0.5116577
0.5274625
1.1122217
0.3832898
0.638854
0.21513414
0.25357533
-0.37354755
0.4285736
0.17931032
0.012775421
-0.08436918
-0.0074243546
0.008312225
0.09438372
0.020823002
-0.010630608
0.08470869
0.40732956
0.1995883
0.10940838
-0.049709797
-0.002840519
-0.15461445
-0.2638483
-0.60813713
-1.3340044
0.14037037
-0.7443161
-0.44959736
0.6386833
0.7217674
0.44011497
-0.03012085
0.48520422
0.30293846
0.17842913
-0.10711908
-0.14069891
-0.23630333
-0.06942129
-0.20848703
-0.20982885
0.09640789
0.15406942
-0.09388256
0.2522292
0.014635086
-0.04184103
-0.008170128
-0.047847748
-0.54434824
-0.60345936
-0.16185713
-0.877182
0.14949656
1.4839413
-0.57637215
-0.12482786
0.10414553
0.635694
-0.038528442
0.4759593
0.33098936
-0.0524683
-0.048516273
0.0061001778
0.19781733
0.08238983
-0.03651762
0.08211899
0.2593441
-0.17546368
0.12078953
0.013101578
-0.15881109
-0.08156061
-0.021535873
-0.43956137
-0.648736
-0.9115186
-0.3034501
-0.31370974
-0.15504599
2.7070055
0.03763008
0.074514866
0.049662113
0.60680914
0.58463
0.67516136
0.1020422
0.49731874
0.3918085
0.14746618
0.05227232
0.25232792
0.17399359
0.010746956
0.3499918
0.34306383
0.11050844
-0.015372753
-0.105686665
-0.38885355
-0.11676359
-0.20673943
0.012041569
-0.86634016
-0.42953253
0.0086398125
-1.5138979
0.39669466
-0.29197168
0.16084337
0.20073032
-0.15622807
-0.6539583
-0.3864627
0.31996584
1.1407547
1.528259
1.4793408
1.0453954
0.5108137
0.06790209
0.9115176
0.56543016
0.17159414
0.10709095
0.14737988
0.8110938
0.55177116
0.29096174
-0.29713726
-0.47009325
0.08478308
0.33761883
1.4023423
-0.5681176
0.23881292
-0.14972115
0.1670618
-0.12495184
0.07379055
-0.17165089
-1.0943112
-0.61566496
-1.2270193
0.4083662
0.21677208
0.60636663
0.97540665
0.5605869
-0.60258055
1.1004148
0.99949455
0.8805275
0.9678402
1.5140727
1.2481408
0.78686
-0.0055794716
0.12341452
-0.4111352
-0.5663104
-0.026723862
0.75224876
0.04549408
-0.10752487
-0.38258696
0.0776
0.2724867
-0.21377468
0.731956
1.0138435
0.044358253
-0.24615335
0.1068511
0.5808296
0.7463169
0.7597456
0.40633392
1.0734081
0.7135887
0.53623486
0.6052923
0.35148525
-0.4689145
0.76665545
-0.19077969
0.36046743
0.065047264
0.596807
-0.16456842
0.064303875
0.14870119
0.10376215
