653
654
659
691
660
598
685
817
849
566
240
239
652
207
816
692
686
848
272
565
881
469
271
623
208
434
850
818
238
819
815
629
490
592
437
470
206
754
630
457
534
785
502
533
648
459
622
392
696
755
466
597
440
661
403
505
408
537
882
569
880
977
402
591
458
175
538
784
360
273
655
621
679
473
524
787
786
489
501
391
712
359
209
424
723
404
658
523
241
788
680
570
620
616
468
845
460
820
455
846
304
851
493
487
48
684
506
235
877
407
789
376
913
711
1010
847
176
722
436
844
646
631
439
813
210
550
560
599
783
945
583
617
619
724
581
797
914
328
518
551
237
456
236
678
647
756
522
814
375
269
467
585
204
270
110
142
111
520
305
1011
664
618
205
1009
728
975
344
471
4
313
852
790
425
79
423
878
743
584
488
397
946
194
345
143
582
188
154
327
978
510
326
921
281
350
710
511
733
83
196
230
1018
212
109
690
249
546
702
91
49
153
782
174
843
82
262
186
645
254
875
317
649
959
390
318
859
611
876
571
348
199
294
44
697
29
117
197
601
761
179
798
426
639
479
891
252
928
856
478
517
384
885
358
312
151
900
578
811
701
675
609
992
870
225
673
932
226
514
674
43
632
729
663
263
669
971
577
131
27
541
896
76
576
579
922
130
155
77
991
899
927
962
919
901
73
152
481
637
831
124
872
671
171
803
918
99
699
766
261
961
227
925
635
170
167
52
765
253
192
994
742
902
480
291
198
829
224
698
665
888
1002
264
59
195
218
2
960
838
200
642
567
802
255
10
94
181
822
739
986
11
651
641
182
180
907
957
85
54
93
830
323
114
826
774
1019
513
545
243
86
1023
482
3
990
251
837
842
707
953
940
825
780
737
941
677
867
234
128
939
193
934
286
1016
608
615
447
757
485
951
909
169
215
287
74
84
120
50
744
893
164
672
412
7
840
148
835
87
908
61
841
544
242
734
314
90
828
794
25
864
972
472
985
1020
163
41
706
670
771
839
1006
886
92
0
1015
575
354
871
904
322
949
121
202
21
284
700
72
104
377
773
9
119
162
232
933
793
159
1003
836
203
760
55
413
66
214
732
81
955
610
894
995
834
229
319
296
122
449
801
926
869
213
47
386
614
65
963
644
95
28
150
643
183
580
149
931
895
740
983
703
770
767
75
187
303
929
141
353
223
201
989
380
775
316
257
862
804
930
98
857
32
735
1007
832
958
539
139
508
988
60
100
861
547
45
486
158
984
573
417
970
640
1022
106
108
855
89
969
416
16
976
113
233
288
676
285
808
736
638
993
892
987
30
290
295
948
125
444
256
600
53
938
887
250
812
177
282
966
132
387
219
133
382
118
809
258
116
147
806
799
42
325
965
868
543
704
101
293
738
605
512
211
874
858
772
228
964
157
667
297
410
123
898
897
915
231
762
924
935
185
103
604
438
433
656
383
552
105
668
776
97
865
168
414
20
906
542
178
796
1021
355
5
792
126
937
315
920
860
51
451
800
923
833
15
371
370
