40
39
41
45
614
47
44
561
533
724
309
79
46
48
63
224
64
503
88
444
416
49
647
92
50
669
91
332
304
87
284
248
150
415
59
90
394
276
35
668
38
675
719
445
303
641
696
321
387
722
78
565
306
139
642
123
60
106
294
93
95
369
572
443
240
331
386
51
472
666
752
420
62
650
37
778
121
151
36
94
153
165
247
89
359
167
573
397
585
723
135
473
66
105
384
694
544
34
137
674
721
339
769
398
500
750
611
371
716
368
58
148
627
43
367
330
107
388
501
149
570
610
688
569
667
97
764
334
425
360
471
527
619
267
13
583
220
12
773
315
481
600
77
110
441
740
568
577
717
266
293
216
268
526
67
498
251
643
257
168
33
154
312
348
718
529
731
180
108
392
703
215
639
6
402
499
152
275
598
514
453
358
571
597
85
263
181
483
96
582
704
591
699
285
370
208
576
411
554
342
528
690
504
780
592
628
512
540
543
753
556
32
689
612
159
124
256
140
193
414
283
187
593
61
230
747
245
599
720
56
201
455
11
615
204
763
395
207
54
375
176
349
659
232
264
640
761
340
344
333
74
190
1
686
776
126
116
298
412
337
241
7
221
649
466
633
677
581
229
31
661
314
700
302
430
166
0
613
452
644
270
4
638
365
336
727
513
286
542
18
729
5
174
756
282
695
2
255
84
755
660
196
111
771
53
175
178
203
317
564
134
15
562
141
25
714
423
515
202
14
308
634
748
258
206
424
770
227
80
485
366
310
607
664
205
16
751
269
326
476
759
22
419
233
475
673
733
662
749
26
55
296
486
261
403
297
29
338
83
24
172
732
734
198
692
702
774
584
609
228
725
636
200
170
458
663
502
437
446
81
447
448
361
474
396
518
705
693
391
665
171
132
697
637
417
226
144
736
199
389
530
254
418
478
531
558
