514
251
728
990
697
77
637
348
896
939
582
254
143
961
793
130
518
180
169
813
840
541
170
1018
919
760
545
124
645
312
841
904
479
234
295
517
674
317
151
893
43
794
707
673
902
744
551
642
888
2
210
467
803
213
1003
701
224
237
54
488
236
480
584
166
76
52
252
700
869
571
909
732
994
219
86
677
675
100
59
0
1006
858
225
227
291
663
174
438
11
47
601
296
894
231
183
314
972
323
567
829
25
397
670
918
447
513
591
804
883
884
354
226
575
806
986
195
1019
651
970
664
87
41
377
811
121
214
579
891
99
809
50
253
874
15
131
318
802
908
482
32
303
740
773
192
857
66
521
734
16
1007
485
412
229
3
775
983
951
641
1016
895
211
639
128
632
185
244
814
989
672
322
9
10
933
976
985
737
472
217
835
350
125
61
353
887
423
706
55
205
580
122
614
149
80
21
957
119
770
325
28
767
60
30
90
757
8
148
926
164
168
855
771
544
552
163
739
873
539
7
286
159
828
97
449
547
53
938
958
776
508
649
600
33
703
416
920
486
608
74
382
671
89
177
643
916
92
302
94
493
988
64
319
604
178
931
114
780
141
610
413
801
949
5
955
792
808
256
20
864
615
454
223
417
834
915
173
861
1020
922
287
934
106
867
1022
879
165
386
17
515
193
293
627
257
109
258
316
72
853
605
782
117
923
85
65
573
640
930
953
549
146
836
14
668
644
396
45
380
242
665
95
371
150
228
1012
288
519
735
132
917
969
963
987
762
12
868
973
474
136
1008
221
892
133
415
255
964
1015
46
995
948
812
297
548
123
162
676
315
36
81
414
35
105
42
266
979
613
113
243
1017
40
51
512
320
862
1021
410
158
736
906
283
98
832
984
290
1
1000
387
805
245
422
248
799
19
75
606
777
484
120
383
586
796
147
156
572
968
833
145
704
574
421
31
738
104
398
285
860
791
451
349
912
763
929
84
516
265
542
954
667
216
889
126
937
638
745
37
103
993
62
821
854
34
974
157
116
108
442
189
823
409
135
366
191
284
445
78
292
139
118
101
943
444
890
365
222
184
355
63
903
352
172
758
393
127
713
965
772
950
560
56
138
96
71
381
22
898
824
795
57
190
38
70
731
764
129
6
866
628
634
280
865
39
112
897
268
289
769
441
18
602
708
427
26
388
633
88
450
966
741
626
389
905
924
379
246
666
980
810
695
220
343
681
140
612
997
452
636
705
356
274
709
277
419
378
999
910
321
1013
827
13
483
1004
982
936
543
607
24
944
947
134
346
23
1001
370
446
137
160
260
259
536
67
385
311
863
418
102
996
935
448
351
779
68
161
807
727
276
144
58
347
603
1005
300
768
540
107
453
443
115
662
267
693
420
324
998
952
357
507
730
433
278
956
428
981
800
781
759
329
475
69
465
656
568
942
967
504
310
361
247
1014
753
411
299
395
279
301
526
364
553
650
394
372
747
751
687
476
778
535
559
399
726
298
525
401
725
911
748
477
714
362
746
682
503
717
498
306
749
718
406
750
309
405
715
431
509
330
625
554
587
527
461
683
275
363
716
494
338
657
429
594
333
367
497
530
331
334
555
562
335
588
430
369
400
752
561
373
593
529
590
332
719
432
528
342
694
337
339
308
307
340
463
374
336
688
368
500
721
689
564
495
558
556
596
341
589
720
499
464
462
557
532
595
496
563
531
