676
472
310
311
709
282
707
708
646
647
144
618
713
706
145
535
116
712
479
534
746
478
283
710
711
591
452
564
292
118
566
96
62
744
228
526
678
94
95
99
507
97
90
124
619
506
284
120
98
300
443
122
200
537
117
480
682
66
92
450
742
91
128
536
679
142
719
580
68
93
738
126
246
255
499
649
648
114
64
714
354
590
460
716
717
302
88
104
89
254
298
184
563
748
677
267
103
715
256
498
651
143
102
105
481
568
76
650
125
101
663
67
296
272
718
451
508
662
319
747
130
674
242
268
772
60
704
123
170
471
567
620
63
244
372
265
635
509
259
453
273
622
100
294
374
653
121
269
654
129
240
734
636
234
196
171
444
594
155
553
318
119
554
774
689
405
434
197
186
156
69
628
301
740
61
404
745
400
299
675
776
257
681
445
473
65
127
394
379
115
565
146
623
212
270
131
421
227
70
435
258
199
326
271
638
243
328
324
373
297
743
371
264
552
226
749
157
208
652
345
71
741
607
416
295
303
347
188
739
261
420
433
773
769
470
671
527
766
77
293
198
330
660
768
375
680
325
327
730
236
575
683
462
576
595
621
493
525
286
777
406
320
770
172
626
214
158
643
655
231
437
432
735
760
761
458
376
670
229
382
205
422
355
353
291
438
159
601
367
82
27
602
348
492
627
762
629
688
625
366
241
51
395
616
581
211
409
5
168
569
440
510
417
339
401
29
237
141
731
331
592
185
732
213
775
497
239
408
173
274
189
736
183
149
28
338
555
630
329
1
694
546
233
751
251
415
449
574
661
656
235
245
733
322
260
637
524
73
215
10
407
169
541
596
423
344
19
461
758
439
411
519
113
53
203
759
323
206
0
55
634
59
50
496
642
659
41
617
783
658
410
771
25
631
18
639
187
201
204
381
763
469
737
312
465
545
352
393
147
767
351
349
436
600
538
701
45
383
448
511
673
583
153
15
687
589
167
190
657
83
377
340
365
23
779
611
52
463
722
477
476
604
540
693
782
378
610
750
705
140
33
721
573
202
54
26
161
285
755
287
644
175
579
413
75
645
37
160
778
399
38
154
139
753
380
230
664
764
403
561
148
702
11
402
624
695
309
152
195
539
582
7
110
13
36
179
337
482
577
9
57
307
44
603
133
72
633
466
727
597
87
49
570
109
765
40
335
216
723
699
346
513
414
207
754
752
56
134
39
391
181
279
703
605
588
48
483
586
419
726
132
225
151
47
21
500
81
364
253
665
356
700
111
46
3
32
4
587
757
112
17
756
31
43
531
447
252
780
614
84
30
35
86
455
781
308
14
361
446
85
615
20
488
424
42
533
357
559
475
425
418
532
12
672
503
389
457
558
489
502
530
456
474
427
359
360
358
