714
727
298
759
880
373
883
625
331
747
688
364
363
1012
361
307
275
944
588
534
503
329
683
778
309
393
332
913
942
682
427
428
748
608
597
310
554
587
627
662
340
716
846
695
535
758
279
721
144
299
409
650
461
952
565
242
477
715
779
445
278
745
267
177
612
800
13
405
580
956
633
448
501
1015
974
996
406
441
725
713
161
860
112
107
681
897
602
998
865
475
420
516
776
507
247
260
351
807
465
791
863
717
58
548
1000
979
821
145
160
422
432
509
693
889
836
426
967
866
603
39
37
749
191
709
129
16
574
851
575
397
868
741
751
832
289
24
17
140
750
549
172
357
1021
775
57
31
346
139
157
573
98
388
321
980
84
993
607
671
768
905
540
997
228
999
777
134
319
333
581
276
705
63
827
444
56
102
453
343
18
808
943
38
315
1020
703
120
973
80
614
640
189
22
34
576
67
1022
68
411
295
190
734
385
634
283
890
277
356
377
833
324
811
476
605
221
311
42
69
220
123
12
23
764
135
936
70
65
66
339
820
572
347
1008
442
867
337
268
966
246
178
236
81
474
582
924
767
665
389
1001
502
735
929
193
543
539
934
71
243
88
195
103
892
46
613
744
769
173
579
229
14
258
126
293
418
115
443
704
824
752
708
615
454
730
965
989
74
118
995
138
953
306
334
6
452
105
96
119
864
884
378
300
314
95
736
380
792
266
274
292
89
446
316
542
75
738
33
216
241
796
141
483
643
137
336
504
425
553
517
158
706
799
280
259
413
156
184
1011
165
417
805
150
898
48
286
419
62
610
862
666
352
32
814
935
40
923
731
209
861
421
760
878
45
108
64
219
850
964
127
512
954
383
947
545
930
250
410
7
78
162
968
955
79
301
320
387
85
636
55
284
174
641
147
795
176
757
251
20
350
544
828
114
914
335
664
237
217
253
125
937
478
203
1016
106
287
484
963
920
9
888
547
90
857
53
302
931
567
639
94
762
578
984
859
248
649
894
601
988
812
222
718
853
117
353
72
577
15
638
257
170
673
227
515
163
261
969
51
810
948
676
133
1017
737
712
571
116
285
132
113
164
245
325
21
604
447
739
909
297
101
728
386
231
790
700
938
159
990
560
282
104
823
205
672
49
50
450
922
76
8
1
290
679
99
412
368
288
609
874
375
349
185
919
379
606
416
223
36
472
136
87
789
109
508
854
41
338
945
122
982
26
829
25
903
987
197
668
781
541
891
670
255
926
802
111
798
296
151
831
187
915
801
318
806
772
647
994
519
486
925
837
415
5
211
707
895
408
372
1023
10
957
1019
882
536
763
256
451
92
773
390
902
226
155
858
54
30
893
382
97
600
252
130
771
804
667
887
651
355
661
701
423
143
876
11
35
482
60
262
354
644
780
449
192
196
91
317
794
479
702
110
328
381
198
674
663
124
142
525
19
414
675
183
959
991
629
844
611
131
834
793
835
168
958
194
59
985
204
2
970
291
44
224
210
188
225
365
83
213
869
52
149
175
43
360
900
146
93
73
153
896
822
933
254
632
28
214
568
642
962
584
121
871
961
86
550
182
244
485
855
0
697
3
875
47
848
766
830
234
732
992
513
294
906
841
803
521
218
61
899
202
206
1018
348
384
128
166
100
921
986
646
774
440
901
960
546
148
904
235
645
270
932
171
699
263
637
819
740
208
480
983
232
77
677
481
169
570
657
669
698
181
765
506
152
471
809
322
154
583
407
358
566
392
839
981
186
391
870
265
770
326
180
742
82
856
215
680
514
312
27
552
951
840
916
843
167
538
518
783
838
635
29
455
845
201
233
520
618
842
813
511
269
852
696
733
622
586
617
949
438
927
872
825
327
678
323
473
303
877
826
950
510
230
761
729
873
200
1003
199
551
522
928
376
1009
179
782
359
908
978
212
585
249
788
439
684
818
344
264
687
207
710
917
424
939
470
630
4
756
537
797
591
849
398
345
313
488
273
599
724
784
787
1006
487
238
631
918
786
907
815
743
569
976
281
946
648
977
1002
886
711
505
616
367
305
753
972
239
371
304
885
369
456
881
817
240
489
785
1007
941
975
621
816
940
493
399
457
458
755
1010
658
598
366
271
524
692
754
400
370
272
433
523
437
619
971
404
592
690
620
722
460
466
401
490
469
468
459
656
723
660
467
623
652
403
624
436
685
686
492
402
434
691
659
655
654
491
653
435
