0.030247688
0.07976198
-0.20218563
-0.14768887
-0.051908016
0.025875568
0.30315018
0.12548447
-0.10894585
0.1816063
-0.029173851
0.30161905
-0.8595629
-0.32437086
0.3053074
0.41409683
-0.14651203
0.020944118
0.3153615
-0.0135855675
-0.0846262
-0.12026787
0.17826128
0.11162233
-0.08932638
0.04948473
-0.076199055
-0.11242437
-0.15128946
-0.10656166
-0.17637539
0.12881327
0.11361456
-0.040573597
-0.55791855
-0.44042397
-0.6611376
-0.539505
-0.46064377
0.63119507
0.57111835
0.051727295
-1.1171923
-0.8388119
0.17834282
-0.2112484
-0.8037987
-0.04699087
-0.24377537
-0.45002556
-0.45105362
-0.20740747
-0.1662898
0.024102688
0.10451269
-0.07053375
0.045130253
-0.071437836
0.012192249
0.79104805
0.048821926
0.126585
0.007437706
-0.38572836
-0.5859823
-1.0510216
-0.7754879
-1.5742664
-1.1395845
-1.9382668
-1.7598953
-2.7973413
-1.7619629
-1.1861181
-1.4640627
-1.5881166
-1.3918772
-0.36847258
-0.8705301
-0.68201447
-0.039034843
-0.20977545
-0.29510164
0.06802988
0.023537636
0.099246025
-0.9151039
-0.08141565
-0.7226534
-0.23150492
-0.92862034
-0.7699871
-0.92182446
-1.1728001
-1.0425973
-0.3563366
-1.6019917
-1.1108675
-0.53315353
-0.29695272
-0.31927395
0.07243347
0.28328514
0.45371723
-0.5650492
0.3228073
0.63984346
0.18046474
-0.32725668
-0.18332386
-0.17673111
0.17163467
0.026406765
-0.3627596
-1.6146345
-0.7224684
0.060083866
-1.327712
-0.92382336
-0.27587223
-0.54256535
-0.057129383
0.15090036
0.2438736
0.08793926
-0.4442501
-0.31116056
-0.34559345
-0.26578617
0.2526617
0.04374075
-0.093008995
0.24869776
-0.1902976
0.30239868
0.660419
0.37236166
0.6596303
-0.8985758
-0.15856123
0.19277716
-0.22248316
-1.7821646
-1.5899744
-0.7792139
-1.4486275
-0.5121975
-0.32305813
0.53338623
0.059132576
-0.24640417
-0.3542695
0.08546114
-0.003047943
-0.15861797
-0.44617176
-0.22595882
0.2949052
-0.15647602
-0.13297701
0.019824982
-0.4707346
-0.6340513
-0.18972015
-0.1437664
1.2525115
-0.558671
-0.19781065
0.26021624
-0.65565205
-0.10229492
-0.4635105
0.16165733
-0.022985935
0.10791063
0.3879285
0.2346425
0.06184435
0.08286953
0.07970524
-0.0560627
0.018205643
-0.1614027
0.06472826
-0.041831493
0.007850647
-0.21872377
-0.16039276
-0.046901226
0.0056767464
-0.19199944
0.23236084
-0.24904442
-0.35246706
-0.51148987
-0.56139946
0.30852795
1.294694
0.7665372
-0.7085495
-0.23595905
0.01877594
0.22558212
0.09913874
0.2558117
0.28245926
-0.013083935
-0.1790762
-0.075035095
-0.2581873
-0.044907093
0.18712091
-0.051831722
0.09226322
-0.14804792
-0.221313
-0.44673824
-0.22423887
0.14953804
-0.20309305
0.6256137
0.23747158
-0.7499938
-0.86403704
0.15688324
-0.59220505
0.35563993
-0.48391724
-0.8311901
-0.28241444
-0.033098698
-0.085199356
0.38914156
0.32503176
-0.02065754
-0.009744644
-0.035052776
0.09272385
-0.01488781
0.038753033
0.07656479
-0.06431055
-0.025970459
-0.13633108
-0.05448866
0.15398169
-0.5039911
0.09721327
0.11794615
-0.21464157
-1.17908
-1.2947617
0.033934593
-0.5330305
-0.20708084
-0.7827077
-0.7883711
0.7153044
0.23769379
-0.35498667
-0.27653694
0.09057951
0.26155853
-0.18572187
-0.31892395
-0.39051056
0.0046811104
-0.30351543
-0.13527393
0.0020308495
0.3089428
0.3512497
0.31454992
-0.06837082
-0.14201355
-0.09907007
-0.510561
-1.5350075
-1.3402109
-0.59404755
-0.025156975
-0.72797775
0.122657776
-0.21074057
-0.07392454
0.5542574
0.24049091
0.35315466
0.3031392
0.31306553
0.24464607
0.12405348
-0.45742702
0.12470865
0.28188133
0.12561369
-0.19672775
0.28024387
0.48848248
0.48939753
0.7992139
0.32634497
0.2904563
0.19109535
-0.4094963
-1.3696747
-1.51859
-0.2632289
0.046274185
0.32436752
-0.44583035
-0.102850914
0.037890434
0.3161583
0.5339918
0.29875755
0.5362005
0.47564363
0.32955265
0.07536411
0.044954777
0.1925292
0.38477373
0.27512884
0.05895424
0.0731554
0.1945219
0.4574027
0.5116782
0.9712982
0.78154325
0.012998581
-0.24765015
-1.1437645
-1.6740751
-1.3753767
0.084141254
0.10067463
0.37893057
0.33276796
0.31950045
0.44343567
0.11889362
0.10935402
0.2222991
0.21410465
0.21083975
0.2290597
0.016136646
-0.12029266
0.63162136
0.049331665
0.0141916275
0.3100338
0.21502209
0.67340326
0.67664766
0.8995919
1.102603
0.8275304
0.7135234
-0.71732235
-0.9333124
-1.0848436
-0.919652
0.45436525
-0.03294754
0.22007847
1.0479894
0.59967804
0.15967655
0.0015497208
-0.14516258
0.05775118
0.404253
0.81931734
0.18307447
0.08249426
0.4477086
-0.10584259
-0.01042366
-0.13026667
0.41503763
0.76540756
-0.015485764
0.30823708
0.74659824
1.1307192
0.7111802
-0.09526396
-0.013365269
0.5119972
-0.41815376
-0.25324106
0.073131084
0.56485224
0.26020956
0.65041256
0.72036076
0.47971916
0.24841642
0.4348359
0.86339045
0.5661702
0.2706833
0.056955814
0.39899445
0.19641733
0.22942877
0.24282598
0.4654007
0.5162258
0.4008355
0.11010647
0.57387495
0.4433427
0.7295866
0.82376385
0.67194796
1.3229594
-0.27719545
-0.81288624
-1.1596661
0.83823586
0.73763657
0.65988827
0.09270477
0.36856365
0.6088996
0.6472316
0.48303175
-0.12931252
-0.095142365
0.06755543
0.45970488
0.0002603531
0.07007122
0.030304909
0.6019349
0.57990646
0.19706392
0.28254128
0.35436058
0.33446407
0.44154215
1.0757236
0.6414242
0.24801254
0.16941452
-0.8660002
-1.2898684
0.044020653
0.5694084
0.4185176
0.6914296
1.0287566
0.8330822
0.32891035
-0.018196583
0.18012476
-0.017694473
-0.1611166
0.43987703
-0.39324093
-0.46854496
-0.5187721
0.4790573
0.19115686
0.28178978
0.37466526
0.37612104
0.5934086
0.02892971
0.6493788
-0.018939495
0.45196962
-0.080163
-1.4761457
0.26429605
-0.36985588
0.23772001
0.86033535
0.84755373
0.86251307
0.7952156
0.89854145
0.5724225
0.52860355
0.26997232
-0.055208683
0.12886858
-0.25403357
-0.65345
-0.74967384
0.055883884
0.056318283
0.47999525
0.20771313
0.24480581
0.1893301
0.89463615
0.94348574
-0.03917265
0.8061118
-0.014595032
-1.3925018
0.06962395
-0.5733423
0.29760647
0.82568264
0.60045576
0.5269699
0.6230054
0.27939224
0.53645134
0.58653164
0.5689368
0.030344486
0.006825924
-0.12595129
-0.3098526
-0.53460884
-0.10684395
0.14364624
0.14714861
-0.0003581047
0.28867912
0.5355215
0.53807354
-0.6499567
-0.43819904
-1.2677813
-0.63804054
0.7609887
0.24191189
-0.15021658
0.13187838
1.0558348
0.22124147
-0.04220867
0.0023112297
-0.16854668
-0.059082508
-0.10559511
0.0056939125
-0.26738834
0.011852264
0.0471344
-0.04855299
-0.09248781
-0.044027805
0.24316216
0.0052084923
0.2860818
0.15982294
0.10124397
-0.33262825
-1.4203253
-1.1814575
-1.5269852
0.01434803
1.1725101
0.85202694
-0.1916542
0.6294384
0.99901056
-0.22691011
-0.24107504
-0.5435419
-0.4974966
-0.47332573
-0.30929232
-0.5162096
-0.24081564
-0.3596449
0.055288315
0.3202405
0.3306985
0.4515462
0.034211636
-0.4048519
-0.18148232
-0.5908356
-0.23429203
-0.11371994
-1.0025997
-1.0108767
-0.61816216
-1.2033253
-0.28682947
-1.0361834
-0.78006554
-0.3511076
-0.13345814
-0.6684227
-0.38904333
-0.18192911
-0.07156849
-0.24382639
-0.18859959
-0.044645786
-0.047329426
-0.5073185
-0.007540703
0.05610752
0.34295225
0.4157257
0.37895393
-0.68837833
-0.72848606
-0.54072475
-0.31618166
0.03939104
-1.2156897
1.1321993
0.2509818
-0.8593731
-0.79541206
-0.590971
-0.34033918
-0.6050348
-1.2027149
-0.5001688
-0.21336126
-0.15761232
-0.1554594
0.089767456
0.31223392
0.53405285
0.28598833
-0.050142765
-0.36543798
0.25302935
0.6566267
0.5932398
-0.062196255
-0.77268887
-0.44900894
-0.28203678
-0.30712938
-0.033272743
-0.42785835
-1.9050894
0.5158105
0.09910059
-0.18542385
-0.78650475
0.39735126
-0.44409752
-0.82315445
-0.33396912
-0.06611776
0.035517693
-0.30504465
-0.28057528
-0.039333344
-0.2126379
0.04224205
0.18001556
-0.19780445
-0.05588293
0.32206774
0.41487074
-0.42368698
-0.20652866
-0.23503017
0.18870306
-0.21931171
0.22286177
-0.26354074
-2.4594712
-0.1322999
0.060662746
-0.08619642
-0.3835063
-0.88707256
0.437716
0.1058259
-0.51654434
-0.14358044
0.13201141
-0.26902914
-0.037198544
-0.078137875
-0.17168093
-0.06923437
-0.055066586
-0.18308496
0.42628956
-0.14071512
-0.15533686
-0.20081139
-0.0939455
-0.4222498
0.43181467
-0.33510828
-0.50918007
0.49794197
-0.5358095
0.18429136
-0.0054097176
-0.22493029
-0.33022308
-0.26554298
-0.21610165
-0.08890581
-0.28973913
-0.6626291
-0.7045517
-0.63532734
0.050221443
-0.026033878
-0.41025162
0.090457916
0.11397362
0.09333038
0.19645405
0.046555042
-0.048383236
-0.43906784
-0.13105059
-0.1265254
-0.64858055
-0.94942856
-1.2316847
0.18910742
-0.038701534
0.110532284
0.0140480995
-0.006031513
-0.1392684
0.04080057
0.49417543
0.22729588
0.861115
-0.032549858
-0.14660168
-0.22972059
-0.1596632
-0.5970926
-0.14920616
-0.39811516
0.074840546
-0.75096226
-0.3938713
-0.3859682
-0.3287511
-0.7021446
-0.17912483
-0.38536596
0.055838108
0.42668247
0.24433899
-0.48273087
0.030630112
-0.020296097
0.23400259
-0.20954323
-0.22374344
0.13083458
-0.40697384
-0.6903448
-0.14829016
0.054214
-0.40556145
-0.76719856
-0.8208604
-0.7504926
-0.4830799
-1.161705
-0.30178738
-0.13527346
-0.14061165
-0.2981329
0.81102085
-0.02660656
0.59734297
-0.19179344
0.23407698
-0.14065838
0.064451694
0.010581017
-0.14161682
-0.14605951
