590
474
197
670
362
446
171
477
618
96
283
449
696
390
646
676
114
418
705
505
306
647
311
143
115
675
708
169
557
531
44
472
589
89
334
450
221
335
563
305
137
363
421
648
706
447
81
535
591
80
256
566
707
92
678
361
95
529
712
118
558
702
744
43
282
117
109
251
391
333
170
710
724
668
138
130
144
693
556
222
471
726
564
91
709
145
165
507
669
74
350
72
451
199
745
475
502
779
279
249
583
94
506
444
741
123
388
193
704
713
651
228
748
559
86
255
698
307
174
610
127
733
747
389
743
125
425
268
682
254
124
443
614
113
528
98
525
619
746
316
162
119
767
90
142
650
749
567
653
679
717
711
99
288
719
718
738
201
274
126
611
470
377
176
97
681
310
202
642
448
108
194
424
243
753
580
565
100
452
697
766
372
592
714
393
186
120
478
742
323
344
441
639
654
378
216
396
42
346
267
173
93
76
503
728
683
16
192
56
128
223
104
272
122
430
677
636
617
536
684
652
499
667
673
348
581
582
172
246
594
674
538
680
649
509
716
663
300
230
296
440
14
302
777
147
177
604
469
437
715
720
459
551
239
198
498
345
71
479
537
158
671
237
299
765
415
554
497
404
442
367
553
1
236
399
571
520
156
778
322
588
595
630
782
373
25
200
205
376
739
758
730
685
163
339
188
150
284
510
278
315
244
82
55
406
295
257
700
148
131
573
238
757
737
160
226
30
623
641
463
121
301
552
598
768
141
232
287
634
701
411
185
429
22
4
371
73
277
754
31
260
353
349
540
626
408
149
84
629
596
134
328
343
289
26
549
383
231
210
628
638
783
258
740
624
695
416
235
206
414
321
409
203
526
312
204
355
154
382
190
266
209
402
405
568
159
760
214
431
189
577
599
494
24
102
597
541
380
752
635
605
211
731
407
233
458
631
501
493
465
180
327
735
600
325
275
352
576
433
85
686
672
271
381
29
151
480
770
606
240
428
508
656
524
225
413
625
645
468
521
579
426
601
15
155
462
550
759
661
18
555
0
7
208
570
412
250
303
65
54
539
229
660
338
457
560
781
286
8
140
101
401
527
324
687
6
217
52
632
136
603
519
620
562
259
207
403
374
438
11
436
146
419
168
729
5
584
658
616
213
17
351
330
622
385
53
10
384
227
734
621
771
182
83
491
612
