465
433
622
464
653
401
654
402
685
652
686
687
718
463
497
369
432
651
466
684
371
590
719
717
370
720
623
468
683
403
688
434
467
469
657
621
470
436
619
655
689
430
751
972
404
471
425
400
431
339
498
503
435
372
620
591
368
690
656
650
499
212
658
659
307
750
502
340
437
795
941
716
438
336
940
39
40
256
794
825
8
424
726
267
338
755
885
971
335
173
749
192
204
334
337
405
618
721
172
496
439
624
392
462
378
393
131
886
660
752
7
722
323
937
264
715
856
763
457
776
762
205
302
161
725
213
229
313
756
6
485
199
1007
160
295
261
1008
908
13
238
968
269
11
301
415
682
383
852
857
748
387
72
327
723
983
691
289
542
211
969
178
43
973
360
33
933
290
268
306
137
500
21
293
346
101
184
12
10
288
224
694
109
71
225
587
887
20
853
964
111
345
203
775
917
197
666
237
308
982
38
731
517
1002
381
909
456
41
808
163
128
667
446
263
515
198
932
349
912
382
139
855
930
602
233
292
950
324
984
84
262
219
226
541
294
931
76
698
625
236
899
99
274
516
167
445
320
186
914
550
418
305
824
934
796
936
757
135
730
774
827
130
724
883
928
164
419
281
365
230
291
884
831
123
19
282
83
14
351
53
117
787
670
700
478
23
764
110
79
806
484
181
206
823
373
511
328
649
32
703
391
162
900
24
185
801
196
782
47
838
753
124
348
773
858
218
16
187
140
988
52
510
341
975
676
919
673
833
832
535
414
952
171
904
366
799
915
949
121
579
481
956
791
122
174
451
929
350
807
989
420
193
45
905
275
77
18
965
1015
159
421
543
243
472
671
872
641
314
702
112
549
864
214
51
800
410
154
865
475
59
188
250
866
252
959
450
710
251
4
704
126
444
216
70
367
583
129
859
699
9
939
479
547
63
25
769
991
826
27
377
980
902
223
413
545
642
26
891
672
28
643
127
544
797
220
60
828
31
736
168
249
926
990
483
440
918
927
634
768
255
125
513
911
890
916
244
733
158
640
253
639
860
901
951
190
580
829
452
734
30
924
58
935
94
783
822
512
942
514
180
447
102
898
709
155
958
386
576
957
133
156
175
638
153
509
61
449
222
62
1011
546
1
922
254
317
44
754
507
777
480
548
142
326
803
100
1004
840
482
22
981
1016
91
896
227
923
907
925
870
37
64
892
995
869
319
242
830
921
108
708
871
96
95
705
805
889
195
46
182
257
380
897
606
232
1021
607
894
577
1022
732
283
1023
148
873
867
217
152
166
765
861
888
151
645
157
893
635
191
57
93
920
92
5
737
741
406
194
839
29
1012
231
35
169
85
504
608
675
221
772
189
854
611
36
143
578
477
539
770
967
138
423
609
868
738
706
668
150
115
120
78
835
228
426
69
747
876
54
448
265
90
1005
67
714
287
34
903
836
882
767
707
771
906
359
862
141
89
417
742
766
837
17
963
355
804
637
948
895
303
333
970
612
88
834
286
165
966
711
56
80
947
644
954
416
674
82
571
248
42
297
809
613
454
802
453
798
145
235
610
863
648
740
1001
296
50
1013
285
739
113
361
575
107
15
48
487
735
955
743
353
962
411
1020
442
605
2
299
177
116
570
325
600
443
669
961
603
551
0
276
913
574
55
270
149
841
49
316
179
245
1014
147
476
697
538
943
398
215
636
647
318
628
501
677
183
388
615
170
87
678
304
144
65
701
259
284
234
851
874
938
573
352
379
136
781
86
260
68
601
979
385
146
73
581
985
132
407
586
987
119
298
273
519
358
1017
508
729
315
784
518
953
266
786
506
409
785
626
1003
994
271
66
996
760
399
629
745
397
75
976
118
280
207
960
176
758
247
114
202
632
681
354
627
321
412
134
356
780
778
582
604
312
793
3
572
474
103
241
300
810
665
536
1018
455
81
258
790
389
384
680
821
779
646
792
201
104
210
505
246
692
239
344
408
881
97
589
974
105
588
390
986
357
944
820
744
74
727
759
98
1010
910
1019
993
850
486
695
1000
540
761
616
880
633
617
788
322
329
663
877
679
422
693
309
567
875
272
200
746
279
473
811
568
330
712
488
106
978
441
374
946
614
277
1006
713
945
209
599
842
812
489
537
813
997
394
534
1009
999
558
347
844
332
584
376
992
998
814
845
664
569
208
375
815
631
592
531
819
342
552
818
662
843
789
429
278
977
661
520
879
364
846
240
728
331
554
878
458
817
530
311
816
310
696
521
555
343
630
585
396
849
557
553
362
529
532
848
598
490
597
847
556
566
427
593
522
533
495
564
596
363
395
428
459
565
594
595
563
561
461
523
559
528
560
562
524
525
494
491
460
526
493
492
527
