418
446
697
474
475
447
391
529
501
531
65
419
473
80
503
590
696
67
226
198
614
611
558
68
557
702
171
360
612
79
66
618
389
139
584
734
417
170
44
591
388
583
646
228
559
64
81
528
282
564
451
14
733
142
445
118
695
565
478
610
91
425
586
59
726
323
93
619
732
667
200
566
668
621
698
563
554
390
527
351
640
257
199
167
693
89
607
283
666
567
637
15
254
330
361
539
143
530
95
651
379
454
485
662
457
472
740
387
115
665
664
555
502
508
239
329
589
97
623
76
458
256
77
358
51
121
748
399
452
144
471
694
638
195
60
484
286
225
556
511
96
7
453
359
31
509
444
22
267
663
483
224
636
328
87
238
324
582
650
450
355
720
352
759
634
448
124
350
669
486
751
18
465
689
561
756
211
407
98
522
151
647
209
406
479
180
568
56
120
520
185
537
308
481
262
210
25
378
92
629
242
752
605
581
632
125
705
466
205
0
94
336
5
671
33
99
736
189
428
162
526
29
85
730
434
30
53
83
606
86
58
202
213
380
604
122
498
727
148
673
169
179
469
1
757
513
470
562
654
541
609
608
132
622
521
126
187
232
357
270
111
553
159
303
11
165
204
455
8
327
206
633
129
525
325
459
100
648
261
74
728
255
84
639
128
404
603
658
55
523
141
26
500
519
441
655
161
577
10
114
269
580
596
233
599
405
699
160
353
430
482
462
218
196
259
644
415
755
2
731
507
410
298
214
208
595
593
574
16
439
464
518
783
234
365
628
377
119
127
183
432
177
237
540
152
435
285
514
630
215
652
6
240
19
61
47
429
725
552
123
546
69
271
635
203
524
515
426
489
490
656
340
491
266
408
155
560
175
154
176
494
657
678
186
729
265
602
4
17
763
403
433
243
236
749
467
547
296
314
216
782
684
150
495
264
295
174
496
437
600
440
212
653
109
153
28
615
700
463
476
168
704
272
302
413
235
649
134
20
188
660
356
299
456
301
492
184
512
149
48
780
643
201
300
510
631
190
229
32
45
35
309
423
427
172
275
398
349
493
397
374
400
36
416
386
373
63
414
50
348
401
49
375
39
46
443
40
