530
466
498
562
529
561
363
626
434
395
399
362
396
594
364
497
465
367
394
593
658
467
659
433
365
366
331
435
400
398
428
427
373
397
332
432
661
333
625
330
405
528
406
560
819
403
850
372
660
437
436
341
851
468
716
340
847
329
374
693
342
714
431
499
334
404
531
746
300
820
301
80
315
402
361
1005
16
781
299
715
49
818
749
1006
684
368
662
17
500
1004
469
694
879
814
865
748
335
48
974
504
347
846
816
536
713
882
232
302
849
845
878
704
768
429
309
81
307
848
501
283
346
808
737
706
426
807
977
298
472
473
782
31
874
248
726
813
910
640
709
189
98
508
841
540
122
581
809
682
747
47
375
844
705
357
942
389
386
259
75
438
613
614
464
1001
390
945
627
422
384
455
306
563
1010
913
74
881
776
113
308
1009
1013
58
401
810
779
15
796
934
1011
902
745
385
65
742
759
310
266
780
582
615
269
343
252
95
869
35
321
683
875
527
440
817
888
914
236
533
304
736
842
646
903
735
152
267
201
1003
896
228
476
235
124
880
583
744
272
183
215
897
247
788
496
233
750
507
242
703
911
532
784
580
63
88
311
999
260
573
57
935
270
763
90
441
273
303
316
216
777
979
197
104
274
892
112
678
92
764
177
379
519
606
230
1014
1015
356
354
352
452
883
407
795
859
279
221
190
18
103
710
73
139
840
153
639
717
868
258
551
275
27
672
828
29
217
760
922
1012
674
448
572
204
641
2
282
30
797
823
575
741
899
284
946
920
740
866
253
852
758
811
783
895
93
891
789
812
416
97
96
220
633
210
929
418
542
297
973
421
