778
120
556
755
338
650
619
147
663
310
217
331
173
646
320
230
308
683
101
256
174
691
452
710
391
268
638
145
12
297
583
609
750
652
290
346
458
353
471
697
371
433
667
496
503
59
406
77
564
176
261
283
70
761
684
783
324
117
22
466
536
100
533
530
367
372
555
119
255
86
622
537
782
322
373
128
546
512
589
565
592
673
44
144
158
460
722
497
95
505
608
706
146
713
438
51
574
581
514
626
53
262
539
184
149
685
552
653
742
711
4
498
220
118
508
129
171
669
58
199
561
78
580
588
130
461
459
175
524
435
758
696
405
527
781
585
739
615
279
749
492
654
148
434
772
718
582
25
306
598
47
334
747
491
668
263
698
151
224
600
768
325
740
99
407
449
599
760
624
93
538
499
400
477
553
655
265
613
558
625
623
717
432
746
305
169
712
601
693
127
450
597
557
628
529
339
293
240
96
351
554
183
121
627
237
545
289
82
773
671
157
736
765
430
774
526
277
154
347
381
150
560
155
152
409
675
153
456
379
401
701
745
97
288
462
596
418
165
182
502
376
352
594
465
431
374
656
399
321
525
573
544
427
436
676
562
429
68
98
126
455
404
267
571
540
542
543
248
125
181
402
209
566
428
222
124
541
212
437
238
156
408
239
570
211
595
403
123
294
375
122
463
266
569
210
572
464
567
568
