490
194
208
333
454
550
91
489
366
630
167
735
423
578
137
6
549
278
576
575
602
236
281
603
2
420
577
518
733
484
27
631
140
522
207
425
756
422
426
715
36
616
534
517
48
0
606
198
81
704
446
763
703
485
166
18
365
46
729
71
112
15
42
20
604
748
762
714
111
617
62
226
731
35
110
658
7
504
699
21
643
771
728
587
39
672
10
734
113
687
214
40
363
138
780
115
13
364
9
548
83
337
483
29
632
241
191
665
38
60
779
242
32
453
253
11
766
686
727
389
634
659
139
243
14
45
37
475
235
49
225
50
551
482
80
744
605
168
645
335
54
644
688
195
751
767
105
196
3
476
170
90
88
419
23
724
521
590
85
28
190
633
488
723
336
738
775
444
586
57
17
516
92
641
486
725
743
254
234
8
107
244
357
221
215
206
52
350
358
678
752
143
285
417
197
480
34
764
397
348
309
216
501
547
188
296
369
67
413
708
329
287
398
311
487
69
695
75
472
313
179
412
162
611
440
579
415
414
314
172
251
384
716
108
187
694
319
443
269
385
445
532
330
161
109
424
200
318
342
520
507
323
639
640
163
664
679
689
227
421
131
292
681
362
670
732
270
328
233
317
370
680
657
468
219
473
164
584
474
132
178
416
316
341
388
479
344
705
142
649
500
757
494
65
677
510
442
193
160
104
223
386
682
19
271
89
273
213
660
186
61
593
467
519
264
245
327
259
721
274
303
31
301
284
76
395
286
133
777
647
439
84
257
612
509
394
30
315
726
661
356
448
79
354
103
33
754
469
87
343
700
300
232
272
340
24
72
481
690
441
662
759
674
349
114
5
393
707
642
258
205
610
250
361
368
332
141
231
392
730
63
614
312
511
134
302
359
377
43
26
648
295
702
66
201
64
291
741
515
189
55
136
249
41
495
493
621
720
102
307
457
535
280
636
218
478
16
753
299
528
228
737
709
202
116
260
591
563
298
252
180
73
607
523
635
470
719
192
651
360
177
411
387
246
396
204
74
776
451
326
770
382
629
185
692
229
769
345
378
203
135
383
390
355
506
275
620
159
637
106
282
666
513
94
56
559
1
304
447
531
618
247
410
380
276
