57
676
27
729
290
172
205
907
926
852
147
268
643
450
485
252
291
518
387
551
204
350
839
511
111
869
928
826
225
792
382
840
679
900
300
135
121
821
219
349
288
123
570
831
184
830
126
346
163
226
761
634
423
139
933
697
853
224
658
587
927
974
313
271
162
160
647
743
77
137
510
899
245
264
60
670
424
261
426
672
415
51
505
631
838
265
625
168
167
857
233
496
542
506
109
949
519
930
414
543
793
214
806
698
586
481
131
673
39
159
550
991
939
323
122
161
72
760
6
515
237
937
46
456
117
682
244
269
648
984
716
479
692
302
348
199
617
662
822
44
538
932
181
785
666
886
791
381
704
7
478
885
908
667
425
238
649
79
85
941
975
872
823
148
8
4
26
1016
25
446
940
711
950
457
59
431
794
378
45
43
398
11
487
83
173
383
663
981
192
14
973
959
40
256
825
1007
213
1015
396
16
983
15
340
439
180
722
621
84
754
338
971
725
471
691
52
373
339
462
47
620
212
718
432
12
660
19
406
972
21
982
590
13
659
497
463
365
756
717
724
470
683
429
369
755
723
20
650
687
656
592
464
618
438
397
467
430
619
469
372
466
684
468
624
591
405
465
370
401
686
437
434
435
433
651
371
652
685
655
436
404
403
402
622
653
623
654
