212
568
569
65
106
567
249
557
570
74
529
634
542
502
541
390
774
333
213
560
306
366
72
163
515
558
635
240
675
68
334
676
595
556
768
93
446
566
222
615
781
37
449
418
135
248
195
753
671
169
39
166
165
133
585
528
191
75
782
613
276
562
82
514
669
193
40
190
389
67
561
339
219
38
728
772
155
279
47
450
606
451
474
154
610
44
36
588
508
780
636
54
361
139
584
113
504
335
761
23
607
608
751
533
221
352
28
136
282
773
254
445
477
50
633
767
364
225
505
779
58
146
85
337
476
14
447
1
698
590
725
417
765
752
620
168
118
3
22
269
760
17
119
25
758
587
660
197
94
596
56
11
126
4
129
697
170
769
611
86
540
503
307
645
52
311
479
646
605
527
188
43
57
200
189
487
224
506
736
143
592
159
284
641
701
239
285
612
241
134
59
609
775
559
543
574
160
770
670
16
637
581
227
622
677
597
632
280
740
148
648
161
125
739
746
531
141
663
229
513
257
696
639
252
618
783
127
656
130
598
153
362
554
507
132
594
578
175
156
580
602
757
486
223
192
228
589
721
631
162
603
19
184
659
187
142
628
109
278
604
640
220
251
745
575
304
501
662
661
61
98
534
576
749
666
638
309
203
547
218
499
367
538
80
18
577
553
625
250
340
124
650
727
579
324
13
268
743
258
89
247
475
297
217
92
83
732
152
537
88
582
706
644
452
532
216
128
395
196
491
185
331
571
539
0
630
176
624
526
9
623
617
616
460
420
111
627
15
29
626
655
7
122
62
519
214
756
112
664
6
512
565
699
231
158
35
657
194
167
555
667
481
629
332
684
267
123
140
303
107
232
723
742
652
360
424
380
226
204
729
485
296
432
509
150
686
511
151
294
694
377
546
259
198
253
685
459
658
593
205
690
215
305
246
275
552
99
548
97
260
233
277
177
549
695
186
458
388
131
665
341
484
520
137
245
510
286
70
601
379
463
60
599
288
77
471
704
621
405
550
500
483
551
100
591
766
583
108
149
274
178
482
313
691
716
413
266
492
563
442
521
314
687
230
206
431
600
384
76
287
473
423
234
312
653
261
121
734
497
359
412
244
79
349
679
441
680
435
302
689
179
443
8
439
387
64
586
207
496
724
242
180
201
243
96
488
322
759
202
414
764
457
87
394
726
24
407
63
66
30
642
34
392
688
289
495
419
683
84
273
693
535
183
702
41
290
235
383
95
730
440
674
393
336
33
55
310
351
145
26
71
31
385
448
469
101
173
524
470
649
681
525
522
182
705
700
114
116
654
283
614
472
754
467
236
478
81
738
619
747
301
256
5
255
415
147
408
404
181
396
391
32
468
682
293
382
49
73
711
523
712
713
573
453
778
325
262
144
651
672
678
735
530
755
436
104
171
199
91
315
438
338
208
292
498
776
710
102
117
494
308
692
103
714
722
138
401
715
271
105
731
69
422
466
120
46
90
748
430
493
330
480
564
237
10
42
291
464
744
164
45
295
281
536
27
416
368
211
708
455
363
376
425
174
21
265
444
172
316
263
317
717
762
115
456
709
750
428
429
2
719
411
157
20
410
321
763
403
48
365
703
326
643
270
272
454
78
707
718
264
238
110
771
400
518
737
298
426
329
733
53
720
427
209
354
300
668
381
323
51
402
572
397
356
741
353
673
375
358
409
777
378
299
465
386
318
421
545
319
355
357
12
373
399
348
327
350
344
647
345
437
374
372
342
369
210
406
433
343
544
346
398
320
347
490
328
516
461
489
462
517
371
370
434
