216
340
534
368
607
721
462
324
136
470
393
459
465
691
396
352
469
400
552
401
394
343
143
370
740
441
337
399
521
519
395
315
284
342
497
774
562
443
463
437
488
415
398
265
430
9
425
269
781
414
496
229
458
297
493
11
436
131
384
29
22
196
287
517
301
486
233
314
722
490
198
327
383
258
319
133
454
230
144
325
140
457
356
637
255
456
158
185
494
344
515
380
478
609
761
464
574
172
491
460
518
729
461
187
550
524
7
500
20
111
466
244
300
328
407
318
1
756
316
551
341
662
312
615
227
149
444
385
241
692
298
546
19
17
329
0
431
634
434
413
141
483
606
201
320
579
492
112
674
309
643
725
355
757
313
522
190
175
289
578
512
516
21
523
245
681
18
116
28
455
243
164
188
427
272
271
435
291
476
625
215
317
32
780
408
273
658
219
382
755
57
520
645
467
489
321
23
576
379
373
537
644
571
783
200
628
426
2
402
587
514
129
438
5
495
214
369
353
694
3
547
221
290
218
561
603
484
626
596
471
598
423
577
163
485
52
648
142
481
409
632
600
731
699
536
599
135
286
593
155
358
54
374
292
581
548
553
299
186
439
538
333
510
152
690
381
103
346
157
404
213
630
270
405
660
247
627
688
326
543
228
468
570
499
119
277
411
410
33
377
703
242
375
192
160
511
575
629
652
602
597
433
275
631
154
397
354
412
150
432
364
554
257
159
513
345
416
165
601
59
665
638
249
102
161
191
121
572
285
348
403
527
732
105
108
347
440
620
256
58
592
605
106
248
331
220
422
420
695
386
610
376
357
276
61
647
392
12
365
349
591
639
723
304
667
193
619
110
70
13
387
73
195
642
69
359
76
72
611
139
332
77
71
171
473
39
40
167
223
445
75
45
60
41
199
88
34
360
87
79
36
62
49
91
90
51
107
166
224
37
78
63
68
50
35
64
38
66
67
48
47
46
