0.012001276
0.05793929
-0.16908193
-0.051837444
-0.058026075
-0.065769196
0.029076576
0.015988588
-0.08798385
0.113315105
-0.11569619
0.17215991
-0.43602228
-0.59847283
0.17832375
0.21152902
-0.03207779
-0.018131733
-0.00013780594
0.08615804
0.002118349
-0.15783739
0.16988039
-0.14601088
0.01790595
0.0020849705
0.067619085
-0.12356448
0.0046122074
0.0937984
0.023748636
-0.032275915
-0.042717695
-0.0897882
-0.51829195
-0.82073045
-0.80286336
-0.98624873
-0.62463593
-0.5589943
-0.6233463
-0.40731096
0.5927954
0.050663948
-0.34538722
-0.36421037
-0.4911127
-0.9962318
-1.0082166
-0.44484496
-0.78957534
-0.6024518
-0.036646128
-0.0064001083
-0.19403744
0.14105058
0.06172824
-0.1553731
-0.15422416
0.057234526
-0.45338202
-0.12588525
-0.43782043
-0.7565274
-1.0663302
-0.4844029
-1.0283964
-0.6840389
-0.9352615
-1.0681584
-0.52441597
-0.3338809
-0.14025187
0.05508542
-0.42687654
-0.34222102
-0.39688754
-0.53013086
-0.7595022
-0.57753205
0.14070535
0.29329753
0.0048666
0.0076920986
0.054989576
-0.050407648
0.03797674
-0.44187975
-0.36210752
-0.38931155
-0.8871329
-0.8713887
-0.32999492
-0.4857049
-0.2586968
-0.23532271
-0.20182228
-0.009013176
0.19420648
0.06998205
-0.07373595
0.10353947
0.03230214
0.4028964
-0.033144236
0.006375551
-0.045743465
-0.47859406
-0.13704443
0.07993913
-0.11649656
-0.010242462
-0.11388636
-0.054136038
0.016810894
-0.04668045
0.22217679
0.004387617
0.029615879
-0.15070748
-0.52608895
-0.37881637
-0.56021047
-0.5195396
-0.44914794
-0.19737267
-0.49961948
-0.4114337
-0.32648706
-0.15657234
-0.09329295
0.11403537
0.17393231
0.20548773
0.285419
0.5232513
0.102577925
-0.12181592
-0.42417145
-0.46445465
0.10759187
-0.12718534
-0.44482684
-0.057427168
-0.029086828
0.24843884
-0.09994149
-0.33604956
-0.050736666
0.076621056
-0.1432867
-0.5831394
-0.40382195
-0.39484262
-0.37049985
-0.35393047
-0.19549203
-0.2729249
-0.095056534
-0.22042227
-0.17157292
-0.20167613
0.012313366
0.13646317
0.13391566
-0.16092205
-0.6155653
-0.23955321
-0.026026964
-0.0192492
0.19047713
0.41253757
0.53039527
0.5818765
-0.05605817
-0.03754449
0.048755646
-0.029081583
-0.124724865
-0.094459295
0.033044815
0.18549466
0.19475722
0.25595593
-0.016292572
-0.27270293
-0.12553334
-0.20607853
-0.30623388
-0.13340712
0.08812761
-0.16549444
0.16787028
-0.24298239
0.45370555
-0.55817294
0.012924671
0.09484267
0.5503094
0.38107395
-0.16128564
-0.101234436
-0.12712717
-0.0317266
-0.08998656
0.03872609
0.027681828
-0.07023239
0.12462449
0.0063045025
-0.08379722
0.22173452
0.13599873
0.037793398
-0.0040943623
0.13440895
0.07114744
-0.14390445
-0.16888142
-0.21120667
-0.24830842
-0.40051413
0.40735745
-0.41041112
-0.077040434
0.16032982
0.35936046
-0.19297457
-0.4207499
-0.4327097
-0.34146214
-0.09595919
-0.029298782
0.003165722
0.05014062
-0.094582796
-0.0025072098
-0.035963297
0.28460598
0.09258771
0.12662363
0.00582242
-0.16765165
-0.057278633
-0.107498884
-0.16885495
-0.14740205
-0.13132262
0.09692383
-0.55371547
0.75960326
-0.31162524
-0.24626803
0.14790225
0.1508069
-0.3523717
-0.0051829815
-0.119025946
-0.12554693
-0.088698626
0.007601738
-0.009319544
-0.005304098
0.20391941
0.3319702
0.23527145
0.23839402
0.07905245
-0.15026808
-0.17547417
-0.02809
0.26079392
0.14296961
-0.19256163
-0.21622634
-0.50632215
0.3509724
-0.17018843
-0.1857574
0.87855434
-0.07126188
0.623893
0.57782984
0.3522699
-0.2571361
0.2105062
-0.034056664
0.058115244
-0.036994934
-0.07201433
-0.10158658
0.06572366
-0.09525633
0.1377368
-0.273669
0.13334823
-0.09946871
-0.047466516
0.35574102
0.4408946
0.16953301
-0.45329642
-0.32563043
-1.0774457
-0.3178699
0.6231768
0.15221334
0.29147243
0.075205564
-0.015622139
0.94024897
0.33672762
0.0015480518
-0.053545475
-0.0313344
0.015525579
0.06616306
0.048978567
0.09368801
-0.1684897
0.049385786
-0.4265344
-0.5261407
-0.1434784
0.13202667
-0.05769801
0.059609175
0.1528709
0.15778232
-0.5322628
-0.62514544
-1.3702259
-1.3924856
-0.5272267
0.7857137
0.32690096
0.3228624
0.33709717
0.74328685
-0.2409296
-0.11624217
-0.34442353
-0.017846107
0.037603617
-0.062141895
-0.15057611
-0.08427167
-0.21108317
-0.18063569
-0.42484856
-0.35637832
0.05056572
0.20700908
0.009682655
-0.2794149
0.043724537
-0.15626621
-0.6402807
-0.72822404
-1.3842344
-1.9139957
-0.9039805
-0.026531458
0.56432605
-0.24796796
-0.06867099
0.5229893
-0.21487808
0.1942203
0.044946194
0.1793344
0.19408631
0.1376195
-0.1408143
0.16846657
-0.03481865
-0.09657383
-0.23004246
-0.06819987
-0.008138657
0.034853697
-0.13599372
-0.22671366
-0.043251276
-0.12604833
-0.043832302
-0.39522004
-0.47463226
-0.20835614
-0.48537087
0.30669308
0.34636784
0.13987708
0.4828539
0.97639585
0.14636326
0.43530202
0.15961528
-0.16483307
-0.20250869
0.0549407
0.067981005
0.035311222
-0.14511538
0.12159085
-0.399132
-0.21141124
0.02900076
0.02307725
-0.23843575
-0.12863946
-0.037064075
0.34649158
0.0039093494
0.43623495
0.3140545
0.46824908
0.2705915
0.723999
0.40674138
0.2413547
0.24753404
0.590801
0.40730977
0.51983833
0.36299086
0.09599304
-0.07012081
0.0436821
0.006463766
-0.011156321
0.17057633
0.055203438
-0.26883173
-0.2737484
0.010307074
-0.13152266
-0.2514832
-0.3506391
0.2050054
0.42503786
0.5279267
0.4653771
0.54986835
0.59408855
-0.11437011
0.7220044
0.4101944
0.22516751
-0.10505438
0.5182946
-0.16599274
0.04574895
0.1181612
0.22459292
0.052440166
-0.18007398
-0.2551124
-0.06393862
0.07355285
-0.0068752766
-0.014979601
-0.03984332
-0.17438173
-0.24608564
-0.41187334
-0.30884743
0.31308126
0.63213944
0.65684485
0.73096895
-0.028462887
0.3217678
0.06775832
0.8601477
0.19600773
-0.045621395
0.08186245
0.55739284
-0.29990673
-0.28436184
-0.2085228
0.07787514
0.08017135
-0.0502007
0.031077147
-0.25312233
-0.05034995
0.13365555
-0.051315784
-0.036013365
0.16729212
-0.19513178
-0.18681002
-0.10549021
0.43204927
0.32596898
0.5328791
0.30436707
0.008370638
-0.024809122
0.21106482
0.42188954
-0.47376108
0.47080588
0.09046459
0.5187588
0.14259148
0.06584525
-0.020210981
-0.2603693
-0.23340368
-0.10270715
-0.45118093
-0.23339057
-0.089318514
-0.1339562
-0.09071636
0.103690386
0.15720391
-0.18484426
-0.47822452
0.12568474
0.36030197
0.25596666
0.4892888
0.18546605
-0.23494983
-0.3249426
0.06886506
0.10215998
0.38038325
-0.2032969
0.5873933
0.36783695
0.48387218
0.37390447
0.129596
-0.12303138
-0.20432901
-0.29342937
-0.29138255
-0.36795306
-0.12333846
-0.25019026
-0.082214355
0.32223654
0.07403922
-0.18132758
0.016973972
0.13534379
0.013475418
0.07414341
0.1533165
-0.19693995
-0.36713648
-0.3539319
0.08171439
-0.30739045
-0.0132706165
0.10670853
0.122826815
0.20302844
0.40518928
0.37816668
0.34363198
-0.0974741
-0.29939842
-0.19748235
-0.09825468
-0.17184114
0.14048266
0.023063183
-0.13384438
0.1834848
0.008405685
-0.03971672
-0.09010005
-0.00048089027
0.17944264
-0.13776875
-0.1929357
-0.3272984
-0.4865265
-0.3767457
0.07542372
-0.27612805
-0.27559543
-0.15103436
0.18084025
-0.048421144
-0.25867867
-0.027261734
0.11357832
-0.48778534
-0.43118978
0.072184086
-0.08158898
0.11867261
0.09196019
0.07090616
-0.12739062
-0.18909264
-0.0067002773
0.058115482
0.16470432
-0.16788101
-0.30365515
-0.5179653
-0.24597669
-0.279078
-0.5870025
-0.0571208
-0.09665322
0.003720045
0.06961489
-0.11119676
0.016564846
0.13034654
-0.24930787
-0.25442958
-0.17562842
-0.44249606
-0.33979225
-0.043038607
0.113117695
-0.20419645
-0.15984607
-0.015065908
-0.19781041
-0.19417524
0.2836647
0.21734405
-0.05262685
-0.3809309
-0.13839912
-0.3277974
-0.11058617
-0.3220029
-0.8961835
-0.4393072
-0.23461437
-0.20660424
0.10838151
-0.0932436
-0.009990692
0.18954659
0.26935172
0.40511537
0.121730566
0.16919827
0.29762888
-0.42007518
-0.32636356
-0.16032004
-0.12783122
-0.45645976
-0.4832363
-0.08478284
0.30787516
0.50661016
-0.42291665
-0.48759317
-0.5452974
-0.69057107
-0.5058372
-0.7744515
-1.1806374
-0.5722883
-0.10175085
0.2931695
0.09207368
-0.10460806
0.1264081
0.20505595
0.7087624
0.85846853
0.8901608
0.9563532
0.41956377
-0.13932323
-0.009695768
-0.19184661
-0.41251755
-0.6605675
-0.56390715
0.10543656
0.5168314
0.18128347
0.0058140755
-0.38890338
-0.49718094
-0.3827579
0.037977695
-0.37783623
-1.0611727
-0.30747104
0.40119147
0.4568889
-0.045717955
-0.14580536
0.064949036
0.07910848
0.9403019
0.63593936
0.6633327
0.30631137
0.2135868
0.0824399
0.10412812
-0.25678992
0.18982792
-0.095952034
-0.28114605
0.26287222
0.28294754
0.02515173
-0.3012278
0.03657794
-0.1697588
-0.21593332
0.4080696
0.5149522
-0.09977436
-0.21661639
0.27062988
0.4120562
-0.11407757
0.056262016
0.093327045
0.018052101
-0.18584132
0.17923164
0.37157583
0.6198852
0.08956933
0.028262854
-0.009470224
0.07302332
-0.21801615
0.12201786
0.058992147
-0.1760037
0.3582692
-0.26856136
-0.500798
-0.30600023
0.24204564
-0.06258488
0.03977537
0.63595724
-0.3026173
-0.07953048
-0.1122849
0.13111925
-0.02875781
0.09766102
0.02796936
0.028743267
0.054644585
-0.1609993
0.07846475
0.17882395
-0.14340949
0.07604885
0.4788661
0.38387394
-0.15120411
0.16666746
0.9610653
-0.2725122
-0.11987805
0.2829361
1.0572085
0.020547152
0.13194704
0.26051426
0.065413
0.31445503
0.525965
-0.065564394
0.12046003
0.02713561
0.022935629
