464
497
463
431
465
659
658
496
432
626
399
335
336
466
303
498
367
661
533
337
398
334
660
396
394
302
690
430
783
467
304
395
782
368
945
362
692
462
691
501
338
530
495
305
468
366
216
1002
184
716
1001
400
397
433
529
715
684
749
435
977
748
340
589
683
816
733
427
339
714
817
984
183
565
418
784
420
393
750
629
1009
452
272
572
689
306
271
657
693
573
500
682
434
781
835
717
152
621
764
946
747
436
428
426
957
941
562
232
300
944
321
240
604
594
983
333
190
713
150
191
80
803
1016
290
751
1003
369
258
361
301
285
814
701
425
610
780
894
330
215
737
151
768
815
171
226
830
315
388
65
81
208
365
577
765
270
969
834
419
239
121
642
545
885
971
22
802
484
608
353
392
483
546
685
404
429
574
456
640
736
1017
282
78
10
720
942
307
603
746
809
112
612
371
801
201
847
779
827
880
12
569
627
710
681
818
200
79
385
719
249
67
978
976
879
364
59
985
652
331
516
688
389
273
66
326
176
72
386
776
602
673
370
403
262
309
90
402
125
209
878
172
439
217
94
222
804
718
674
609
207
700
341
605
177
775
195
223
314
111
68
30
909
241
11
864
477
98
548
990
487
407
46
832
866
27
154
538
601
469
943
785
130
274
923
813
105
482
896
812
849
1015
514
123
743
913
424
286
254
829
91
583
937
744
73
712
988
13
927
120
641
313
472
952
819
800
508
910
446
344
845
912
357
951
329
325
155
1004
797
102
363
101
677
126
23
636
965
1000
519
848
888
954
745
884
987
846
580
97
36
706
853
455
165
401
578
898
644
537
142
360
704
997
897
110
796
919
1008
828
505
886
551
763
873
699
865
100
280
808
499
93
114
188
994
248
911
259
88
69
322
244
39
332
877
71
1019
124
228
869
129
294
707
298
836
406
863
345
70
908
187
131
354
47
346
76
662
35
250
667
860
299
777
935
726
45
702
33
412
119
29
265
721
308
698
924
540
144
257
38
210
196
958
411
876
296
883
999
666
709
60
145
438
238
74
421
211
786
762
92
668
77
2
634
852
881
437
936
204
14
859
939
752
40
837
242
635
918
19
966
243
893
175
380
103
115
279
28
347
261
203
293
633
478
266
940
61
186
1022
956
742
901
882
174
874
680
167
905
778
925
868
805
37
1018
133
62
903
867
982
998
968
318
678
630
417
82
140
547
359
41
950
844
277
415
705
576
7
21
871
143
268
122
104
769
381
840
34
711
158
520
679
53
539
933
289
696
970
488
861
356
423
986
515
281
89
843
166
738
1023
312
391
283
934
842
665
235
164
237
995
628
731
194
212
376
615
820
8
229
316
989
727
358
48
676
24
862
887
851
9
233
132
278
902
49
875
445
920
904
967
141
99
443
185
54
422
922
788
448
854
841
263
113
192
327
213
730
584
921
810
798
789
218
26
900
850
149
892
960
328
260
198
275
297
317
351
135
728
506
645
579
807
245
811
205
197
170
236
179
872
758
697
178
534
189
148
20
906
513
479
938
311
895
63
1021
405
568
377
485
992
5
408
643
109
1014
773
255
518
390
1007
669
607
475
620
670
202
972
206
157
83
471
56
413
147
224
647
58
276
980
1020
582
138
509
375
146
287
581
230
409
949
981
953
84
134
476
838
348
457
136
947
963
614
453
295
549
790
787
648
870
991
384
162
169
1006
571
741
234
930
507
383
833
173
116
486
770
292
550
664
1013
52
759
414
504
729
231
180
310
85
182
288
387
735
50
517
722
1010
450
839
1
975
481
6
932
139
772
570
51
996
87
269
806
264
343
267
757
440
454
511
979
974
959
732
541
444
106
153
163
43
373
251
948
227
324
379
382
451
0
675
616
31
1005
907
95
156
86
542
378
961
253
552
823
342
512
447
774
137
606
199
646
181
536
637
55
795
18
760
374
1012
613
597
75
107
159
638
889
821
474
25
15
108
96
632
695
914
320
926
480
416
831
510
532
973
962
441
319
929
161
799
566
256
791
219
528
964
740
57
611
822
64
246
544
44
723
4
672
588
955
473
890
891
410
225
858
651
352
247
543
767
372
766
17
899
993
694
193
928
214
761
221
856
252
653
349
350
3
734
598
284
355
168
725
671
117
931
118
32
442
915
708
42
649
470
128
127
753
459
857
561
458
824
794
855
703
792
771
291
590
739
220
687
16
826
1011
449
575
323
639
724
494
502
917
916
489
503
756
793
754
600
553
825
521
625
755
650
663
686
557
160
617
531
585
460
564
461
558
567
619
631
586
490
527
618
599
593
587
622
554
596
522
526
563
535
595
656
560
556
654
555
559
493
491
525
592
591
523
655
624
492
623
524
