186
108
443
648
130
489
187
649
212
103
613
460
264
722
573
188
154
472
582
595
574
597
674
238
236
210
464
585
193
498
552
568
96
237
441
488
276
98
342
251
596
650
773
414
102
284
497
185
161
690
657
3
571
123
780
635
467
615
469
468
294
376
453
761
190
315
701
575
140
44
6
587
43
652
724
215
646
470
432
318
1
548
659
290
182
691
463
536
583
433
400
782
131
495
289
404
133
337
634
321
56
783
373
666
493
753
490
168
626
57
633
515
609
267
658
551
654
220
156
604
669
129
520
491
401
556
656
677
632
160
155
426
465
239
213
523
532
27
565
434
438
579
638
450
764
457
99
540
636
244
456
333
240
492
522
653
660
768
128
104
577
458
84
671
481
8
569
781
395
560
630
541
319
431
576
471
100
754
721
606
639
303
82
429
728
124
192
180
462
132
158
346
655
159
25
173
758
163
382
9
484
112
291
23
266
664
402
688
247
151
622
684
30
191
101
700
181
157
265
113
600
601
207
275
694
675
521
214
628
273
403
594
287
514
549
672
494
602
681
375
126
263
314
125
760
466
538
519
564
230
218
260
430
673
24
651
719
217
661
292
245
641
165
485
189
235
435
439
617
550
513
704
440
176
16
679
288
233
55
720
204
232
563
442
487
537
164
406
451
208
293
627
248
412
127
603
256
482
234
262
578
618
241
631
348
588
396
533
312
219
231
663
542
206
772
662
510
509
557
162
599
566
268
589
285
322
243
320
716
271
261
486
605
205
301
629
281
689
300
313
334
341
306
767
350
368
393
179
178
272
286
277
354
134
246
326
670
259
283
504
682
270
686
683
42
459
752
692
534
174
776
202
169
570
302
424
765
678
769
598
640
687
347
778
714
278
715
340
374
351
367
680
280
421
718
479
86
717
339
775
747
269
258
274
750
305
366
739
746
325
535
696
252
685
590
668
711
736
480
734
254
743
777
507
221
177
452
779
242
323
143
138
741
80
391
299
707
282
749
335
748
713
310
115
766
279
770
693
448
449
710
109
250
706
505
145
709
733
136
199
737
530
171
194
676
338
197
586
249
137
712
745
474
506
744
389
477
363
361
738
311
222
253
742
81
307
705
446
708
502
418
114
558
362
390
