596
399
566
608
556
526
554
555
557
528
588
367
494
1000
521
745
610
460
553
420
490
540
495
548
614
535
492
847
879
597
746
417
572
848
376
999
849
441
516
997
878
609
362
741
582
567
388
408
581
593
713
612
459
640
500
739
385
802
552
558
210
480
361
409
812
1019
893
759
520
493
389
368
998
880
209
778
758
508
779
688
721
571
461
501
310
738
862
720
604
881
524
1020
836
727
661
633
789
400
744
343
892
920
242
846
861
584
819
474
996
507
499
740
706
835
770
330
811
375
386
384
693
719
329
834
422
81
87
689
677
860
119
844
966
208
427
903
818
603
114
331
458
669
777
416
366
646
363
1021
665
747
342
344
277
851
780
935
843
850
977
1010
278
412
1003
560
895
56
585
986
577
473
377
817
335
356
636
309
145
921
598
146
547
845
93
1001
805
944
502
1009
442
177
347
696
357
311
537
993
607
832
22
98
92
803
228
50
952
894
559
241
298
428
568
750
539
354
144
200
395
106
726
613
864
578
454
360
690
699
953
816
804
913
29
808
258
714
569
74
701
945
176
260
712
86
814
877
923
987
781
820
183
55
42
54
580
476
664
992
150
322
275
503
863
910
66
489
216
798
882
336
978
888
97
419
355
472
897
962
963
995
989
546
946
1004
783
1011
695
772
352
911
118
1017
120
954
332
813
875
315
961
828
337
601
737
943
735
942
249
749
810
280
868
243
632
736
279
104
788
771
988
276
113
80
509
304
345
102
191
752
994
440
358
504
151
96
901
325
31
475
64
100
708
615
443
1018
70
1
218
257
1012
152
171
90
165
394
105
1002
985
2
103
976
1023
49
155
134
951
616
536
262
69
889
947
681
628
107
733
202
842
807
407
178
170
392
82
231
312
235
1013
318
68
525
444
884
211
321
748
1022
259
326
164
217
240
17
95
764
314
824
285
299
78
273
883
732
600
967
477
108
112
88
197
925
488
274
865
287
223
10
955
782
742
62
576
938
129
410
815
189
626
915
156
75
143
765
34
37
23
599
175
896
703
906
248
9
99
918
769
221
215
18
179
766
1014
833
263
65
0
250
157
452
1006
914
328
207
445
201
575
195
174
132
827
948
32
449
657
294
116
498
890
757
230
784
970
898
73
694
334
316
128
30
364
35
768
960
48
89
5
284
136
206
289
71
125
3
353
912
873
76
36
110
101
67
94
193
411
969
374
929
222
866
254
639
251
236
190
319
1008
246
267
295
482
979
602
141
282
447
247
266
296
182
272
902
1005
140
158
317
196
874
753
245
909
630
751
220
379
418
790
255
115
194
841
232
24
268
786
965
188
53
707
728
281
198
166
642
127
867
333
787
297
587
41
138
244
61
767
153
205
605
187
28
413
980
286
292
627
968
124
629
715
203
293
956
734
871
169
38
239
63
234
573
919
303
142
391
91
149
77
27
130
308
147
359
957
341
283
541
79
172
111
305
51
44
253
797
931
380
570
891
887
204
313
916
15
133
33
349
486
934
346
351
631
393
46
290
671
964
324
936
327
109
958
237
800
227
85
300
320
762
45
821
16
511
14
922
785
185
229
350
117
139
974
148
854
186
252
382
625
83
160
975
126
855
917
637
505
496
583
11
265
123
137
924
306
72
43
928
264
226
545
58
506
291
644
8
716
645
307
876
905
455
517
219
60
47
163
6
514
135
426
390
161
809
675
799
184
225
662
154
288
414
479
348
415
663
586
638
801
224
261
680
796
159
233
7
57
238
168
131
709
162
269
381
214
856
270
21
682
990
730
763
39
984
635
792
52
773
121
4
795
658
859
761
181
19
512
84
378
510
453
692
431
831
574
776
167
697
301
870
212
173
213
122
617
478
839
1016
323
949
678
199
25
446
1007
26
398
853
439
729
668
271
837
538
852
926
180
933
774
731
840
775
904
338
549
59
973
383
930
12
634
396
13
907
830
899
793
829
760
858
927
471
900
698
705
791
725
826
373
421
339
754
302
606
40
621
20
543
869
649
981
857
542
666
647
939
941
340
256
457
648
406
991
387
192
937
886
710
579
932
983
885
702
513
679
700
950
425
544
838
611
722
641
822
1015
823
484
872
462
756
483
676
551
940
432
718
451
971
424
365
620
667
806
908
423
456
643
794
691
450
743
972
590
497
717
518
660
670
755
463
724
959
470
369
485
982
519
659
683
825
550
650
429
438
723
711
372
515
481
397
673
687
618
656
464
672
405
487
592
704
370
684
430
469
371
467
619
466
437
591
468
624
465
686
401
404
651
433
434
435
685
652
436
403
655
402
622
653
623
654
