723
402
754
755
469
490
434
272
722
370
271
491
436
304
457
403
653
660
753
468
785
437
305
371
433
624
401
458
489
623
656
659
492
654
784
620
435
756
505
598
691
303
459
786
569
655
369
621
456
816
466
467
787
782
460
4
537
686
273
685
652
488
817
797
592
690
616
724
585
788
473
523
617
619
470
971
404
622
591
783
538
815
366
514
400
586
941
630
940
648
520
506
240
692
599
552
645
770
928
376
522
510
424
200
524
657
438
367
918
631
733
201
946
230
818
487
148
710
618
399
338
3
687
1007
677
696
743
803
432
372
678
1002
927
975
765
407
933
570
269
711
493
960
551
826
199
961
511
348
439
992
669
323
239
766
270
637
972
642
1018
644
896
1006
521
951
740
518
171
635
179
336
281
47
381
658
742
1010
675
962
465
2
872
254
100
249
840
611
317
128
169
908
167
82
264
781
344
398
950
181
335
917
345
368
154
646
29
455
550
813
36
873
584
729
907
238
674
684
986
921
939
834
899
632
337
546
440
822
326
835
43
732
232
900
77
349
583
949
513
774
322
471
932
886
825
263
186
661
481
976
131
957
225
698
35
772
891
294
358
480
149
73
819
180
142
327
901
977
838
27
985
291
255
701
359
10
146
568
482
885
780
285
384
212
207
893
676
737
802
485
680
801
987
870
519
761
390
958
215
702
486
318
143
235
0
44
830
697
843
365
798
61
479
904
226
831
5
667
334
829
166
233
244
454
152
350
981
83
28
983
194
994
414
663
130
707
109
110
959
86
382
313
192
183
1019
609
252
752
991
175
571
925
265
52
421
423
76
121
449
978
856
153
182
188
92
606
391
218
101
926
451
234
224
699
790
809
11
59
155
355
1009
133
196
902
104
718
301
852
93
771
302
887
287
91
877
536
132
168
290
670
354
124
839
111
410
97
789
19
223
198
600
386
876
638
909
841
99
845
517
812
641
392
60
1
136
673
651
256
842
151
739
541
763
963
895
566
339
54
163
412
122
72
222
204
113
415
312
639
922
666
164
982
1003
916
284
915
202
379
601
443
87
103
478
117
214
360
30
116
185
416
108
930
844
810
114
245
288
26
679
211
174
210
935
375
51
672
862
25
328
988
41
162
21
864
613
306
253
931
647
450
15
875
197
408
227
728
50
159
20
49
85
325
106
78
760
257
508
614
42
484
94
984
387
898
262
881
610
906
45
74
7
378
213
794
453
90
474
55
259
8
383
53
206
297
208
567
919
316
773
668
882
75
447
544
777
1008
712
966
582
736
869
948
352
539
903
577
413
68
311
127
545
649
855
118
419
700
547
871
578
266
187
105
203
604
138
581
296
704
452
258
615
89
442
970
137
664
472
512
62
828
115
320
14
353
793
389
170
268
446
150
549
147
69
920
158
804
119
286
929
858
854
79
945
636
88
964
261
46
300
744
209
955
543
125
859
665
219
757
938
193
811
1017
995
820
156
914
205
1016
954
553
799
542
176
693
120
731
515
792
1011
22
95
173
141
990
324
894
84
56
735
884
947
853
292
397
629
229
246
965
195
231
346
380
417
333
823
821
40
980
878
184
12
708
560
861
738
81
217
791
422
237
178
134
924
888
277
867
23
969
943
96
63
377
347
356
411
289
572
703
165
795
706
236
849
769
643
671
634
730
837
444
57
476
483
814
405
806
70
24
832
762
228
48
221
953
243
1023
9
936
251
248
937
507
418
18
425
923
58
278
66
126
293
973
603
824
768
123
107
220
640
833
857
767
321
189
135
406
796
139
274
71
576
910
1001
267
968
314
428
157
607
31
64
705
385
540
241
579
874
98
734
745
13
851
276
934
282
805
39
343
605
216
280
721
989
475
65
979
974
967
750
250
32
602
388
67
504
177
573
80
764
776
850
6
140
17
890
247
190
319
892
172
315
848
942
713
808
357
33
502
575
913
866
548
846
1020
279
993
883
295
775
145
751
688
37
16
997
102
779
709
283
448
509
912
778
627
351
897
996
1012
38
863
34
1015
800
868
749
427
535
516
880
999
879
741
574
626
299
161
129
329
865
717
396
191
260
587
298
441
827
242
662
503
364
911
409
498
420
905
681
625
836
725
944
160
426
501
889
633
998
1000
112
807
1022
612
477
144
525
860
847
461
559
1021
580
445
554
1004
1013
694
608
310
952
695
956
361
650
715
1005
340
689
1014
588
719
332
431
716
746
758
393
565
683
555
759
499
527
682
363
597
309
534
331
275
494
748
747
307
330
714
373
528
429
395
628
362
720
308
374
533
727
726
594
530
394
562
342
341
495
500
464
526
556
593
589
590
497
595
430
531
496
563
561
529
557
596
564
462
558
463
532
