107
261
406
289
140
699
723
372
211
284
259
528
77
106
695
182
74
323
80
677
220
72
151
352
209
192
243
500
39
67
644
729
208
382
605
697
389
36
317
624
137
551
38
188
212
417
291
482
587
499
207
235
326
236
257
258
251
253
260
22
109
170
297
381
40
683
483
86
438
664
694
523
653
569
165
56
383
166
753
168
436
340
532
198
222
1
199
269
353
250
37
559
314
335
639
181
237
447
183
706
217
409
242
59
634
495
223
670
526
19
757
226
238
134
550
254
618
61
339
89
161
184
85
142
511
185
309
435
519
187
531
17
780
451
200
50
191
746
133
296
139
369
452
218
311
216
625
325
186
3
23
640
206
607
504
361
75
176
578
234
57
783
195
752
119
98
128
480
124
779
582
728
492
364
197
719
52
555
631
324
14
641
384
598
113
732
775
584
189
60
751
665
230
337
179
630
313
229
589
54
28
408
560
476
225
626
571
645
606
143
241
228
263
615
68
725
205
586
47
767
360
774
11
773
443
286
464
471
766
740
120
493
599
94
171
692
655
470
593
231
553
539
177
676
118
240
462
402
81
132
135
747
419
146
474
590
612
312
485
581
99
497
95
771
4
336
536
346
100
265
129
643
380
126
203
472
227
478
745
628
162
148
147
123
190
144
306
518
26
422
667
359
91
20
726
64
682
10
611
463
8
503
722
558
423
334
232
42
122
281
731
255
342
84
27
702
268
739
524
552
693
596
252
365
496
424
760
730
169
718
121
392
505
700
759
642
397
650
588
660
580
280
45
761
30
648
31
529
32
520
63
24
114
671
717
125
449
754
418
448
498
698
491
48
117
173
5
87
547
666
557
444
282
407
782
239
734
458
58
629
674
772
755
307
394
385
308
393
765
637
33
130
477
430
224
533
43
776
105
70
736
174
141
16
450
507
768
82
396
25
415
564
614
530
548
521
597
55
262
525
669
646
295
76
410
194
490
101
778
545
704
675
770
93
758
701
294
279
66
371
388
651
292
201
374
769
680
116
601
368
350
620
561
681
395
41
633
484
506
256
79
549
310
454
572
546
442
264
562
600
735
585
293
391
367
604
591
338
696
638
750
720
386
387
577
749
613
439
621
180
362
283
172
742
412
202
713
602
603
290
714
413
457
456
512
152
51
712
102
711
411
398
679
78
399
455
715
414
287
777
575
540
426
469
401
576
108
376
705
710
153
427
441
53
673
370
573
103
429
400
656
678
428
319
708
659
649
668
467
266
574
709
288
421
12
440
468
318
534
658
737
379
741
707
568
267
347
378
348
647
349
657
377
