530
498
529
363
625
560
492
593
531
521
491
626
332
592
466
490
594
362
331
434
520
523
433
561
465
489
536
497
535
532
493
624
849
552
499
568
818
847
522
373
504
562
16
472
301
528
333
524
817
850
17
364
812
779
848
746
595
553
567
814
815
819
234
600
563
527
714
106
747
405
846
372
881
750
503
727
584
745
882
146
145
406
374
749
342
233
974
533
15
330
759
880
792
534
816
780
781
118
778
89
108
791
758
851
813
139
751
113
341
76
334
975
86
440
144
437
307
715
632
1005
1006
564
214
119
748
140
820
914
823
49
57
709
646
340
114
435
596
275
808
840
27
300
537
717
879
150
777
105
713
824
811
50
201
752
809
476
789
107
141
678
375
1010
90
81
741
88
776
782
1011
458
400
48
31
284
120
783
28
247
407
979
1012
220
828
87
127
41
6
357
843
883
252
60
928
215
221
82
151
178
29
322
760
315
1013
645
389
912
878
996
731
735
165
323
352
1023
903
929
473
796
841
508
612
324
444
354
839
321
566
117
1004
710
5
734
258
998
543
63
613
682
283
251
961
445
95
942
671
253
477
152
91
673
544
934
702
229
1021
740
104
320
871
835
121
705
62
873
261
703
54
232
978
991
739
995
960
992
895
797
198
973
353
864
821
61
644
701
795
356
807
185
962
980
889
93
935
157
827
897
260
109
292
4
257
228
136
58
308
829
166
1022
922
96
860
900
509
738
188
726
875
1003
379
1002
102
608
291
963
290
585
676
170
137
388
766
222
933
964
37
899
98
742
412
1020
316
2
169
511
769
177
134
920
159
351
576
230
999
798
231
926
164
347
574
55
737
868
773
799
704
965
259
901
672
153
122
30
606
197
989
642
804
131
578
478
732
35
439
92
858
163
99
310
981
921
416
384
730
154
931
706
100
219
133
892
162
1001
802
69
611
896
132
448
110
47
565
844
385
227
65
135
700
0
902
187
971
59
842
997
891
189
217
677
479
640
66
790
643
932
355
733
449
3
836
480
156
34
764
707
1014
833
199
767
580
610
863
128
670
408
196
771
541
959
191
390
542
512
447
419
966
80
890
869
155
575
913
318
1
865
274
209
262
832
1009
927
967
350
763
70
483
925
546
953
958
101
834
993
800
123
386
130
736
317
919
604
549
42
329
325
765
607
438
987
838
988
994
289
956
540
226
186
450
195
954
866
870
193
675
772
223
161
452
990
957
904
924
183
579
874
955
417
288
803
32
194
801
387
894
103
859
830
893
481
97
263
125
641
831
250
218
482
285
861
293
168
923
674
810
471
94
248
952
510
948
1019
112
158
124
210
38
699
349
182
950
577
985
68
822
716
888
708
190
513
418
805
569
446
770
36
244
414
505
949
852
67
867
204
669
73
937
287
1000
184
74
64
639
698
225
254
539
545
857
381
898
129
25
582
514
969
256
26
862
138
915
200
938
348
77
936
286
609
762
638
951
573
216
945
420
224
970
239
872
837
907
943
380
160
319
697
637
930
167
83
126
768
911
309
601
192
294
326
306
548
551
547
71
968
383
826
972
605
918
982
515
853
984
277
208
413
1016
451
271
986
516
679
572
311
255
382
845
44
241
983
265
502
454
908
1018
696
270
729
33
711
1017
280
1015
176
761
884
518
774
668
939
343
415
633
550
147
242
346
916
744
40
775
269
238
75
941
664
946
581
149
282
484
877
314
246
855
240
1007
806
443
854
39
43
205
249
278
235
743
203
142
910
23
264
614
179
906
237
266
583
298
947
909
302
506
647
856
202
876
212
279
268
887
627
977
599
636
538
409
905
79
172
411
940
885
206
944
666
667
475
488
474
297
410
171
361
276
825
378
784
299
728
78
72
358
211
243
18
1008
207
312
441
115
793
421
571
56
554
602
175
794
517
555
10
111
116
53
365
395
245
46
976
570
507
422
236
148
404
665
85
366
173
273
519
712
615
376
917
84
453
442
635
467
377
559
392
753
181
174
7
695
391
281
213
267
344
345
8
718
680
500
603
335
272
681
694
22
143
9
24
634
359
11
470
51
556
501
886
45
526
683
367
597
295
328
52
486
180
788
485
393
423
402
436
455
401
21
616
487
662
394
305
304
303
313
14
631
360
661
468
785
469
648
20
598
339
19
663
787
296
456
459
432
525
786
371
719
630
686
13
649
720
403
650
424
368
12
399
685
336
684
628
337
657
629
656
460
327
457
617
586
338
655
426
693
757
425
653
754
461
370
369
658
427
687
623
654
494
396
721
557
725
398
688
755
756
652
591
660
651
620
397
428
689
621
588
496
722
464
495
429
589
587
618
724
558
431
622
690
723
659
692
619
590
430
691
462
463
