418
446
697
474
475
447
391
529
501
531
419
65
473
80
503
590
696
226
67
198
614
611
558
171
702
557
68
360
612
79
618
66
389
139
734
417
170
44
388
591
646
228
559
81
733
282
528
564
64
14
451
445
142
668
695
118
565
478
425
610
667
640
91
59
586
726
732
619
93
200
566
621
698
563
390
527
199
666
167
693
283
89
567
15
637
254
330
361
539
523
530
143
651
95
454
485
457
740
662
387
472
115
665
664
502
230
508
329
545
589
623
748
97
458
358
256
121
76
77
51
399
522
452
144
268
156
471
694
158
638
484
353
151
60
225
195
7
511
453
359
31
267
96
509
22
444
483
584
663
636
224
297
87
549
650
328
720
486
759
448
205
450
634
124
751
465
669
520
18
689
561
408
756
647
639
98
381
550
125
655
231
56
537
479
157
326
308
120
481
752
460
705
25
632
459
287
242
466
262
126
544
0
336
92
736
189
380
671
5
428
229
526
382
33
29
548
85
99
730
409
162
83
30
94
53
434
86
212
148
58
727
153
521
498
673
122
551
469
1
258
169
562
757
470
325
603
132
286
622
609
159
357
299
213
270
407
355
514
354
111
165
455
11
547
303
404
525
487
513
8
490
206
633
596
114
608
653
648
255
84
728
100
658
296
652
55
577
261
500
519
26
441
186
141
10
599
517
430
699
160
435
161
74
629
482
181
154
271
218
462
155
196
184
178
644
749
546
731
415
235
755
433
2
203
439
593
507
464
182
208
16
236
215
410
595
783
365
285
152
518
574
628
177
183
630
237
6
540
214
725
429
552
176
119
175
19
243
123
179
654
61
377
515
180
524
201
426
259
635
269
47
489
340
491
266
272
656
436
494
560
300
463
234
127
572
678
657
69
265
405
729
4
763
260
240
202
17
575
238
437
403
314
216
467
573
264
327
782
684
495
496
174
150
440
600
233
692
109
615
28
700
204
239
553
704
168
302
602
476
134
413
352
582
556
188
356
20
649
232
661
660
456
492
645
301
626
754
594
681
512
606
187
701
149
412
613
24
758
643
735
780
406
147
431
555
536
129
690
510
48
185
21
190
687
117
631
43
54
257
163
461
70
32
592
244
82
140
516
73
424
423
427
683
52
45
246
309
570
627
598
506
378
411
274
35
672
659
172
23
605
9
554
568
714
383
217
275
398
210
349
57
207
616
211
493
583
397
497
468
688
781
504
128
538
374
130
541
620
601
245
691
241
480
324
316
112
624
27
101
597
442
400
3
438
764
385
263
313
223
416
641
36
386
373
543
350
209
432
331
379
63
384
146
579
345
291
227
569
332
50
13
770
771
49
166
344
39
368
317
34
46
372
774
62
135
