143
684
267
611
415
624
462
205
284
296
270
590
60
269
52
541
345
734
49
13
57
641
88
183
238
83
206
727
644
483
577
704
177
18
625
371
80
369
213
694
311
313
329
341
723
655
29
23
425
196
476
725
254
512
645
767
45
337
751
344
105
226
475
729
779
207
695
653
11
423
197
28
170
139
7
542
744
85
420
775
17
239
14
752
50
6
616
654
15
665
62
446
389
9
544
444
285
198
54
488
195
3
364
167
0
37
386
225
90
489
756
67
617
253
699
587
111
168
259
242
140
38
112
221
455
240
35
728
113
335
780
208
743
748
766
358
32
317
182
46
107
40
36
212
543
504
422
703
110
456
166
343
21
178
137
209
10
771
363
138
731
365
42
763
490
314
517
211
48
39
762
487
115
333
2
513
643
735
733
179
672
484
71
20
281
278
27
316
342
260
91
180
210
81
194
315
262
261
486
370
485
514
181
366
516
286
515
290
288
289
287
