396
423
397
478
506
562
734
164
424
774
732
194
172
220
422
135
368
455
399
535
370
725
602
416
375
398
324
173
393
369
657
705
534
656
443
191
249
427
442
136
470
684
103
414
561
643
376
338
494
466
425
163
132
222
469
395
403
615
133
704
208
372
454
496
344
637
404
703
483
412
106
348
731
116
417
107
468
518
365
772
677
426
379
371
343
385
386
697
431
347
305
342
665
134
219
521
351
733
317
310
721
289
337
415
411
497
488
248
440
439
320
292
175
776
22
756
407
430
482
553
352
484
245
467
456
83
192
9
781
316
577
24
629
438
287
15
420
216
349
387
358
384
563
196
493
635
511
308
233
336
167
601
729
110
11
459
111
593
254
630
441
681
383
59
402
428
400
61
435
112
537
408
29
476
19
432
392
243
445
778
205
380
217
288
325
244
18
265
236
102
221
55
699
679
105
510
574
575
218
209
226
757
140
673
500
524
779
62
285
576
131
279
525
514
215
84
353
680
694
711
23
273
314
609
201
270
28
271
148
247
297
264
509
300
759
522
0
755
783
187
319
52
32
144
357
538
678
345
515
202
644
7
366
26
189
419
550
323
603
57
548
499
161
272
754
17
682
207
471
564
159
313
579
448
777
517
162
516
458
53
203
547
692
290
495
20
1
628
453
690
326
157
262
460
728
31
14
560
160
780
235
751
691
461
276
546
481
149
188
382
190
410
599
227
596
487
282
636
21
651
672
213
523
740
720
315
512
373
645
56
141
129
706
722
341
600
82
261
489
16
327
295
232
4
258
632
329
782
683
446
578
520
2
730
381
54
552
519
101
33
6
5
330
727
27
283
355
242
3
260
356
490
504
617
612
589
658
168
25
298
501
85
713
462
565
30
206
606
536
413
354
8
198
180
485
661
634
339
513
625
280
457
551
150
701
620
274
498
302
671
174
626
664
648
200
275
176
543
119
13
507
638
758
571
598
688
34
627
444
508
377
231
246
154
406
604
165
388
60
405
674
158
130
263
58
259
204
723
364
605
155
224
433
549
608
526
137
230
539
113
311
301
581
12
46
473
38
35
63
147
108
527
223
540
156
761
572
229
726
545
73
570
284
166
87
698
647
753
195
592
88
421
541
51
760
75
128
333
