69
733
48
42
352
365
763
2
110
281
20
762
21
46
27
643
115
731
771
703
10
363
672
81
138
647
422
199
32
571
92
353
171
144
45
5
90
572
619
614
117
735
754
448
31
73
473
327
674
105
255
656
320
114
325
326
530
478
33
55
778
120
358
145
79
84
379
319
49
501
394
391
700
116
744
393
188
87
76
172
283
642
726
392
544
730
24
103
30
702
26
41
256
71
70
218
63
310
336
776
724
66
308
759
102
755
64
324
104
95
416
750
419
738
586
34
8
480
164
563
444
764
708
748
345
655
101
535
386
318
599
351
91
217
187
293
299
292
649
246
96
423
312
189
173
598
453
174
346
298
297
395
77
678
425
734
344
543
338
330
573
147
415
100
244
380
743
291
545
216
500
373
679
600
201
97
654
689
274
245
294
131
556
202
716
12
713
714
704
354
766
737
53
208
317
564
693
692
628
313
570
715
367
627
680
665
300
720
626
273
296
99
472
741
372
712
717
651
121
397
243
323
601
469
719
653
215
194
414
443
718
316
234
536
574
290
546
706
278
230
65
186
403
204
441
207
440
522
468
232
524
396
209
523
406
583
691
547
359
233
343
247
555
494
98
528
519
271
181
182
467
629
270
433
369
551
235
371
498
137
404
198
149
206
503
289
515
684
231
368
250
592
185
517
664
370
482
520
60
387
167
688
183
269
402
525
552
122
668
742
123
413
514
259
226
78
521
509
495
180
470
497
513
272
286
301
253
405
625
621
548
179
268
262
214
205
461
261
729
526
496
505
242
177
178
761
593
683
516
462
707
128
287
314
341
579
652
263
709
260
184
533
374
772
140
124
511
565
512
690
518
673
622
550
554
58
489
781
302
687
575
481
611
93
582
378
288
18
442
699
6
450
112
264
401
439
549
9
295
398
756
150
580
446
258
15
696
675
588
7
29
62
125
749
682
111
616
420
685
695
510
488
108
617
126
553
694
650
265
407
366
35
0
483
454
151
412
434
493
176
477
602
745
527
662
127
315
681
623
285
471
537
610
475
400
432
581
542
267
203
342
431
585
11
224
152
385
47
576
561
384
577
4
740
701
25
669
698
721
460
739
758
782
529
334
306
508
768
279
613
765
82
229
68
539
578
499
760
773
615
686
169
558
257
671
449
418
746
557
562
774
339
630
502
736
594
284
458
322
540
541
560
410
676
596
350
165
222
595
569
567
568
