0.0701561
-0.026472092
-0.0520401
-0.2647791
0.101181984
0.043679237
-0.017224312
0.2770381
-0.07924461
-0.10667133
0.021753311
0.08534145
-0.6823454
-0.34084702
0.5057907
0.47117233
0.041461945
0.018018723
0.18913174
-0.051130295
-0.09226513
-0.061677933
0.19244385
-0.15292835
0.04524803
0.10663986
0.15009785
-0.16800785
-0.07322979
0.13058567
-0.04215145
0.25689554
-0.052869797
-0.06867981
-0.68678
-0.39277935
-0.5655098
-0.97103596
-1.0568533
-0.45629025
-0.6624613
-1.0277061
-1.3096752
-0.9119911
-0.017188072
-0.74197006
-1.2424431
-0.54629993
-0.5178509
-0.65662575
-0.6577749
-0.21051121
-0.123867035
0.09756374
-0.10702419
0.08277607
0.039834023
-0.15063477
-0.13522243
0.57273483
-0.01707077
-0.110162735
-0.66263294
-0.54624367
-0.040465355
0.8089719
0.5173321
0.16994572
0.58928967
-0.05217743
-0.50614834
-1.4657745
-1.3838654
-0.99144554
-0.95532703
-1.0706892
-0.51734066
-0.2575674
-1.0721407
-0.07719135
1.0550838
0.63990545
-0.18687344
0.196908
0.045708656
0.024864197
-0.11923027
-0.25431252
-1.4725952
-0.10220909
-1.0724201
-0.38257313
-0.9151106
-0.2434969
-0.7783623
-0.22716999
-0.8751564
-0.68562126
-0.5318289
-0.3851881
-0.2603264
-0.22876549
-0.47408295
-0.353899
-1.2821531
-0.96626663
-1.0375862
-0.9737282
-0.8702555
-0.36234665
-0.9527674
0.14659214
-0.12649822
-0.5731859
0.047071457
-0.08264446
-0.25854206
-0.2539158
0.26727343
-0.17150784
0.09200859
0.043811798
-0.31420135
-0.293684
0.04523182
0.01788807
-0.02139473
-0.2719431
-0.28410435
-0.04924774
-0.24115658
-0.14496326
0.40720367
-0.46765995
0.060995102
-0.25005722
-1.3127832
-0.88893604
-1.1186323
0.37312555
-0.115122795
0.029042244
0.06616783
-0.13432121
0.6114855
-0.4217615
0.10925484
-0.032117844
0.31650448
-0.10493755
-0.27311707
0.24650192
-0.0076494217
0.0040454865
0.0012979507
-0.02464962
-0.003930092
-0.0019760132
0.11132336
0.109630585
0.24561691
0.24991798
0.19992924
0.18553734
-0.18003654
-0.31954098
-0.8628721
0.124731064
-0.08160019
-0.3895483
0.8683796
0.9625144
0.18225384
-0.38378048
0.30527925
0.286098
0.07917786
0.040751457
0.1111784
-0.058568
-0.13297844
0.042377472
0.009387016
0.04540062
-0.09798908
0.10087967
0.07105923
0.007165909
-0.021622658
0.10870838
0.045472145
0.44135714
0.06416702
-1.8806038
-1.1334362
-0.30645657
0.18129158
-1.3999538
1.7482882
0.7441921
1.0079398
0.12302303
0.45823622
0.14200306
0.008550644
0.07539368
0.002146721
-0.008413315
0.08080006
-0.2271986
0.19569492
-0.10084343
0.05917549
-0.024640083
-0.10000038
-0.124982834
-0.11468887
-0.19818878
-0.0038585663
0.26047277
-0.52394485
-1.068449
-0.863781
-0.89022446
0.39110184
0.021972656
1.6480179
-0.0806303
1.0836611
0.15494633
-0.10863018
0.09408569
0.2968521
0.17419529
3.71933e-05
0.027745247
0.02790165
0.05781269
0.038173676
0.15835667
0.10555363
0.13826847
0.078066826
-0.09307575
-0.15086937
0.043866158
-0.08485508
-0.7068367
-1.6129732
-1.4642344
1.4314685
-1.3462629
-0.068678856
-0.44621468
0.18068218
0.3059535
0.24907589
0.91357756
0.1414032
0.05113983
-0.20436954
0.124313354
0.17108059
0.071287155
0.084548
-0.0046520233
-0.07364559
0.19158173
0.26704693
0.28210402
0.17708874
0.25250053
0.14281654
-0.3126011
-0.16112041
-0.34140778
-1.8003569
0.0
-1.5256214
-0.31865025
-0.10644531
-0.7117872
0.88100386
0.28375435
-0.7929802
0.16064358
0.121655464
-0.32066536
-0.3642683
-0.21315575
-0.2252903
0.23501968
0.23651314
-0.492836
-0.36426067
0.097724915
0.4056282
0.60599995
0.5716791
0.5802784
0.31435394
0.26072502
0.18634987
0.041207314
-1.1914854
-1.5155077
-2.596012
-0.31072044
0.6817317
0.18378735
-0.23953056
-0.2852745
-0.84105873
-0.099757195
-0.13172436
-0.3215294
0.019913673
-0.03812027
0.036125183
0.14741993
0.06601906
-0.41125965
-0.28954506
-0.14334393
0.18649006
0.120996475
0.15235996
0.39417553
0.8428798
0.9272852
1.201108
0.22591686
-0.058174133
-0.888114
0.0
-1.1481066
0.64316034
-0.3521099
0.3235879
-0.20958424
-0.039201736
-0.33820343
-0.3442011
-0.31881046
-0.0760479
-0.067157745
0.050164223
0.2381792
-0.022460938
-0.22068691
-0.3218689
-0.12710094
0.07582855
0.057066917
0.0006303787
0.42713308
0.09337044
0.4432187
1.1275253
0.97295666
1.7875524
0.7687626
-1.9934359
-0.50493145
-0.43498993
-0.013538361
0.07912636
-0.2974615
0.28915024
-0.31926155
-0.29086113
-0.5549021
-0.25086403
-0.052247047
-0.0063257217
0.08550739
-0.25113964
-0.19976902
-0.18358517
-0.10535431
0.13772583
0.10105324
-0.035196304
0.076581
-0.021962166
0.08304405
0.06056118
0.64250946
1.0161481
1.2912464
0.61895466
1.452642
-0.8056021
-0.70702934
-0.48108196
-0.041425705
-0.08597469
0.20418644
0.023403168
0.27442598
-0.07511616
-0.1691618
0.18245316
-0.109433174
0.017505646
-0.018975258
-0.14742851
0.030421257
0.06738758
0.21467686
0.3637247
0.32219124
0.20684814
-0.053401947
-0.08554554
0.09196472
-0.33520508
1.2292371
3.4977698
1.8625374
-0.8221798
-0.84250927
-1.2231245
0.10878754
-0.06269646
0.5067005
-0.041957855
-0.024271965
0.13889694
0.013960838
-0.24167156
-0.00043582916
0.38028002
0.049015045
0.023568153
-0.22458172
0.01809311
0.1380043
-0.020266533
0.1122694
0.08172989
-0.09866619
0.16927624
-0.3813696
-0.29174137
0.29699802
2.6838393
1.6347365
0.59303045
-1.2749968
-0.8092623
0.13289547
0.2496357
0.107663155
0.48857594
0.39209652
0.27999163
0.23520184
-0.06918812
0.0038042068
-0.010503769
-0.0007505417
0.004825592
-0.13107014
-0.337183
-0.40466022
-0.085837364
-0.025650024
-0.036605835
0.078365326
-0.01913929
0.034758568
-0.50201416
0.2439022
-1.4940214
1.9896989
0.0026435852
-1.3562813
0.57527447
-0.22758007
-0.021226883
0.2176199
0.10013485
0.4244089
0.46023178
0.52342224
0.23605442
0.11853123
0.30464745
0.29759598
0.2855878
0.14245129
0.040672302
-0.011098862
0.09214401
-0.0048675537
0.08094406
-0.24281311
-0.057341576
-0.34259415
0.26156092
1.520154
0.68089104
1.4849486
0.21486568
-1.1972771
0.50514555
-0.18121529
0.03890705
0.16063118
-0.11635876
0.39869118
0.17245007
-0.18252563
-0.1549797
0.26409483
0.51588583
0.35455942
0.3227644
0.1304121
0.12094116
-0.04776001
-0.1814394
0.024933815
-0.01595211
0.13110828
-0.0266428
0.34686852
0.20704746
0.78590536
1.1280379
1.3249002
-0.4217043
-0.20165157
-0.63941
-0.26092625
-0.49718094
0.029604912
-0.44314098
0.29022312
-0.06215954
0.25904417
0.37582922
0.259892
0.36953878
0.27236795
-0.016237259
-0.015224457
0.017389297
0.008402824
-0.011501312
0.16739368
-0.20942307
0.05185032
0.18747902
-0.00808239
-0.61241245
0.14974785
1.8816667
0.917284
-0.030833244
0.25824308
0.46341753
0.1855135
0.24363327
0.2500801
-0.03877163
-0.13207817
-0.24751091
-0.29112244
-0.15667343
-0.019434929
-0.26363277
-0.08490944
0.006095886
0.06974697
-0.08254528
0.10305405
-0.086909294
0.058371544
-0.11987686
0.018866539
-0.4603939
-0.053774834
0.45263433
-0.92934513
1.6376472
-0.7333317
-0.45551586
0.028270721
0.21801853
-0.1933937
-0.6954918
-0.09854889
-0.30228043
-0.44759083
-0.28812504
-0.096666336
-0.032777786
-0.009501457
0.0110292435
-0.021308899
0.22360611
0.24138069
0.001083374
-0.11737919
-0.19234657
0.00442791
-0.27374744
-0.25891972
-0.26489544
0.21070385
0.59010696
-0.56689835
-0.8343506
0.057365417
-0.25931454
-0.39255142
0.17550564
-0.17111588
-0.3403511
0.2750311
-0.10608673
0.15889645
0.009260178
-0.063866615
-0.09645939
0.018995285
0.026255608
-0.06978989
0.033148766
-0.2043562
-0.062913895
-0.22541046
-0.10832214
-0.2900381
-0.23234558
0.035696983
-0.28459358
-0.7285986
0.2873454
-0.6505642
-2.310998
0.06522179
0.083768845
-0.13941574
-0.13866043
-0.7211666
-0.4681301
-0.38576794
-0.22664547
-0.027256966
0.19139671
0.2176199
0.2865672
0.06281757
0.09852505
-0.025185585
0.023310661
-0.27541828
-0.17160034
-0.23124981
0.062426567
-0.104120255
0.042574883
0.18129826
0.03825569
-0.010040283
-0.025073051
-0.6409073
-2.2869654
-0.016020775
-0.06576824
0.055457115
-1.0117283
-1.5867205
-0.35632706
0.10991764
-0.19400597
-0.15197468
0.055820465
0.14469337
-0.099199295
-0.10452175
-0.2147398
-0.4414568
-0.48202038
-0.17918587
-0.3721037
-0.21826363
-0.41625977
-0.28743935
-0.26645374
0.14421082
0.07610798
0.4697857
0.33737564
2.1383538
0.10442352
-0.025834084
0.038726807
-0.22418022
0.5163336
-0.81762886
-0.13596153
0.42890024
-0.56564903
-0.94482327
-0.65984535
-1.1070185
-0.49262238
-0.30581665
-0.6611576
-0.7209797
-0.021578789
-0.4221363
-0.44868946
-0.961565
-0.66112137
-0.8221264
0.019733429
-0.3357458
-1.2512989
-1.4002056
-1.6425772
0.1942854
0.18507862
0.036004066
0.035660744
-0.019087791
0.029665947
0.03796482
0.25688744
0.78568363
1.1481915
0.20659065
0.45344973
-0.03502083
-0.6757002
-0.5066004
0.25755453
-1.1025143
-0.5109539
-0.87205696
-0.5790281
-0.5636387
-0.76449203
-0.7561455
0.012726784
-0.15771866
-0.45291328
0.65459156
0.29798126
-0.68565655
-0.12611866
0.03133869
0.17059135
0.016316414
-0.13022137
0.1875515
-0.44400024
-1.1202431
-0.32868004
-0.18880272
-0.52099705
-0.7106819
-0.46545506
-0.48987675
-0.502615
-1.2444496
0.029746056
0.22520542
-0.2395525
-0.6022854
0.20685959
0.015611649
0.07153797
-0.24880886
-0.203866
-0.3052492
-0.1172533
-0.1163044
-0.09900761
-0.15083313
