473
47
97
67
63
66
46
474
501
445
48
79
697
529
139
418
69
70
50
591
68
93
45
92
62
51
91
121
96
619
49
38
41
37
503
99
416
107
75
76
64
698
65
387
60
359
122
531
559
94
98
40
444
110
388
39
61
419
367
564
364
80
95
391
34
44
90
35
557
78
120
594
472
554
36
144
108
417
702
360
71
595
142
748
125
124
613
740
77
170
167
87
720
415
118
567
43
542
250
172
751
580
475
59
664
200
570
563
666
339
585
732
13
590
446
123
422
568
12
621
106
153
526
527
726
73
598
565
622
126
555
589
696
614
256
734
467
517
447
593
641
539
100
541
536
368
331
502
162
441
104
498
646
721
357
763
451
228
358
72
343
540
116
255
596
166
528
117
163
489
607
725
547
105
119
592
749
634
552
582
656
588
566
689
657
508
386
329
687
356
625
608
739
465
171
81
597
496
581
738
626
491
138
661
584
599
450
332
414
690
478
719
403
190
313
460
88
628
154
286
618
192
463
733
85
187
774
33
193
612
397
758
663
365
636
215
553
617
616
413
684
464
468
653
370
267
261
101
514
650
556
561
609
213
470
775
150
4
499
266
155
652
315
752
128
509
195
637
781
440
26
433
74
434
185
681
127
327
627
137
513
219
103
197
288
583
620
699
479
390
461
512
635
768
260
730
571
469
569
672
610
18
102
371
25
53
783
220
11
287
615
109
216
265
353
349
168
780
623
452
703
188
776
658
209
476
294
141
20
369
15
511
354
537
57
83
497
28
383
355
293
0
140
311
560
381
692
112
189
558
316
643
24
321
56
759
500
214
462
428
518
217
135
533
148
218
482
328
543
408
744
764
654
3
16
655
426
240
376
688
660
54
27
406
341
6
490
638
755
21
492
754
285
398
146
178
29
671
233
129
156
430
181
377
495
683
431
289
134
174
145
348
30
314
700
667
436
345
633
624
400
241
82
283
432
410
31
55
182
130
111
303
198
562
766
686
297
239
208
645
392
238
23
149
399
546
728
380
1
330
456
782
58
457
32
525
52
407
165
179
439
453
378
86
291
743
212
466
644
423
5
443
160
284
147
225
665
659
245
175
682
382
292
8
483
424
10
351
727
259
515
404
767
401
673
735
669
438
262
234
425
685
481
662
223
132
131
532
757
184
196
211
442
586
186
237
535
396
385
411
448
693
530
89
222
183
226
363
