40
39
41
45
614
47
561
44
46
79
309
533
724
224
64
48
63
416
444
88
49
503
647
50
92
91
87
669
59
415
445
38
150
90
284
35
332
304
394
387
675
60
93
78
139
95
719
51
106
443
668
472
62
473
66
123
276
248
420
696
369
722
642
641
121
37
94
306
36
167
165
752
89
397
151
666
153
359
135
778
105
34
544
303
674
501
723
132
585
500
398
388
300
67
331
58
247
694
611
371
97
137
107
527
148
149
721
568
425
684
716
619
339
43
569
471
360
386
769
610
529
688
77
13
368
110
750
629
526
216
498
367
764
773
583
182
12
392
655
220
33
315
658
499
257
643
667
208
168
740
108
154
441
6
181
294
161
453
312
591
703
180
528
344
152
731
554
85
268
370
717
514
543
96
414
699
540
251
187
481
61
215
718
483
32
704
285
582
140
780
659
342
399
159
124
556
256
753
193
201
245
283
11
656
56
570
504
690
639
176
631
54
689
621
349
230
274
615
204
395
592
612
484
630
384
455
116
763
685
131
207
761
657
232
548
275
74
246
337
1
677
519
466
166
7
186
747
720
546
126
298
581
68
229
412
365
520
547
776
340
496
31
686
65
241
0
345
552
644
649
700
217
314
271
188
604
333
273
754
555
336
452
648
580
701
4
120
223
209
470
603
542
343
605
727
119
541
18
762
613
633
782
270
179
469
5
160
75
513
640
221
456
645
729
756
497
411
661
272
286
20
169
174
602
290
175
512
423
281
511
430
385
2
98
133
755
190
638
127
606
267
282
328
564
196
10
84
111
15
57
158
567
231
203
156
562
468
508
356
495
372
255
53
212
264
457
465
632
102
14
571
539
383
25
122
27
129
289
244
237
509
672
189
492
178
545
3
173
551
454
549
760
130
771
335
515
162
743
316
671
141
9
695
134
651
214
99
183
596
485
295
327
660
624
355
376
287
594
202
210
575
291
560
213
622
522
317
730
553
534
438
318
424
348
482
252
510
403
714
118
308
427
30
206
262
28
628
227
52
76
654
728
128
400
104
80
23
419
768
258
746
147
536
236
715
184
288
634
574
623
382
428
587
524
597
218
682
607
691
377
608
475
523
439
205
16
566
759
476
234
302
687
17
341
679
22
494
748
777
353
451
375
112
781
576
537
322
758
113
366
711
486
101
358
326
21
238
770
269
233
401
211
664
601
19
334
673
82
413
280
538
751
680
310
243
172
626
8
301
589
155
73
26
713
521
741
55
157
550
311
198
618
177
265
683
125
620
440
115
296
235
225
373
261
321
480
103
240
100
29
662
297
732
783
726
681
467
733
702
710
292
185
83
487
532
767
449
595
320
404
24
219
749
599
516
734
426
319
442
338
774
725
299
200
228
170
459
584
598
409
447
488
652
563
446
579
474
572
502
391
448
81
697
460
396
171
637
665
705
417
226
324
463
144
464
435
199
389
254
530
418
478
490
531
506
559
558
