138
766
429
307
676
646
744
493
593
364
625
518
346
279
757
709
410
263
653
109
146
192
421
458
578
432
712
765
692
195
525
191
437
354
609
242
72
260
277
305
739
636
635
117
779
350
402
136
405
698
330
600
380
433
577
406
362
479
86
663
357
347
378
313
325
650
627
239
735
374
745
42
431
278
197
259
670
557
678
361
590
775
352
436
573
693
381
491
742
517
163
707
266
772
329
407
617
450
379
293
363
393
143
505
706
390
736
434
422
616
477
737
535
323
708
738
588
351
69
565
461
164
253
489
408
145
142
71
462
70
249
507
250
114
194
222
586
