694
680
458
778
515
314
28
218
319
461
148
759
0
755
345
722
357
354
235
419
644
7
690
187
26
547
323
237
57
548
516
318
754
189
682
313
579
517
448
777
410
207
53
460
750
692
511
20
326
290
188
31
14
560
270
780
262
751
691
297
243
380
487
149
282
213
227
21
651
320
672
366
720
706
315
264
413
446
244
56
576
341
215
82
261
401
232
612
4
258
489
329
782
2
730
263
330
486
6
727
283
27
439
325
154
738
356
501
292
168
85
713
206
491
411
661
198
8
353
295
707
457
339
625
280
714
551
378
521
434
485
701
715
185
381
626
462
658
296
543
436
385
700
504
737
689
408
176
605
257
490
10
346
430
598
186
304
710
627
743
246
438
735
762
718
146
359
741
493
541
405
693
624
328
210
291
587
375
736
211
597
484
616
765
532
492
709
526
456
238
654
212
179
683
749
394
177
452
542
763
234
412
771
520
533
554
252
630
652
268
649
639
286
773
402
695
277
767
742
151
367
183
464
239
716
633
321
199
530
640
145
480
585
240
437
184
139
363
650
588
347
502
293
465
178
623
766
717
374
350
655
748
573
340
708
429
544
584
463
666
255
582
684
746
653
312
685
669
712
39
656
613
322
739
611
775
81
657
309
307
266
744
360
586
474
253
667
86
121
745
43
531
124
747
118
622
127
764
719
594
568
752
120
267
171
567
391
641
80
475
418
281
126
303
228
389
770
225
40
390
250
668
331
335
294
122
583
123
256
621
332
71
97
769
114
69
143
89
138
142
95
529
361
251
44
115
362
74
197
68
278
94
90
558
557
66
79
65
503
91
92
64
590
334
724
96
93
696
67
