206
406
636
661
466
44
277
159
618
127
652
289
599
630
510
537
128
358
509
205
436
158
501
297
499
473
151
723
539
232
326
305
697
217
126
451
39
556
38
483
187
389
107
231
550
175
204
251
632
194
203
226
86
430
208
706
517
134
56
92
67
228
176
447
22
664
587
170
286
1
166
75
133
234
329
218
554
125
753
488
179
592
511
695
559
168
59
109
269
748
532
546
361
608
458
178
639
526
264
60
357
254
565
369
309
633
384
182
230
161
373
223
270
610
335
136
165
553
189
631
490
757
653
355
327
465
531
493
598
37
383
581
519
19
607
142
663
402
452
609
635
211
207
582
250
89
471
61
296
77
177
570
85
184
629
783
236
23
17
676
222
385
694
139
605
780
766
311
580
670
584
752
213
364
3
215
491
474
619
578
589
209
504
57
50
14
360
197
626
113
728
779
732
641
579
195
237
52
337
186
555
624
132
751
542
535
423
746
625
775
640
28
143
54
650
11
476
654
241
470
740
725
606
645
665
502
225
119
593
453
767
319
47
162
454
212
552
152
586
590
497
472
339
540
313
227
214
611
424
743
563
480
235
648
739
734
427
597
620
146
129
362
560
667
627
425
410
118
34
764
603
438
443
419
612
252
199
336
646
388
496
704
43
637
291
401
90
265
692
551
131
615
596
431
148
280
428
282
506
16
317
536
591
141
8
307
91
185
374
210
498
773
397
666
171
49
628
524
719
724
359
262
422
726
201
399
564
651
435
429
717
703
700
26
30
730
392
759
81
413
747
774
478
583
722
770
180
87
736
150
130
642
145
4
124
444
94
363
396
84
760
718
643
149
702
492
769
10
457
662
138
308
345
462
5
393
525
693
518
173
45
671
242
24
515
735
306
529
144
456
449
202
455
771
169
32
698
530
181
147
426
33
755
114
558
675
557
164
416
672
64
31
415
365
20
713
290
711
110
312
745
21
776
448
762
679
731
27
763
116
42
754
268
2
115
394
463
442
395
782
63
174
772
240
464
281
334
503
523
105
256
117
46
621
55
674
391
604
82
272
768
120
778
614
400
638
68
705
418
569
505
588
750
48
712
669
153
761
541
477
25
41
224
73
338
533
562
744
58
79
310
398
543
263
710
279
100
758
561
155
255
742
733
76
243
271
441
157
765
450
368
568
293
469
720
738
749
678
696
414
104
101
714
585
715
708
66
318
154
701
356
99
544
571
387
69
299
96
93
300
70
367
71
95
613
709
123
51
634
513
121
486
108
98
238
102
649
572
239
283
172
295
459
53
707
97
122
103
346
777
386
156
434
673
78
668
421
487
741
545
328
737
12
460
294
461
266
432
267
647
433
