693
1021
718
278
321
574
134
129
475
289
385
102
897
427
306
428
432
865
335
242
681
1000
607
662
741
394
779
827
942
58
107
860
280
247
807
889
160
847
905
751
608
863
625
996
334
727
279
967
497
161
362
351
260
998
778
373
800
650
695
448
333
445
527
717
393
750
509
267
1004
494
339
1013
554
911
337
498
535
368
477
752
405
956
749
952
725
526
336
299
1014
525
396
628
503
395
340
587
1005
329
310
555
361
716
309
683
529
715
593
332
682
688
429
588
275
719
721
748
594
331
747
561
298
726
307
374
431
746
689
528
714
562
308
530
590
330
342
694
499
720
556
341
500
464
430
589
558
557
495
564
496
596
462
595
532
531
563
463
