1
3
6
7
15
16
19
20
24
27
33
35
38
42
43
47
48
49
55
56
58
61
62
65
66
67
72
73
77
82
84
85
92
95
99
102
104
105
106
109
110
113
115
116
118
119
120
125
128
131
134
147
149
150
151
157
159
160
161
163
166
169
170
172
174
179
181
185
186
193
198
199
208
210
212
214
217
219
221
222
225
226
227
232
235
236
237
238
240
241
244
245
247
248
249
250
252
253
256
257
258
259
260
261
266
268
273
275
278
280
284
285
286
290
291
292
293
295
298
299
300
303
304
306
308
315
318
320
321
322
324
325
326
331
333
336
338
340
344
352
359
360
362
363
371
373
376
381
387
389
390
391
394
396
398
399
400
401
403
404
405
412
414
417
418
420
421
423
425
429
431
434
435
439
443
444
445
446
448
452
454
456
457
458
466
467
469
470
477
479
481
484
486
492
496
497
501
502
503
511
512
513
515
516
519
520
527
530
532
533
536
539
541
542
543
547
549
551
552
553
555
558
562
563
564
565
569
571
575
578
579
582
583
589
591
599
603
604
606
609
610
612
613
616
622
624
627
629
630
632
633
634
635
639
641
642
643
646
653
655
659
660
661
664
668
674
678
681
688
690
691
692
693
697
698
706
707
708
712
714
715
717
720
722
728
731
733
736
737
738
740
741
744
748
751
752
757
759
760
761
764
765
774
775
781
784
787
789
793
796
799
800
802
803
805
806
810
813
816
823
827
828
829
830
833
834
837
838
839
844
851
857
858
862
863
864
867
868
870
872
873
874
875
876
877
878
879
881
888
891
892
893
896
899
901
902
905
910
914
915
919
921
922
924
926
928
931
936
938
939
940
945
951
953
954
959
961
965
968
969
970
971
974
975
976
980
982
983
985
990
992
995
996
999
1000
1001
1002
1003
1005
1007
1010
1013
1014
1015
1016
1023
1024
1026
1029
1032
1033
1036
1039
1043
1044
1045
1046
1048
1049
1050
1051
1052
1053
1055
1056
1058
1059
1062
1064
1065
1068
1073
1074
1076
1077
1080
1082
1086
1087
1090
1101
1105
1107
1112
1120
1121
1124
1125
1128
1130
1132
1138
1140
1145
1147
1151
1155
1156
1157
1158
1159
1163
1165
1167
1170
1173
1174
1176
1177
1181
1182
1183
1184
1185
1187
1190
1191
1192
1194
1197
1198
1200
1202
1204
1207
1208
1210
1217
1219
1222
1224
1225
1226
1228
1229
1230
1232
1234
1237
1242
1245
1247
1248
1249
1251
1252
1256
1258
1259
1260
1262
1263
1264
1267
1269
1273
1275
1277
1282
1286
1287
1289
1299
1300
1301
1303
1304
1306
1308
1309
1312
1314
1317
1319
1320
1322
1323
1324
1326
1327
1328
1330
1331
1335
1336
1337
1339
1341
1342
1345
1348
1349
1352
1353
1355
1356
1357
1365
1371
1372
1374
1375
1380
1381
1382
1391
1393
1394
1402
1404
1407
1408
1409
1410
1411
1412
1413
1415
1416
1417
1418
1421
1422
1423
1427
1429
1431
1432
1433
1435
1437
1439
1440
1441
1443
1446
1449
1451
1459
1461
1462
1464
1466
1468
1469
1470
1472
1474
1476
1481
1485
1486
1487
1494
1499
1500
1502
1506
1509
1511
1512
1514
1516
1518
1521
1522
1523
1525
1530
1532
1534
1538
1541
1542
1546
1547
1549
1551
1552
1553
1554
1556
1557
1559
1561
1567
1568
1570
1571
1572
1574
1575
1581
1584
1585
1587
1594
1596
1599
1601
1604
1607
1609
1613
1614
1619
1620
1622
1625
1626
1627
1634
1640
1642
1644
1645
1647
1649
1652
1654
1655
1656
1658
1663
1664
1665
1666
1669
1675
1678
1679
1681
1682
1684
1686
1687
1689
1694
1696
1702
1706
1709
1711
1714
1717
1719
1721
1722
1732
1735
1737
1740
1743
1745
1749
1751
1752
1754
1757
1771
1772
1774
1778
1781
1782
1786
1787
1788
1790
1794
1795
1796
1800
1802
1811
1812
1813
1815
1816
1817
1821
1822
1824
1825
1827
1833
1839
1842
1843
1850
1851
1852
1853
1855
1862
1863
1864
1865
1872
1873
1874
1878
1879
1880
1881
1882
1890
1891
1893
1895
1899
1901
1904
1906
1908
1910
1912
1913
1914
1915
1917
1920
1924
1927
1932
1936
1938
1941
1942
1943
1947
1952
1954
1956
1958
1959
1963
1964
1965
1968
1969
1973
1978
1979
1980
1981
1982
1983
1984
1987
1989
1991
1998
2001
2004
2006
2007
2009
2011
2012
2016
2022
2024
2035
2038
2040
2043
2044
2046
2049
2050
2052
2053
2055
2056
2058
2060
2061
2065
2068
2073
2074
2081
2082
2084
2085
2086
2087
2088
2090
2092
2093
2094
2098
2100
2101
2107
2108
2109
2110
2112
2113
2114
2115
2116
2117
2118
2119
2120
2121
2122
2124
2126
2129
2133
2135
2138
2142
2145
2146
2147
2148
2152
2157
2158
2163
2165
2168
2169
2172
2173
2176
2177
2183
2184
2185
2186
2188
2189
2191
2197
2198
2200
2201
2202
2203
2205
2206
2207
2208
2213
2216
2218
2219
2225
2226
2227
2232
2233
2242
2244
2246
2248
2249
2251
2253
2254
2257
2259
2260
2264
2265
2269
2271
2272
2289
2291
2293
2296
2297
2299
2307
2309
2310
2311
2313
2322
2323
2327
2328
2329
2330
2338
2341
2345
2349
2353
2354
2361
2362
2363
2368
2369
2371
2374
2380
2386
2387
2388
2389
2390
2391
2393
2394
2395
2396
2397
2401
2402
2403
2404
2406
2408
2410
2412
2414
2419
2420
2422
2425
2426
2429
2430
2432
2433
2436
2437
2439
2446
2447
2448
2449
2456
2457
2459
2462
2464
2467
2470
2472
2475
2477
2481
2488
2489
2491
2493
2495
2496
2497
2498
2499
2500
2503
2509
2512
2514
2516
2517
2520
2526
2528
2530
2532
2537
2543
2548
2552
2556
2557
2562
2565
2570
2571
2572
2573
2575
2582
2584
2585
2586
2589
2596
2598
2600
2602
2604
2607
2608
2613
2615
2617
2621
2625
2630
2635
2636
2639
2644
2645
2648
2651
2652
2654
2657
2658
2659
2662
2664
2668
2669
2673
2675
2678
2679
2680
2681
2683
2684
2685
2686
2687
2689
2690
2691
2692
2695
2696
2698
2699
2701
2708
2715
2720
2721
2724
2726
2729
2733
2735
2739
2741
2743
2744
2748
2752
2753
2755
2756
2758
2760
2763
2770
2771
2778
2780
2781
2783
2784
2787
2793
2800
2802
2804
2806
2809
2810
2812
2818
2821
2834
2836
2838
2848
2849
2850
2852
2853
2856
2857
2859
2861
2862
2863
2864
2866
2869
2870
2872
2875
2882
2886
2889
2891
2892
2895
2896
2898
2900
2901
2904
2905
2907
2908
2910
2911
2915
2917
2918
2927
2930
2934
2935
2936
2937
2939
2940
2948
2949
2953
2954
2958
2960
2962
2964
2966
2970
2971
2972
2973
2977
2979
2981
2983
2987
2990
2995
2998
2999
3001
3002
3005
3006
3012
3021
3023
3025
3029
3030
3032
3033
3034
3037
3042
3046
3047
3048
3053
3056
3057
3060
3062
3064
3065
3066
3068
3071
3073
3081
3086
3089
3091
3100
3102
3105
3106
3108
3112
3114
3116
3117
3119
3123
3128
3129
3130
3134
3137
3139
3142
3147
3149
3150
3151
3153
3154
3155
3157
3160
3163
3168
3169
3172
3174
3176
3180
3183
3186
3191
3192
3195
3198
3200
3201
3204
3205
3206
3207
3216
3222
3223
3225
3228
3229
3232
3233
3235
3238
3239
3240
3241
3243
3245
3246
3247
3251
3256
3257
3258
3260
3263
3266
3267
3269
3273
3274
3275
3278
3279
3280
3282
3284
3286
3287
3288
3291
3293
3301
3302
3305
3318
3319
3323
3324
3327
3330
3331
3332
3336
3337
3338
3339
3340
3343
3344
3355
3357
3358
3366
3367
3369
3370
3373
3375
3377
3381
3384
3387
3388
3389
3392
3394
3396
3397
3404
3406
3410
3413
3415
3426
3428
3429
3431
3435
3436
3437
3440
3444
3450
3456
3459
3460
3463
3465
3466
3472
3473
3474
3475
3478
3482
3483
3485
3489
3490
3496
3497
3499
3500
3502
3503
3507
3508
3510
3511
3513
3514
3516
3519
3520
3521
3522
3526
3529
3530
3533
3534
3536
3541
3543
3547
3549
3551
3553
3555
3558
3559
3561
3563
3564
3565
3566
3567
3568
3571
3573
3574
3575
3577
3578
3583
3590
3596
3597
3599
3600
3604
3607
3610
3611
3612
3617
3621
3624
3626
3628
3629
3631
3633
3635
3644
3646
3653
3655
3658
3661
3663
3664
3668
3672
3674
3675
3681
3682
3684
3687
3688
3694
3696
3697
3698
3702
3703
3704
3708
3709
3711
3716
3718
3722
3723
3726
3728
3729
3730
3731
3732
3737
3742
3749
3751
3752
3755
3757
3758
3759
3762
3766
3767
3770
3772
3773
3775
3776
3780
3781
3785
3792
3793
3794
3796
3798
3802
3807
3808
3810
3811
3813
3816
3817
3819
3821
3823
3828
3831
3832
3833
3834
3838
3839
3844
3845
3847
3850
3853
3855
3857
3861
3862
3864
3865
3869
3872
3873
3875
3876
3879
3882
3884
3887
3889
3892
3893
3895
3898
3899
3902
3903
3904
3905
3906
3909
3912
3913
3915
3916
3918
3921
3924
3926
3927
3929
3932
3933
3934
3938
3941
3943
3945
3946
3950
3951
3954
3956
3958
3961
3963
3964
3966
3967
3968
3970
3976
3981
3984
3985
3986
3988
3989
3998
4000
4009
4011
4015
4017
4018
4020
4024
4027
4029
4030
4038
4040
4041
4045
4046
4052
4055
4058
4059
4060
4062
4063
4065
4066
4067
4068
4071
4072
4075
4076
4078
4092
4095
4096
4098
4100
4103
4111
4113
4114
4115
4116
4121
4122
4124
4127
4129
4131
4133
4134
4135
4137
4141
4143
4145
4146
4148
4149
4152
4154
4156
4157
4158
4159
4161
4163
4165
4167
4173
4174
4176
4180
4183
4187
4189
4192
4194
4196
4197
4199
4201
4202
4205
4206
4209
4210
4213
4217
4218
4221
4223
4224
4227
4229
4230
4235
4237
4238
4239
4240
4241
4245
4246
4247
4248
4250
4251
4253
4255
4256
4257
4258
4259
4260
4261
4263
4265
4266
4268
4269
4272
4274
4275
4279
4280
4283
4287
4289
4290
4291
4293
4294
4296
4300
4301
4313
4314
4316
4321
4324
4326
4332
4333
4338
4339
4341
4342
4345
4350
4353
4354
4355
4356
4360
4361
4362
4363
4366
4367
4369
4370
4371
4372
4375
4377
4380
4382
4383
4384
4385
4387
4389
4396
4398
4399
4401
4402
4405
4407
4408
4411
4414
4415
4417
4418
4419
4421
4422
4424
4425
4426
4427
4429
4431
4432
4433
4434
4436
4438
4439
4440
4442
4445
4447
4449
4451
4452
4456
4461
4470
4472
4473
4475
4476
4477
4478
4481
4482
4483
4486
4490
4496
4497
4498
4500
4502
4503
4504
4506
4508
4510
4514
4517
4519
4523
4531
4534
4536
4543
4544
4545
4546
4548
4549
4550
4553
4556
4559
4560
4562
4567
4568
4571
4572
4573
4575
4576
4577
4582
4584
4585
4592
4594
4596
4598
4601
4605
4607
4609
4615
4616
4620
4625
4626
4629
4632
4633
4634
4636
4639
4640
4648
4652
4657
4659
4661
4665
4666
4667
4668
4673
4679
4681
4684
4689
4692
4695
4696
4698
4699
4700
4701
4705
4706
4709
4710
4713
4716
4721
4723
4724
4725
4726
4731
4734
4735
4737
4738
4739
4740
4745
4750
4751
4752
4753
4761
4762
4772
4775
4777
4785
4786
4788
4789
4792
4805
4807
4808
4812
4814
4817
4820
4822
4823
4826
4827
4829
4835
4840
4842
4845
4846
4848
4849
4850
4852
4857
4860
4866
4870
4873
4874
4876
4878
4880
4882
4884
4885
4886
4889
4890
4893
4895
4896
4899
4901
4905
4906
4910
4912
4915
4916
4918
4920
4922
4923
4929
4939
4941
4942
4943
4944
4945
4948
4950
4956
4959
4960
4961
4962
4963
4964
4965
4966
4967
4968
4969
4971
4975
4976
4981
4985
4986
4987
4988
4990
4995
4997
4998
5001
5002
5004
5006
5009
5011
5015
5016
5017
5018
5019
5022
5024
5026
5027
5029
5033
5035
5037
5038
5041
5043
5045
5046
5051
5054
5057
5060
5062
5065
5067
5068
5070
5075
5078
5084
5086
5089
5095
5097
5099
5100
5105
5106
5108
5118
5119
5120
5123
5125
5127
5129
5130
5138
5140
5142
5143
5149
5150
5151
5155
5164
5165
5167
5168
5169
5175
5176
5178
5183
5184
5189
5191
5192
5195
5200
5201
5202
5204
5210
5212
5216
5217
5220
5224
5225
5233
5236
5237
5238
5239
5243
5244
5248
5250
5255
5256
5260
5264
5266
5267
5270
5272
5274
5282
5284
5289
5292
5298
5306
5308
5312
5320
5322
5331
5338
5339
5340
5343
5344
5345
5347
5349
5352
5355
5358
5360
5362
5366
5367
5373
5376
5377
5379
5381
5385
5387
5389
5390
5392
5393
5394
5397
5404
5407
5413
5414
5417
5419
5423
5426
5427
5433
5434
5436
5438
5448
5449
5455
5459
5463
5464
5475
5478
5487
5491
5494
5495
5502
5503
5504
5505
5507
5509
5515
5517
5519
5521
5522
5525
5530
5532
5536
5537
5541
5543
5545
5546
5547
5548
5556
5557
5560
5561
5562
5567
5569
5575
5577
5578
5580
5589
5595
5600
5605
5607
5611
5615
5617
5620
5621
5622
5626
5627
5629
5631
5632
5634
5636
5641
5642
5643
5644
5647
5650
5654
5656
5663
5664
5667
5672
5675
5678
5680
5691
5692
5696
5698
5704
5707
5709
5710
5713
5714
5716
5719
5720
5723
5725
5726
5730
5731
5733
5734
5739
5744
5748
5749
5753
5754
5757
5761
5763
5767
5772
5774
5784
5785
5787
5790
5799
5800
5802
5812
5814
5820
5822
5823
5828
5830
5832
5835
5836
5838
5840
5842
5849
5851
5855
5856
5857
5858
5862
5863
5864
5867
5868
5869
5870
5874
5875
5876
5879
5881
5882
5883
5885
5887
5888
5890
5891
5894
5895
5897
5900
5907
5909
5910
5911
5912
5919
5921
5922
5923
5924
5926
5927
5931
5934
5936
5937
5940
5941
5944
5946
5950
5955
5956
5957
5960
5962
5968
5969
5972
5973
5974
5975
5976
5979
5980
5981
5983
5986
5987
5995
5997
6013
6014
6018
6019
6021
6022
6023
6024
6025
6032
6034
6035
6036
6037
6040
6041
6042
6043
6045
6049
6051
6052
6056
6059
6062
6064
6066
6071
6074
6080
6081
6084
6086
6091
6093
6100
6102
6106
6107
6109
6111
6112
6116
6118
6120
6123
6124
6126
6132
6138
6139
6143
6152
6153
6156
6157
6160
6166
6168
6172
6173
6175
6176
6178
6183
6185
6188
6189
6191
6193
6195
6199
6200
6203
6205
6209
6211
6212
6214
6217
6219
6220
6225
6227
6228
6234
6235
6238
6240
6241
6246
6249
6251
6256
6262
6266
6268
6271
6274
6275
6281
6288
6295
6296
6297
6300
6304
6305
6309
6311
6312
6313
6318
6321
6323
6330
6332
6340
6343
6345
6347
6348
6351
6352
6357
6358
6359
6362
6367
6369
6370
6372
6373
6376
6378
6384
6385
6391
6394
6395
6396
6400
6409
6411
6412
6416
6417
6418
6420
6422
6423
6425
6427
6431
6432
6435
6436
6439
6442
6443
6446
6448
6451
6457
6458
6459
6460
6462
6465
6466
6469
6470
6471
6473
6475
6480
6481
6485
6487
6495
6496
6497
6499
6505
6507
6512
6513
6519
6520
6521
6523
6524
6528
6534
6536
6541
6544
6554
6555
6557
6558
6560
6562
6565
6568
6569
6571
6573
6574
6575
6577
6578
6581
6583
6584
6595
6596
6597
6598
6603
6605
6607
6608
6610
6611
6614
6616
6617
6625
6627
6631
6632
6635
6636
6641
6642
6643
6645
6649
6651
6657
6659
6671
6672
6675
6686
6691
6696
6698
6699
6703
6706
6710
6713
6715
6718
6721
6723
6737
6738
6739
6740
6744
6750
6755
6761
6765
6766
6769
6772
6773
6779
6784
6785
6786
6792
6796
6797
6800
6802
6806
6807
6808
6810
6812
6816
6817
6818
6820
6822
6826
6828
6831
6834
6836
6838
6839
6843
6844
6847
6849
6850
6851
6854
6859
6861
6864
6865
6866
6867
6872
6878
6884
6885
6890
6894
6898
6906
6910
6911
6912
6914
6915
6920
6924
6926
6929
6931
6935
6939
6949
6951
6956
6958
6959
6967
6980
6981
6983
6984
6988
6989
6990
6993
6997
6998
6999
7002
7004
7007
7009
7011
7012
7013
7015
7016
7022
7029
7031
7033
7035
7043
7044
7046
7047
7060
7061
7062
7070
7074
7080
7081
7083
7084
7089
7090
7093
7095
7099
7100
7102
7107
7109
7112
7114
7119
7120
7125
7127
7129
7130
7132
7133
7139
7143
7147
7148
7151
7154
7156
7162
7163
7164
7168
7178
7179
7184
7186
7192
7198
7200
7201
7208
7210
7211
7212
7216
7220
7227
7231
7233
7234
7237
7240
7242
7243
7245
7246
7249
7254
7256
7258
7259
7263
7266
7271
7273
7281
7283
7284
7291
7293
7301
7304
7308
7309
7313
7316
7317
7321
7322
7327
7328
7332
7336
7337
7338
7339
7341
7345
7348
7349
7352
7354
7359
7361
7363
7364
7366
7367
7368
7376
7381
7383
7385
7386
7391
7394
7400
7402
7406
7410
7412
7417
7420
7423
7425
7426
7427
7428
7429
7434
7435
7436
7444
7446
7450
7457
7459
7469
7472
7473
7474
7481
7482
7483
7486
7491
7492
7494
7496
7497
7500
7502
7506
7508
7511
7514
7516
7518
7526
7528
7537
7539
7545
7553
7558
7560
7564
7566
7569
7570
7571
7572
7574
7575
7577
7579
7580
7583
7586
7587
7592
7597
7599
7603
7604
7609
7611
7615
7616
7619
7624
7627
7633
7635
7637
7640
7641
7642
7651
7653
7657
7660
7662
7663
7664
7669
7671
7672
7676
7678
7680
7682
7683
7685
7687
7689
7691
7694
7696
7698
7702
7704
7707
7710
7713
7716
7718
7720
7724
7726
7727
7736
7739
7741
7749
7755
7759
7762
7767
7770
7772
7773
7774
7775
7776
7779
7781
7782
7785
7788
7789
7794
7795
7797
7800
7805
7808
7809
7815
7823
7828
7834
7846
7849
7851
7854
7857
7858
7859
7860
7864
7867
7871
7874
7876
7884
7886
7895
7902
7905
7907
7915
7917
7921
7935
7945
7946
7955
7957
7958
7971
7972
7982
7986
7991
7994
8010
8016
8019
8020
8025
8033
8046
8047
8055
8059
8066
8069
8072
8075
8079
8084
8091
8094
8095
8096
8097
8102
8103
8104
8108
8112
8114
8131
8132
8135
8136
8147
8155
8157
8165
8174
8181
8182
8183
8189
8198
8200
8204
8208
8210
8213
8217
8222
8223
8228
8232
8242
8245
8246
8247
8249
8258
8259
8260
8263
8266
8267
8269
8272
8273
8274
8277
8278
8279
8286
8292
8293
8294
8295
8296
8297
8298
8300
8301
8308
8309
8311
8315
8318
8319
8320
8322
8323
8325
8339
8347
8355
8357
8362
8363
8365
8374
8378
8381
8383
8384
8388
8389
8392
8394
8395
8400
8405
8408
8413
8415
8416
8424
8426
8431
8434
8436
8438
8442
8450
8452
8453
8456
8460
8462
8466
8467
8470
8472
8479
8482
8484
8486
8489
8495
8498
8500
8501
8503
8504
8505
8506
8511
8514
8519
8520
8521
8522
8523
8527
8531
8532
8534
8537
8544
8550
8552
8556
8557
8560
8562
8569
8574
8582
8583
8584
8585
8589
8590
8592
8594
8596
8597
8599
8602
8609
8610
8612
8613
8615
8616
8618
8625
8626
8635
8639
8643
8646
8648
8649
8660
8661
8662
8664
8667
8669
8670
8673
8675
8679
8683
8685
8689
8693
8699
8704
8707
8709
8712
8714
8721
8722
8725
8726
8728
8735
8738
8746
8748
8752
8754
8755
8756
8757
8759
8770
8773
8775
8778
8781
8790
8793
8794
8796
8797
8800
8802
8807
8810
8816
8820
8829
8830
8832
8836
8838
8843
8844
8867
8868
8870
8877
8880
8882
8889
8893
8894
8898
8902
8907
8912
8913
8915
8917
8919
8923
8924
8927
8928
8933
8934
8936
8941
8942
8943
8945
8950
8951
8958
8960
8965
8966
8967
8969
8973
8975
8981
8983
8997
8999
9006
9007
9008
9009
9010
9011
9015
9016
9018
9019
9020
9022
9023
9024
9025
9026
9027
9028
9032
9033
9034
9037
9042
9043
9046
9048
9057
9062
9064
9069
9072
9074
9078
9079
9082
9084
9088
9092
9093
9097
9098
9102
9103
9104
9107
9110
9111
9116
9117
9118
9123
9126
9128
9129
9131
9135
9136
9139
9141
9142
9145
9149
9150
9152
9153
9154
9158
9161
9165
9168
9170
9173
9181
9182
9183
9187
9191
9192
9197
9201
9205
9208
9209
9211
9215
9217
9219
9220
9221
9223
9224
9225
9231
9235
9237
9238
9244
9246
9252
9253
9256
9259
9263
9266
9268
9271
9276
9280
9281
9284
9286
9293
9303
9304
9307
9309
9316
9318
9320
9321
9322
9326
9333
9341
9342
9344
9346
9347
9349
9350
9351
9353
9357
9359
9371
9375
9376
9379
9381
9389
9394
9406
9408
9409
9411
9412
9417
9420
9421
9422
9423
9427
9429
9446
9450
9452
9453
9466
9470
9471
9472
9473
9476
9478
9480
9481
9482
9483
9484
9487
9490
9492
9496
9500
9502
9508
9512
9521
9525
9526
9530
9534
9535
9537
9538
9542
9547
9550
9552
9558
9564
9565
9569
9571
9577
9578
9585
9587
9592
9595
9597
9600
9603
9613
9614
9617
9620
9621
9623
9624
9625
9626
9630
9631
9633
9634
9635
9636
9638
9639
9642
9643
9646
9651
9652
9654
9656
9658
9662
9663
9664
9666
9667
9668
9669
9670
9672
9677
9679
9680
9681
9685
9686
9687
9688
9691
9692
9694
9695
9696
9697
9698
9700
9703
9704
9706
9707
9711
9712
9716
9720
9722
9724
9726
9728
9729
9730
9732
9733
9734
9735
9736
9738
9739
9740
9741
9742
9744
9745
9746
9748
9749
9751
9752
9753
9755
9759
9764
9765
9766
9768
9770
9771
9773
9775
9776
9778
9779
9780
9782
9783
9785
9786
9788
9791
9792
9794
9798
9800
9803
9808
9809
9811
9817
9818
9820
9826
9827
9829
9832
9834
9835
9839
9840
9847
9849
9850
9853
9854
9855
9856
9857
9858
9863
9865
9867
9874
9877
9879
9880
9884
9885
9887
9890
9892
9893
9900
9901
9902
9905
9910
9913
9914
9918
9919
9920
9921
9922
9928
9930
9932
9933
9934
9936
9937
9939
9942
9943
9945
9951
9954
9959
9960
9962
9964
9967
9970
9971
9975
9980
9982
9985
9986
9987
9991
9992
9993
9995
9997
