523
491
555
492
524
587
556
723
588
722
754
460
459
598
691
724
490
566
755
522
692
630
554
493
599
586
525
619
753
565
597
631
721
620
458
557
461
786
596
527
534
785
756
559
585
567
489
526
589
655
617
663
564
344
618
662
428
752
553
240
623
376
239
728
595
521
533
816
787
784
696
457
664
629
208
725
560
494
51
817
343
592
815
690
624
848
616
502
312
761
278
11
584
272
45
656
552
180
789
600
680
179
488
843
311
632
181
849
22
757
771
648
558
793
1018
971
271
528
993
877
82
207
114
52
245
992
377
246
86
568
837
310
78
213
54
949
766
765
847
150
697
286
0
783
591
635
4
998
985
61
77
669
50
649
10
788
359
729
110
1019
513
345
739
862
977
348
506
986
313
701
456
202
520
798
408
409
569
948
326
876
168
106
939
449
281
970
29
712
305
770
381
3
570
495
224
835
978
474
966
535
195
805
483
482
285
577
200
711
169
349
601
537
249
322
603
53
149
167
327
142
743
214
961
733
830
174
802
994
318
997
170
265
920
909
842
861
414
136
105
871
5
878
610
604
120
118
609
85
855
175
1009
955
133
695
960
93
987
117
111
905
811
201
166
917
60
296
55
89
231
894
675
944
147
304
938
215
303
679
957
514
611
953
43
959
863
12
442
480
151
176
738
836
518
234
875
893
546
94
995
886
226
87
155
227
804
844
416
707
44
1002
284
255
412
241
417
803
512
608
921
481
26
740
677
916
578
814
636
132
119
62
563
413
193
829
448
834
209
182
967
950
825
486
273
818
772
270
46
191
846
143
148
906
538
254
317
539
7
280
163
908
579
427
25
358
380
294
1000
14
97
185
388
867
91
165
826
797
487
990
812
353
57
925
19
258
156
945
838
919
638
958
218
424
382
940
134
42
354
885
645
186
257
183
637
991
1006
68
923
857
154
999
450
59
895
135
946
287
13
571
996
108
24
954
927
9
411
769
918
316
387
157
263
870
277
1003
665
576
56
138
670
279
262
790
146
936
188
30
320
28
69
981
968
162
225
668
976
924
192
2
605
221
505
100
6
1017
887
840
532
187
109
238
36
160
951
572
141
443
868
956
734
410
1
282
295
140
66
384
972
674
319
323
792
375
429
266
889
872
196
444
37
937
607
264
644
79
880
612
325
904
453
910
667
76
447
451
250
854
547
222
153
172
90
23
92
206
839
963
75
767
874
975
922
926
27
642
962
903
104
574
74
128
357
900
386
297
964
515
391
125
121
860
1008
898
41
614
219
907
647
289
164
736
116
199
103
145
540
379
212
32
845
144
858
378
628
1020
742
702
356
415
251
932
107
544
352
744
732
1022
389
337
890
88
478
509
350
217
891
126
741
470
952
152
799
869
455
643
223
477
129
519
324
33
708
806
710
824
64
95
452
774
288
928
256
699
293
678
982
705
866
65
800
314
873
974
901
548
194
232
737
1023
545
198
941
833
549
173
355
115
988
253
220
831
328
989
385
292
101
441
137
321
70
646
510
1010
676
479
965
423
639
884
543
420
810
773
735
896
351
484
929
827
730
973
233
760
892
259
392
913
794
83
291
244
127
73
575
582
418
856
550
681
203
216
422
1007
347
897
260
915
102
130
935
864
35
158
247
983
159
229
21
383
613
123
454
947
476
551
67
96
859
419
58
822
8
131
706
184
248
581
672
980
390
34
931
1021
821
841
580
775
984
190
762
161
98
72
235
99
228
969
634
517
888
171
38
189
832
828
930
700
360
541
508
979
573
813
290
15
178
764
942
902
606
943
881
673
709
731
475
1014
252
124
511
71
879
1001
39
704
796
283
197
421
933
640
439
615
485
445
671
536
31
84
516
899
1012
503
407
809
211
261
230
122
703
807
934
768
853
306
40
63
780
507
641
1013
583
751
666
865
20
446
237
1016
602
823
633
912
471
801
315
177
440
1011
795
779
698
298
81
727
542
243
778
758
473
911
819
338
776
750
210
346
426
309
782
1015
336
425
808
693
1004
17
205
621
139
331
472
763
342
274
777
661
204
48
504
113
914
1005
713
366
363
300
112
393
781
268
329
269
267
332
501
236
745
47
395
883
362
275
660
302
16
49
438
276
747
361
820
299
791
759
689
330
650
370
301
333
882
242
18
852
850
748
627
374
308
334
686
406
687
396
367
335
398
746
80
694
720
719
749
364
590
715
365
371
394
341
307
851
339
397
462
726
399
688
682
714
718
340
594
496
369
651
654
531
373
500
368
463
405
717
653
716
437
683
622
562
469
652
372
659
657
404
430
403
685
431
400
468
593
436
684
625
658
464
499
626
435
561
432
402
401
467
530
529
434
498
497
433
466
465
