753
167
680
723
506
180
82
518
493
742
669
181
856
366
598
514
690
233
490
152
784
433
630
637
458
765
77
685
838
870
524
645
169
1018
271
207
481
840
816
171
322
770
272
873
677
921
480
583
570
698
215
546
971
809
842
186
740
552
766
61
932
960
813
400
148
1002
986
100
455
830
202
901
904
384
646
658
348
166
839
774
803
520
899
755
652
488
153
232
47
86
699
907
0
621
885
822
3
523
843
254
732
83
399
28
121
513
128
620
642
264
234
225
961
2
485
73
182
369
918
52
788
933
896
962
93
985
618
975
59
291
756
43
591
224
470
438
871
793
149
304
110
131
951
841
550
584
44
855
663
142
146
183
1007
940
675
835
958
479
91
632
457
456
660
168
786
939
214
834
414
367
794
124
674
252
381
305
317
143
354
19
869
619
692
218
941
60
976
35
946
482
235
893
398
489
449
724
983
696
1006
787
213
192
900
382
908
109
701
667
11
644
92
887
226
697
10
780
355
891
957
30
1019
54
303
902
97
265
687
522
486
972
256
829
771
917
318
586
895
273
244
5
415
358
772
801
439
196
1010
926
950
255
763
519
987
451
817
568
903
977
802
916
906
130
949
365
424
521
36
269
345
782
349
136
122
959
831
978
223
981
606
783
657
379
668
670
1
1009
26
288
823
372
994
87
290
412
338
536
854
151
132
390
922
104
416
249
707
858
600
798
1003
611
622
781
155
76
51
815
386
702
133
1017
116
450
281
285
810
113
101
984
676
845
991
185
198
344
407
423
99
335
773
471
263
638
222
560
313
368
804
284
982
327
334
8
25
336
1016
465
359
376
553
188
337
432
194
21
78
270
739
877
204
752
159
636
852
117
684
72
15
666
672
948
508
970
111
326
1023
164
163
737
108
312
339
127
41
391
718
818
935
257
541
20
915
419
806
50
587
947
114
259
440
920
210
604
795
925
245
963
919
333
175
45
383
988
137
472
1008
898
812
94
651
85
287
301
515
162
973
352
980
554
876
297
387
328
968
484
447
954
294
115
446
731
147
360
938
881
909
306
762
106
969
311
943
478
931
875
421
320
325
937
375
392
452
296
277
721
408
567
930
884
276
661
945
647
862
483
206
90
353
268
410
300
350
302
1011
688
266
819
914
227
964
750
49
853
700
187
55
378
512
62
639
708
53
443
844
544
96
857
547
738
749
418
673
555
425
610
253
158
751
138
828
769
274
609
184
211
649
248
7
231
955
736
278
292
150
641
990
693
923
411
1015
571
1014
542
730
704
75
197
878
40
156
125
280
118
246
894
217
170
299
965
814
910
882
14
796
262
454
324
314
924
717
837
888
64
966
861
205
316
566
874
413
389
799
105
942
601
979
864
293
588
974
347
95
406
343
216
397
936
504
405
757
251
995
261
929
279
689
286
377
295
46
944
9
629
74
126
282
380
165
824
417
805
69
141
1001
859
79
174
250
208
543
706
193
664
340
545
578
502
953
346
219
307
32
1004
42
643
88
310
258
789
103
428
356
790
33
12
6
298
89
332
792
309
912
275
625
81
243
768
883
68
426
913
237
849
119
267
102
220
577
728
385
764
851
934
247
517
331
735
613
867
135
503
308
203
848
892
134
329
283
70
890
190
719
1012
71
989
833
705
427
357
911
716
123
1013
1005
967
229
23
321
665
38
56
18
615
760
453
442
572
535
679
34
476
431
173
67
634
189
501
22
65
195
461
627
539
63
850
880
999
393
241
712
767
388
997
221
579
905
744
725
993
640
315
597
827
120
176
605
178
330
607
66
474
139
879
39
140
811
534
709
582
1022
715
48
24
80
777
720
565
808
703
129
866
37
741
236
289
84
31
361
846
614
57
628
1020
228
847
832
820
98
444
157
734
191
540
509
525
160
319
373
409
172
807
209
868
58
573
1021
662
863
441
836
17
897
603
145
260
422
775
363
549
671
576
998
821
683
748
865
626
420
161
107
16
429
362
364
1000
341
351
498
499
374
800
574
650
242
548
533
516
507
996
791
448
112
681
581
889
713
956
475
575
952
13
559
342
396
556
602
394
776
682
633
860
779
477
464
612
589
144
745
500
445
695
580
778
395
177
528
758
590
747
497
714
430
593
608
527
694
596
526
557
726
496
727
759
595
746
494
529
561
564
530
531
463
558
495
594
563
532
562
462
