304
306
332
333
277
276
305
362
248
334
136
722
221
220
694
723
249
508
307
250
582
165
510
194
288
138
335
528
464
717
506
193
696
416
562
686
137
274
275
244
164
716
674
648
640
377
740
130
610
634
536
638
568
712
435
714
246
642
676
695
632
710
713
684
620
321
636
434
342
278
376
315
611
690
750
472
290
134
711
247
718
104
715
704
720
105
649
262
613
537
363
289
534
692
509
583
612
414
609
719
174
106
314
396
744
608
511
390
107
232
592
564
721
293
206
593
72
251
689
444
470
349
639
748
222
666
555
709
552
596
687
245
685
708
368
216
272
527
553
566
369
436
668
151
135
465
204
540
316
462
392
468
279
556
400
166
188
660
131
675
102
205
724
74
184
705
480
471
691
667
507
195
565
242
294
545
554
211
128
150
538
541
702
273
224
563
682
214
670
768
569
103
579
658
481
641
543
683
343
578
693
594
573
524
535
618
463
633
217
590
631
176
688
185
428
571
78
597
415
233
549
405
189
439
210
317
677
133
698
129
520
575
742
209
340
236
595
156
213
80
341
661
548
496
350
202
179
635
739
108
492
458
348
218
404
606
139
697
183
208
544
177
626
452
567
260
459
284
370
743
75
738
127
429
126
585
100
598
651
551
73
265
570
401
467
2
605
215
466
741
373
240
526
574
669
76
431
461
525
599
180
8
175
495
607
79
547
646
624
604
58
237
659
187
460
523
498
616
394
657
372
181
539
678
637
664
600
542
438
295
287
621
580
432
77
529
157
223
625
212
318
393
123
572
521
241
499
581
207
643
679
656
433
522
703
749
619
550
469
546
512
519
182
584
730
261
497
97
264
627
346
345
190
82
729
168
192
234
27
513
706
473
731
243
203
371
320
745
453
59
258
347
617
577
336
441
344
437
101
411
680
219
445
629
125
517
728
109
440
699
430
493
302
83
417
303
751
159
99
769
515
403
681
96
623
602
337
442
504
766
491
132
285
494
505
557
601
57
398
235
351
319
11
383
122
153
451
725
355
603
732
191
56
98
707
406
647
518
375
413
482
407
270
26
397
160
238
281
500
754
230
382
225
81
778
478
767
591
263
733
154
22
65
291
561
662
560
671
6
24
576
259
665
169
776
280
374
163
158
297
758
23
152
0
622
149
155
69
167
479
4
322
1
312
119
186
148
443
10
654
587
173
7
286
15
16
110
395
34
759
162
84
9
196
231
450
755
301
5
412
449
399
161
753
112
3
25
63
178
17
770
271
252
14
630
483
652
391
19
772
655
454
650
18
747
67
13
325
409
490
339
85
44
60
323
71
385
124
771
113
653
111
21
448
457
455
30
673
121
32
61
64
628
115
36
38
35
420
239
476
752
354
516
644
338
760
588
782
313
292
410
384
54
46
777
308
501
197
55
726
299
12
324
663
422
39
45
353
33
20
672
357
486
88
309
378
589
300
532
477
93
86
761
756
92
94
28
645
779
586
700
253
268
327
780
95
366
68
487
47
66
514
757
783
402
380
364
421
48
52
367
701
352
29
533
781
408
114
50
171
269
326
424
773
89
727
31
42
381
37
379
87
229
170
365
147
118
49
62
531
296
423
419
266
298
418
446
474
