676
562
675
178
222
175
736
618
668
418
165
707
613
82
506
749
305
530
701
591
151
279
449
768
450
758
239
765
240
123
212
696
705
671
772
306
150
53
740
589
750
169
745
477
362
146
553
760
148
179
447
391
698
774
51
557
502
673
44
531
747
176
451
86
711
308
338
773
580
739
564
171
558
25
647
615
334
742
646
118
693
174
746
560
585
697
559
122
783
282
706
778
224
396
22
117
717
12
667
1
56
390
4
776
177
525
710
238
277
452
144
561
59
712
715
116
529
722
782
737
130
307
228
566
125
202
769
536
755
244
58
93
713
638
43
608
607
581
770
582
714
666
565
55
669
310
777
741
47
41
149
361
620
262
533
173
674
78
614
203
124
16
563
119
588
147
499
252
152
709
280
505
201
621
507
535
754
592
248
702
424
204
718
478
276
471
33
761
367
217
114
650
526
141
448
205
594
649
267
126
637
421
229
299
5
68
129
332
26
394
339
127
393
395
24
642
498
583
537
700
63
730
211
246
392
304
79
508
554
781
272
441
677
726
84
30
216
31
521
609
245
634
87
720
679
218
678
220
400
360
753
635
759
199
503
474
250
497
121
622
686
552
442
189
569
232
538
469
230
135
231
493
405
520
663
200
283
327
619
375
576
64
379
597
237
274
600
465
300
108
268
593
598
690
602
692
601
188
433
575
432
213
273
241
527
247
540
687
348
352
691
470
128
648
555
708
159
368
388
599
548
688
153
99
192
145
627
626
380
266
295
322
401
404
66
74
397
255
466
549
301
399
101
210
94
437
326
134
636
680
406
628
494
275
256
353
100
324
331
136
440
328
573
302
539
347
271
233
661
460
658
426
382
294
354
381
481
373
412
659
98
435
190
120
383
408
325
219
407
479
431
633
413
524
510
227
492
509
651
528
660
158
411
70
603
461
187
206
511
102
579
547
61
106
685
374
133
568
236
596
681
258
77
427
482
662
321
480
19
574
629
351
571
670
409
496
625
378
757
372
436
610
534
132
235
73
570
454
303
223
234
385
519
89
398
416
103
131
384
732
430
355
414
142
445
403
612
683
468
439
340
257
512
500
657
684
359
572
429
97
346
434
96
185
76
172
438
606
297
453
160
191
556
104
630
309
349
387
495
682
457
472
584
522
410
164
186
402
532
458
719
161
546
459
632
75
376
604
689
551
251
417
623
214
162
350
428
215
184
323
631
163
473
545
624
95
738
415
72
652
462
8
109
356
721
664
296
523
467
298
764
284
154
34
330
336
464
586
605
143
644
419
269
369
443
577
312
270
249
716
49
483
590
640
60
345
371
193
639
655
254
377
595
704
45
88
727
207
491
724
463
656
567
157
105
501
92
