87
462
649
743
653
609
491
545
405
464
619
123
191
51
327
652
346
23
542
371
540
273
293
780
533
510
314
278
164
455
407
365
666
289
77
58
13
157
663
378
535
159
664
699
364
453
398
57
660
602
454
291
292
35
436
354
520
370
687
615
680
543
445
189
773
426
643
764
112
667
195
386
645
218
322
432
271
245
52
54
216
658
373
79
587
456
129
325
720
300
208
597
601
629
186
598
382
399
246
60
532
594
188
20
8
626
749
215
320
270
620
621
574
547
342
566
571
161
492
406
672
476
260
290
230
2
519
372
684
433
656
452
622
347
27
344
28
213
214
483
207
185
434
187
217
212
141
206
397
744
683
318
236
53
122
250
665
154
21
350
10
403
570
429
630
179
727
303
657
183
404
0
17
515
315
124
237
356
596
321
507
755
258
242
767
70
134
182
24
352
714
481
700
126
233
153
461
155
480
374
748
593
319
272
756
280
708
345
554
768
732
402
654
731
234
377
111
563
546
576
64
508
488
644
265
400
178
29
240
355
180
152
628
121
427
627
739
457
385
4
562
184
313
116
465
759
125
243
458
151
238
541
167
83
437
573
281
430
623
252
301
484
147
181
711
428
244
567
776
655
294
599
527
763
459
262
383
309
26
511
600
487
486
31
239
412
539
259
317
196
460
762
379
211
561
746
343
624
297
555
376
513
148
340
640
341
323
324
384
500
163
7
564
209
612
509
229
232
175
568
551
588
738
375
266
710
616
269
482
135
316
349
766
338
162
351
387
682
595
227
15
69
537
348
401
514
295
59
591
725
410
190
565
14
485
366
504
120
139
572
774
332
81
368
740
772
132
357
331
296
267
107
569
584
411
108
695
146
745
733
752
448
592
536
282
329
255
257
330
253
328
502
742
775
361
358
66
737
359
68
308
336
254
735
142
199
144
751
417
200
771
734
389
770
360
501
228
736
503
559
419
226
198
697
530
475
558
586
446
418
