457
542
52
553
630
701
147
120
303
480
239
152
173
623
629
656
527
313
552
499
33
487
490
207
511
483
719
182
488
609
228
260
462
710
532
514
221
594
588
713
380
454
535
671
665
758
523
58
131
229
512
259
302
619
348
712
491
657
495
272
715
181
783
346
241
163
582
600
555
573
110
728
349
407
25
688
596
337
775
3
683
42
666
30
478
685
693
484
471
249
426
564
764
574
650
86
515
365
659
244
544
62
219
649
204
684
324
125
599
194
379
614
391
539
317
130
295
262
550
203
114
218
687
617
601
435
61
106
335
155
498
546
246
681
702
13
621
180
157
209
543
585
190
481
653
284
461
44
238
222
101
393
123
160
464
63
779
40
304
119
273
528
374
294
516
416
60
513
256
159
603
531
545
581
517
473
351
608
592
540
589
124
267
364
571
641
541
87
570
35
103
243
563
250
760
266
636
537
274
420
137
126
638
312
158
115
510
89
247
572
118
12
482
34
191
275
753
162
278
507
201
43
686
631
529
142
276
583
127
509
698
635
595
128
225
607
639
161
568
136
122
602
117
648
311
723
508
722
580
613
51
726
578
45
674
444
637
392
305
36
567
569
102
41
318
333
109
538
611
100
105
166
156
113
536
50
49
195
95
77
669
48
566
99
277
98
108
143
647
696
479
138
192
618
556
421
88
591
47
64
422
169
761
472
224
451
610
724
69
78
557
251
193
79
70
223
646
97
68
38
362
93
66
75
90
94
91
505
65
76
46
37
96
450
92
477
642
590
104
675
73
449
197
71
74
72
670
67
306
334
