273
545
404
429
461
399
324
68
407
579
406
177
102
430
243
179
511
295
578
597
358
489
244
600
272
387
443
376
599
705
411
232
245
603
325
400
209
136
385
601
491
69
466
474
207
301
550
384
463
602
356
742
282
302
415
208
410
234
12
436
413
242
428
266
252
506
210
388
598
648
227
711
513
172
233
78
383
405
280
456
610
605
707
206
205
125
65
271
519
769
606
673
241
646
186
16
753
666
414
223
412
152
217
92
61
300
51
307
89
577
19
679
274
437
770
159
238
417
43
468
440
757
108
141
150
326
142
612
532
434
298
484
270
722
446
329
652
586
362
131
439
235
611
386
435
251
109
576
732
670
427
717
309
490
359
328
382
218
355
737
212
483
628
401
294
312
402
542
380
257
684
687
423
357
135
680
714
409
237
103
691
688
710
246
34
216
164
80
90
104
727
18
60
686
375
475
540
644
13
408
683
211
690
297
571
336
196
764
708
160
88
462
685
425
220
720
419
738
213
215
236
575
83
134
296
45
106
107
15
187
741
258
734
35
49
9
29
692
62
8
455
0
617
616
188
198
269
111
112
709
712
226
167
653
7
756
682
420
253
681
729
140
572
389
699
354
639
6
718
689
91
713
507
636
518
704
574
573
163
200
777
397
629
635
640
590
97
654
381
11
766
655
353
663
132
214
724
133
137
143
546
161
744
495
115
162
365
105
703
368
422
285
313
677
340
570
723
363
27
421
643
138
771
20
748
10
645
762
46
110
21
32
2
504
743
662
512
731
767
719
178
74
548
569
377
664
284
281
521
641
71
57
225
716
192
725
672
630
494
52
42
81
735
763
476
193
48
259
364
14
113
197
249
337
311
631
72
775
28
350
549
254
547
779
151
170
17
751
54
733
322
398
3
752
541
633
632
695
721
265
522
728
85
656
247
50
341
335
23
694
587
665
195
780
658
293
374
168
657
278
315
139
37
349
659
96
123
191
373
166
221
67
333
366
40
661
39
75
348
124
36
317
38
321
534
314
194
264
262
292
286
660
290
291
369
319
347
263
318
287
346
345
320
342
370
