368
734
360
705
358
751
418
733
359
742
330
446
338
774
530
308
328
419
737
771
329
731
417
770
736
366
336
738
144
695
558
534
745
586
502
504
448
549
776
369
677
198
341
226
116
351
735
533
310
357
325
132
752
740
721
324
318
282
254
605
148
135
732
361
323
249
694
370
342
257
725
640
561
389
562
612
339
475
697
778
396
500
506
665
255
501
720
331
577
772
395
202
750
584
714
189
503
356
196
320
746
692
680
643
199
200
253
398
461
340
83
15
298
385
412
146
185
633
708
285
379
319
175
24
81
258
332
292
380
514
667
384
615
111
151
313
749
296
353
252
321
232
515
134
548
314
352
411
768
703
706
748
390
521
386
777
397
756
269
424
718
245
241
248
322
459
455
301
112
31
295
26
174
187
279
291
664
711
183
297
345
457
302
283
452
394
221
184
22
466
604
205
7
434
280
281
462
4
14
688
682
700
480
693
713
672
21
440
766
741
763
388
710
691
485
55
689
367
405
177
660
673
484
53
186
707
668
307
179
227
632
23
188
84
171
9
303
520
576
407
489
739
0
432
172
518
442
182
759
265
491
433
773
743
347
559
29
57
727
210
326
20
609
767
80
230
690
382
164
658
460
374
666
27
513
141
755
447
234
207
781
492
287
436
18
644
233
152
286
483
487
180
486
699
438
488
511
243
28
715
290
272
145
683
458
2
206
431
17
754
560
219
19
10
551
288
208
54
59
427
685
378
16
11
463
235
729
717
289
147
383
626
261
439
216
474
264
587
176
391
525
214
220
476
263
687
213
32
231
429
315
730
373
228
260
181
403
425
270
346
709
140
780
217
512
168
229
268
237
757
259
85
490
6
639
56
679
651
1
454
401
704
519
542
215
400
428
8
624
661
402
372
406
218
550
496
129
663
453
430
423
516
399
239
652
317
300
133
623
236
522
204
616
762
662
782
170
350
456
274
5
209
481
178
676
493
578
82
377
387
634
716
222
363
163
165
622
149
246
636
375
30
606
638
247
684
304
783
517
371
539
194
52
327
524
25
630
153
413
593
535
712
728
271
579
554
212
267
588
544
532
628
608
154
137
657
415
294
244
527
114
381
645
203
139
349
275
242
775
758
155
33
510
701
410
276
671
471
540
167
681
617
266
273
659
627
656
240
354
464
136
238
655
565
629
343
3
594
465
162
131
426
654
355
160
553
150
250
309
120
620
468
625
507
597
107
408
211
545
414
555
130
779
293
157
101
467
348
435
686
482
42
344
262
678
86
478
528
409
541
311
543
596
581
747
125
552
523
494
765
13
159
526
722
702
564
582
161
499
58
653
547
124
589
635
121
509
531
191
119
621
619
607
158
583
127
611
595
592
122
556
251
