312
933
950
622
962
985
471
36
143
774
486
939
788
506
802
801
97
488
635
983
423
583
303
921
148
616
83
838
29
761
817
992
99
978
816
896
782
198
870
204
707
872
208
901
783
899
566
376
617
881
835
687
960
1006
986
538
439
142
473
951
729
918
110
313
586
44
834
797
47
551
130
585
1018
932
168
398
256
661
505
537
618
424
456
109
281
648
196
43
591
976
367
192
522
569
787
212
390
972
355
344
630
175
354
305
977
644
1007
455
206
294
684
345
946
82
742
631
658
179
1010
449
621
1002
369
674
487
786
940
599
482
304
2
550
3
941
128
756
226
598
166
928
438
194
975
73
271
391
399
272
740
675
611
493
784
234
485
646
489
263
232
77
803
677
131
457
240
400
224
202
620
524
235
238
265
291
785
642
513
971
711
169
678
433
518
239
546
724
171
523
470
710
233
100
167
225
645
326
592
656
619
0
207
743
366
770
358
690
460
199
327
384
458
230
753
480
371
481
201
322
401
466
359
623
200
652
514
370
468
459
264
467
722
755
323
624
692
490
4
404
492
437
469
660
655
754
654
686
653
659
434
491
402
685
403
436
723
691
435
