817
493
523
622
592
240
376
658
816
785
466
661
848
239
591
597
619
537
457
569
505
784
850
1002
724
690
207
648
1011
501
468
882
238
978
818
473
208
696
599
787
975
458
631
273
538
489
945
408
684
711
440
344
327
304
786
359
1009
729
743
880
921
616
788
522
940
345
815
941
914
392
756
206
761
506
913
680
467
710
424
1018
570
797
877
313
487
679
281
712
391
360
885
918
845
326
455
617
678
856
972
886
618
199
456
241
939
907
919
175
212
235
520
820
230
927
186
783
328
928
179
844
789
209
583
585
790
154
875
210
249
188
358
733
1003
646
872
951
264
852
870
843
551
510
200
4
842
194
991
263
728
813
48
312
550
488
742
697
171
925
262
826
647
959
518
29
702
992
294
900
611
986
876
204
197
846
167
577
546
825
366
899
176
305
82
201
1023
822
439
960
609
1007
202
851
888
584
211
511
669
269
384
1006
234
218
601
983
698
371
766
181
514
932
244
198
838
645
635
962
481
110
27
985
348
699
196
774
215
904
765
83
839
578
180
233
153
581
142
859
423
798
637
901
254
152
232
961
837
73
397
908
155
896
111
976
2
236
237
296
49
840
642
91
831
675
677
213
390
169
182
871
674
44
261
909
560
323
841
77
830
803
891
203
480
407
990
130
225
205
143
707
793
1019
270
878
809
317
43
282
893
79
521
701
291
673
794
576
93
252
61
151
226
124
251
224
902
187
582
59
994
170
545
732
513
86
0
571
377
41
100
52
76
829
3
541
183
131
250
632
740
214
847
375
482
174
600
166
639
869
192
227
109
322
121
802
54
295
128
744
770
670
970
47
99
485
700
11
350
25
737
318
10
314
641
957
933
479
804
579
567
517
297
354
835
447
253
471
664
855
887
9
894
922
773
50
148
87
219
811
672
895
149
30
28
615
449
739
486
858
873
195
478
926
60
771
958
122
412
472
508
243
806
857
164
706
185
303
265
874
92
163
782
97
949
32
21
353
117
801
231
547
7
757
544
229
382
834
884
168
90
66
828
159
989
94
325
114
178
1016
53
644
125
287
425
119
552
734
256
286
55
575
610
74
386
767
931
416
5
656
614
245
604
223
539
780
15
864
141
916
106
370
89
257
217
671
193
35
775
867
643
988
963
8
255
934
413
72
703
146
414
316
676
319
862
85
64
133
33
132
288
861
930
515
417
95
438
987
173
955
668
248
995
150
735
762
80
65
519
667
104
380
454
266
75
1
258
147
162
165
158
415
136
290
640
812
113
36
293
542
78
605
580
101
964
108
16
120
736
808
123
1020
105
20
349
177
792
938
45
512
19
608
651
606
285
549
81
638
40
387
221
320
410
116
421
836
823
892
763
355
383
156
543
572
228
613
586
799
284
451
242
103
6
42
51
548
62
704
832
280
381
84
126
315
98
422
915
868
738
923
796
776
71
118
1022
484
88
444
14
920
379
127
665
929
833
573
70
222
777
772
917
283
157
139
216
574
26
398
12
805
46
17
474
31
189
993
292
965
853
1021
352
903
184
96
663
172
814
883
898
34
731
135
191
56
57
246
636
138
966
450
769
68
516
67
190
764
63
708
906
860
953
969
649
824
145
442
446
810
866
389
346
129
378
897
924
854
540
38
795
865
37
22
433
791
112
476
419
452
453
388
289
23
268
745
705
220
24
968
18
997
426
140
445
347
483
259
356
69
935
536
134
321
741
827
115
102
137
666
418
504
709
160
443
351
612
863
385
627
996
999
768
954
607
568
161
730
107
39
1000
324
58
260
409
357
311
713
879
448
343
821
807
800
603
13
890
634
477
998
420
948
144
247
277
365
300
509
937
602
411
393
984
910
1017
525
276
936
979
441
758
956
967
267
507
553
475
889
753
329
274
905
912
1008
633
302
681
427
950
279
943
465
1012
278
687
947
779
1015
361
301
695
428
693
1001
401
299
781
559
973
396
982
628
727
778
974
310
759
362
298
662
394
399
335
650
626
535
981
944
980
334
306
338
309
333
554
372
717
726
330
526
725
406
718
331
911
367
682
503
657
364
942
363
749
332
461
1004
747
748
275
683
715
1013
746
751
625
716
340
395
339
714
952
307
527
369
750
400
337
374
528
342
308
336
1005
429
1014
555
405
341
373
497
587
498
588
694
432
529
590
589
593
368
561
752
500
719
557
688
558
494
499
431
556
496
430
464
530
689
721
594
564
562
495
596
720
463
595
462
532
563
531
