68
133
19
403
157
547
172
520
8
264
601
546
73
318
346
427
625
225
657
207
103
630
100
373
29
399
658
732
783
631
726
681
246
620
487
532
426
404
24
219
587
570
301
599
646
516
215
344
364
153
411
602
757
413
774
725
182
180
200
146
192
540
459
358
458
432
208
525
512
181
195
260
598
519
191
609
409
72
437
636
635
117
597
405
488
621
567
563
698
277
600
380
433
406
569
441
386
330
378
313
568
518
460
396
628
42
431
627
670
162
352
629
436
637
665
381
345
742
517
324
463
163
707
772
329
407
144
617
450
379
278
363
393
491
143
505
706
464
435
422
434
616
477
737
535
323
708
738
588
351
69
461
164
478
253
489
408
145
142
490
71
462
70
249
507
531
250
114
559
194
222
586
