701
439
267
494
258
682
442
625
211
495
480
497
498
573
496
288
28
478
207
294
219
54
547
23
716
401
112
310
463
214
2
0
190
372
273
590
466
154
630
233
320
626
185
203
161
5
295
102
21
79
599
524
27
508
347
220
64
510
438
781
339
603
231
650
691
644
437
10
754
729
312
723
491
149
602
3
727
19
657
412
575
560
613
413
85
20
601
777
500
429
37
627
345
257
53
680
430
260
598
537
428
280
173
12
343
332
182
101
51
445
264
319
681
526
479
153
9
541
527
240
620
123
33
356
375
134
501
690
265
656
177
506
563
545
649
61
168
674
540
111
374
32
640
397
398
521
587
666
487
6
679
755
780
140
565
11
371
179
370
402
284
756
58
694
196
136
572
36
396
699
344
615
761
414
263
614
641
593
166
316
337
116
152
652
651
315
654
471
151
764
13
647
612
293
210
252
78
338
178
678
585
365
247
290
60
304
453
778
415
454
427
653
87
133
77
462
276
543
517
34
643
259
461
292
451
535
460
763
124
366
291
473
357
139
224
776
416
472
483
482
50
308
769
317
619
110
318
38
289
45
762
336
481
721
591
125
103
507
561
504
49
725
392
35
455
66
648
456
387
59
88
167
484
386
544
46
47
48
750
774
722
105
62
486
512
485
773
106
63
41
107
420
516
281
513
514
39
309
40
515
533
394
703
135
