492
624
659
434
654
592
685
660
491
971
460
466
656
401
619
511
437
435
402
927
433
523
655
620
816
436
366
467
271
518
653
4
505
817
403
400
304
470
457
358
303
399
326
230
623
376
490
815
344
691
690
686
235
171
459
179
469
438
550
658
493
487
569
404
272
723
281
439
743
212
940
468
551
537
652
488
225
327
43
481
456
818
359
1010
941
939
961
538
645
621
369
692
754
367
797
813
345
783
946
473
131
618
991
479
514
398
82
323
722
598
312
755
1007
524
313
29
959
455
928
819
617
264
152
148
471
513
181
180
440
370
407
77
489
3
586
669
390
510
522
678
294
199
698
803
458
784
506
83
520
631
822
831
711
677
611
391
648
609
154
1018
305
635
291
424
646
599
215
371
186
570
733
710
809
109
27
255
167
637
785
240
486
47
86
699
675
244
1006
207
951
52
166
975
11
684
583
687
740
753
782
770
480
585
986
680
560
449
972
1003
200
100
642
978
962
128
765
99
210
239
61
322
1002
0
485
238
348
786
622
950
616
834
724
960
175
568
76
36
44
1023
787
674
729
110
408
977
661
249
983
896
644
756
591
766
632
28
73
933
149
895
213
226
214
218
801
254
201
360
233
482
992
263
163
182
788
194
899
265
519
188
918
384
142
146
780
414
949
737
657
169
521
908
667
600
198
985
183
830
93
546
151
234
423
835
932
392
1009
843
552
273
252
224
893
702
91
317
673
907
19
2
925
381
196
328
130
900
59
124
92
802
732
192
701
223
5
204
54
639
798
153
957
211
885
876
761
415
697
994
382
696
155
877
771
772
60
536
472
117
958
355
101
584
202
121
630
707
641
111
651
87
676
108
1019
909
375
921
132
601
104
670
143
553
318
976
829
852
10
987
679
845
136
256
49
349
926
133
30
712
881
891
97
577
354
287
164
197
812
578
290
232
844
432
451
739
781
742
372
541
386
981
412
789
606
206
285
208
917
886
901
922
882
78
21
227
41
116
122
48
825
915
790
114
159
379
350
72
253
79
571
728
174
85
245
664
842
867
963
478
50
930
672
25
982
262
288
875
421
416
113
547
763
760
508
610
990
26
187
284
465
447
15
647
269
170
988
931
810
864
757
51
368
970
94
862
185
106
297
35
222
168
945
257
410
638
162
604
649
53
919
90
517
20
325
820
55
666
668
704
7
902
1011
567
914
938
387
365
209
823
335
566
45
828
700
935
484
984
904
74
736
615
663
176
89
286
413
205
316
296
856
955
964
995
105
706
887
774
261
103
665
68
544
1008
8
450
894
849
898
125
1
948
352
542
158
141
266
545
512
636
838
861
42
380
643
916
954
1016
320
251
515
446
855
841
906
338
579
259
353
454
193
147
872
731
156
219
738
924
629
138
282
425
378
502
217
969
826
258
718
708
452
46
14
150
903
640
539
9
943
937
870
920
814
62
419
1017
859
888
923
884
792
40
576
397
832
965
793
840
768
794
968
839
796
773
126
195
12
854
237
989
613
334
548
853
292
442
203
504
248
953
873
878
871
75
268
66
804
123
383
709
165
314
734
581
572
443
231
474
605
118
119
301
910
347
250
127
57
389
947
71
614
337
137
336
744
377
892
221
764
634
88
850
96
173
293
973
762
929
811
270
339
573
913
868
869
229
98
1001
115
32
1020
980
848
836
851
228
81
936
874
806
411
300
750
795
324
315
236
730
184
356
846
120
418
388
140
241
997
890
34
302
135
417
283
1022
476
346
311
944
69
70
554
715
966
189
178
95
805
540
741
483
343
769
280
837
39
274
58
157
912
996
582
549
172
80
777
65
858
967
725
574
84
441
243
246
800
444
190
883
453
220
974
824
857
306
428
277
934
216
799
56
22
979
821
889
333
1021
752
603
880
879
695
612
999
633
64
426
827
866
276
751
516
942
501
543
509
565
602
67
833
464
693
559
33
427
735
808
775
23
6
16
791
1000
688
260
860
507
409
160
18
420
295
589
448
17
905
705
580
608
477
767
721
37
911
24
847
139
993
332
321
112
145
956
534
713
758
1015
385
717
393
1012
526
475
445
102
587
527
749
681
776
703
627
357
38
555
533
778
129
289
13
134
590
319
625
1004
747
807
671
779
597
461
144
588
247
897
525
406
745
662
683
161
177
396
63
364
952
865
278
500
1013
650
363
405
329
422
242
556
1014
31
716
727
361
191
558
607
535
279
1005
719
575
689
310
331
340
309
107
626
863
431
362
748
298
682
503
307
395
351
998
496
746
394
429
498
759
499
275
299
330
628
726
714
557
267
308
373
374
720
497
694
342
494
341
