606
454
156
426
625
608
153
215
438
653
664
330
607
155
495
344
627
303
570
207
597
594
331
604
598
299
538
409
302
332
623
192
399
637
322
152
191
603
151
626
184
371
218
525
270
163
234
329
483
496
318
599
222
676
693
485
578
298
390
106
618
723
182
22
622
516
670
601
757
59
571
56
774
36
44
38
179
1
327
86
19
190
334
72
241
178
577
233
783
447
675
162
781
294
697
580
333
67
559
377
554
357
238
531
589
83
539
617
205
88
251
142
175
324
306
736
296
360
0
132
732
772
39
366
282
203
313
196
639
646
358
562
127
37
168
13
644
65
479
89
18
200
29
727
51
307
23
581
85
612
7
16
361
752
266
232
475
280
699
47
17
335
380
749
112
166
407
616
111
768
57
176
532
610
118
254
35
58
449
119
553
756
146
396
587
352
641
126
560
592
148
143
130
52
197
170
486
420
129
15
405
50
80
765
309
434
230
269
451
780
195
229
77
775
231
455
511
9
502
62
6
140
476
558
323
671
28
751
204
373
268
128
278
507
729
125
54
177
78
728
572
3
779
725
208
337
167
253
228
542
150
364
613
362
584
561
591
169
113
484
681
583
503
149
297
543
533
226
750
14
565
225
651
367
418
615
645
621
508
82
397
481
588
107
593
279
669
505
701
576
489
432
338
4
767
590
743
198
267
668
760
782
648
552
755
776
372
620
474
696
761
250
376
25
446
698
477
145
308
452
320
706
537
199
11
117
164
758
510
124
766
224
748
709
194
379
389
131
585
171
147
116
557
120
460
764
30
726
26
551
619
41
642
702
417
392
419
34
24
114
87
759
450
700
504
509
144
33
8
391
393
586
388
63
84
60
730
94
227
436
55
575
674
53
76
448
336
385
724
79
530
137
550
754
778
384
32
351
395
400
614
482
704
383
49
461
64
544
70
394
202
90
5
174
31
519
310
325
12
255
404
319
573
108
424
66
256
737
445
387
478
611
487
398
535
93
172
381
295
517
529
386
672
582
105
121
283
422
563
92
744
365
458
470
643
363
425
173
435
104
734
73
413
201
459
138
406
545
46
705
45
457
10
99
549
123
69
763
564
110
640
649
471
414
679
536
68
423
42
81
21
20
415
708
71
100
540
771
48
738
27
731
410
703
2
443
523
499
555
91
439
707
240
347
526
442
762
180
431
122
374
548
115
515
98
281
556
546
497
412
103
574
462
513
453
441
480
733
181
433
735
416
211
501
456
239
498
488
547
102
101
348
473
209
96
541
95
430
678
444
527
469
500
472
468
492
375
428
403
520
522
518
97
440
401
378
493
521
346
429
411
647
402
464
463
490
491
210
528
494
345
514
465
349
350
