487
678
1007
537
711
928
684
398
631
723
783
648
645
819
82
77
754
538
1010
1002
29
591
225
481
179
473
786
822
729
622
977
27
505
692
618
787
743
511
698
972
83
47
635
52
240
585
1006
546
520
960
327
946
345
788
43
371
632
513
86
809
918
518
44
323
755
992
455
646
961
976
560
570
687
939
424
181
207
438
896
600
617
109
611
932
376
506
740
326
642
733
908
677
661
175
521
239
702
131
28
697
761
637
586
73
224
907
212
552
644
962
359
358
291
264
770
269
344
76
110
482
583
669
899
510
152
900
675
797
699
3
148
254
568
226
803
921
551
449
609
167
10
933
281
192
843
742
780
550
100
54
951
199
978
348
128
121
59
313
273
601
630
154
36
11
206
949
876
171
1009
901
667
584
756
180
99
724
674
885
0
186
143
252
877
835
169
142
439
917
639
312
194
679
881
852
200
701
391
909
322
950
153
519
891
235
471
651
130
117
390
2
676
210
61
696
772
737
196
440
133
707
765
790
91
256
230
87
151
994
201
19
92
766
317
188
285
101
423
132
104
479
163
845
673
834
486
265
927
253
732
789
801
408
111
146
234
407
328
149
360
781
485
536
1018
680
392
670
771
72
164
41
255
812
844
244
421
213
986
60
49
25
664
571
166
5
108
983
284
739
802
985
647
641
318
472
381
606
249
981
728
114
830
382
355
922
204
103
218
925
638
882
1003
798
155
116
290
287
349
350
124
893
963
454
904
386
21
831
577
211
174
915
991
93
414
672
288
957
886
233
478
959
829
578
416
432
198
958
316
902
930
197
1019
136
50
183
987
122
208
375
412
215
85
227
245
926
825
553
51
7
162
541
294
895
826
1023
517
182
94
413
712
931
223
451
760
113
106
842
263
504
410
666
875
849
286
862
474
97
214
139
222
988
990
354
159
379
15
810
763
387
984
804
982
894
79
828
78
141
820
1017
30
257
447
547
158
74
1016
68
864
232
335
415
383
1011
554
508
20
297
861
452
446
799
378
945
90
380
442
372
736
259
105
955
989
610
629
700
138
35
168
484
704
48
898
443
95
604
209
55
170
125
774
914
202
757
916
127
668
706
823
123
193
919
665
150
545
266
566
53
26
147
70
126
397
156
954
205
544
1022
613
567
581
8
735
796
663
995
296
970
1020
539
935
203
343
75
542
195
731
258
325
636
389
773
353
582
1021
1008
953
450
767
856
924
411
870
176
867
185
948
643
69
118
1
419
614
515
319
543
365
938
863
794
248
887
292
441
453
855
966
377
929
261
738
221
965
579
734
173
157
964
251
444
764
769
708
548
906
268
115
838
40
859
140
814
172
137
347
262
671
89
42
187
388
512
237
841
409
549
14
96
744
324
476
311
119
276
903
649
509
477
135
63
71
39
346
9
190
66
892
338
703
934
559
62
356
219
793
320
352
872
615
920
293
65
246
229
792
445
32
705
314
98
334
165
220
120
923
969
854
833
956
191
869
250
884
231
947
425
236
357
502
422
1015
277
351
795
301
853
840
315
280
217
888
31
81
634
64
866
483
417
88
811
37
102
718
848
768
228
860
465
134
216
871
46
943
605
418
507
337
33
189
282
475
572
6
420
775
878
709
640
832
997
968
300
184
67
873
850
178
980
12
339
730
762
107
573
973
993
129
540
851
839
580
270
612
406
243
602
34
247
161
607
576
913
837
38
84
777
752
824
910
890
145
897
936
846
979
937
321
858
278
80
260
725
633
1001
112
283
295
56
428
868
374
821
575
836
874
865
144
751
516
681
805
310
857
241
603
525
999
883
555
22
808
996
274
912
342
289
385
267
574
880
974
827
800
302
952
741
177
18
967
1014
889
16
879
333
306
791
806
693
160
565
23
998
587
944
426
393
713
57
695
24
501
17
299
942
309
279
776
807
750
527
1012
58
717
503
461
242
749
1000
329
361
427
627
847
758
905
535
405
340
625
331
745
448
721
688
1004
597
650
534
13
1013
779
719
716
748
298
373
911
533
332
608
662
307
715
341
1005
588
727
429
396
275
330
308
626
778
362
431
682
683
689
364
394
363
747
500
759
528
498
590
628
714
726
497
720
526
499
746
694
464
558
395
556
589
494
495
593
430
557
496
529
561
564
596
530
532
595
594
531
562
463
563
462
