46
48
47
38
35
224
66
445
60
63
167
67
87
62
51
50
68
422
34
73
365
49
75
64
387
107
166
397
223
473
59
619
637
61
416
376
45
392
732
459
77
78
76
36
420
423
70
110
172
403
65
591
516
13
88
360
647
349
195
71
37
139
79
399
103
91
427
347
325
398
348
72
374
725
178
614
328
511
425
372
527
428
359
375
478
518
496
487
635
648
58
41
605
494
135
161
432
404
546
611
431
326
610
548
601
575
561
12
388
491
620
593
463
370
234
33
159
517
102
547
206
562
469
581
456
93
157
90
426
163
123
444
433
436
144
665
455
299
554
549
606
220
599
501
351
592
597
119
261
262
598
629
201
175
702
371
576
492
550
600
151
200
454
643
158
499
116
484
615
699
364
508
52
625
636
608
369
723
756
731
39
580
757
154
402
14
570
18
22
191
74
330
755
476
298
96
357
783
353
483
569
435
521
609
638
105
470
703
226
634
644
467
164
160
607
92
19
7
5
15
536
400
664
94
596
29
437
297
525
524
28
574
377
729
69
106
695
396
207
539
385
645
565
646
190
0
627
441
691
121
111
690
11
529
32
555
465
464
108
409
453
343
481
602
352
632
466
553
579
346
573
468
493
156
17
132
512
344
626
604
417
309
631
472
471
2
133
407
54
642
320
122
728
406
408
329
3
149
759
203
513
1
336
528
698
141
567
218
292
774
98
245
523
628
383
83
291
497
545
31
522
196
514
681
155
781
563
233
192
564
140
526
515
131
780
289
142
413
324
727
57
179
20
8
25
85
56
40
667
405
730
23
488
438
384
95
498
53
442
355
495
229
84
327
395
129
112
649
500
265
21
782
9
411
227
6
24
701
577
337
273
381
382
342
82
412
101
616
173
652
147
263
356
260
617
660
27
332
219
128
113
672
688
304
287
674
393
532
319
217
104
762
313
247
315
772
679
677
230
722
753
587
768
333
331
761
588
251
368
675
394
284
760
276
321
341
534
280
42
322
312
221
248
777
339
305
773
194
249
713
670
366
718
707
717
136
222
