144
116
296
174
715
688
719
555
716
377
145
266
118
316
304
692
657
718
267
691
514
117
690
656
376
595
172
714
680
209
404
658
684
687
717
554
659
666
460
146
487
349
324
367
686
630
314
479
239
486
610
720
663
611
485
173
405
427
478
660
366
711
435
565
238
312
340
365
175
147
470
202
197
315
412
119
529
440
424
416
176
583
631
594
628
645
179
629
653
313
305
224
530
401
513
701
664
647
589
515
462
661
284
582
64
570
477
772
325
297
403
588
429
280
208
339
652
70
644
667
68
213
368
683
497
613
341
98
533
464
484
673
564
585
638
391
294
268
441
295
662
703
338
392
451
685
580
207
468
557
700
318
528
149
721
496
285
417
428
309
434
566
201
665
759
632
450
96
617
449
776
92
689
76
483
269
69
774
186
710
327
672
99
426
512
163
488
448
72
469
337
402
457
476
414
770
561
541
447
609
693
420
407
190
256
442
608
329
393
581
100
206
413
71
633
622
572
495
761
615
178
639
627
491
458
162
410
461
560
66
551
750
463
104
203
386
537
542
257
550
726
94
731
702
532
319
212
231
230
336
459
763
97
752
545
616
362
505
348
65
77
775
80
522
200
758
544
501
177
597
0
765
82
373
500
778
681
768
682
74
540
760
56
75
95
395
446
381
326
14
354
101
105
626
433
73
62
148
199
568
494
369
455
355
671
773
465
620
764
634
406
635
492
549
380
408
754
103
524
63
6
390
548
8
385
286
439
225
24
102
67
619
749
83
7
150
15
490
729
587
232
227
81
654
467
536
523
281
171
471
669
655
698
370
26
27
579
122
445
343
614
699
431
108
737
363
229
569
25
342
228
93
767
409
511
526
345
135
593
5
503
21
411
16
525
254
607
19
751
222
18
387
757
23
114
596
10
22
52
517
623
527
12
189
472
601
192
573
169
20
493
531
226
498
17
210
130
11
603
777
54
131
79
55
223
196
538
78
521
353
42
195
28
90
53
782
430
194
13
539
44
50
605
51
181
643
109
756
432
771
519
779
57
49
328
4
191
438
398
48
384
769
600
320
158
766
9
168
364
45
762
473
755
637
91
311
727
265
559
2
247
382
43
646
753
170
159
3
552
1
252
46
308
59
780
125
641
371
34
47
575
606
728
32
383
625
783
40
33
547
489
351
36
317
255
58
697
193
675
725
35
133
134
151
198
132
142
61
379
592
38
322
41
287
418
264
29
263
421
670
39
502
123
394
233
129
110
482
262
437
137
378
621
245
115
520
733
674
160
321
747
347
161
60
602
712
188
214
37
375
235
425
509
270
604
244
397
543
288
220
253
781
350
136
372
211
516
187
389
166
330
323
84
30
567
167
504
106
374
157
128
352
577
344
107
31
298
271
112
88
127
164
422
668
243
443
510
143
218
578
217
111
165
346
741
571
695
419
748
301
221
332
299
423
219
399
260
139
546
156
499
636
707
436
241
279
558
624
185
598
275
307
302
259
730
113
556
713
648
273
234
291
126
303
278
121
293
518
735
456
618
124
574
140
553
333
242
475
251
466
182
258
745
237
89
216
736
249
138
454
310
183
246
272
723
292
289
204
155
306
586
154
215
283
87
650
274
739
724
357
153
250
591
85
746
576
236
261
651
642
708
205
86
444
361
240
277
649
415
599
743
334
335
120
300
356
590
152
359
732
453
706
563
480
184
290
400
508
696
141
640
276
180
709
679
535
358
282
722
396
507
248
481
612
740
452
331
474
584
388
705
