323
236
710
202
605
376
469
468
668
711
713
777
482
457
349
413
522
288
167
524
467
198
314
348
441
359
387
518
511
601
712
683
495
519
320
186
496
272
381
270
268
215
51
292
498
302
548
264
487
470
237
253
265
629
317
230
729
660
599
695
241
287
521
184
687
291
208
289
593
694
108
293
547
234
6
271
290
510
140
209
213
497
267
260
699
432
707
492
551
35
183
62
352
7
742
756
544
286
160
420
627
185
18
266
177
481
29
684
240
238
9
112
431
179
182
525
550
721
516
616
556
0
442
150
706
111
15
242
424
428
204
722
125
723
617
592
303
533
621
214
435
576
377
565
340
747
749
273
378
322
180
315
107
552
207
583
405
458
181
127
446
475
450
221
245
406
285
83
555
196
504
294
239
537
662
652
732
727
11
705
459
151
471
178
696
775
653
640
4
588
772
645
526
259
3
745
13
170
57
152
298
61
206
80
477
587
539
136
626
641
52
650
231
88
166
574
205
176
575
725
227
233
401
781
698
758
654
767
224
622
476
28
388
38
232
274
751
452
532
644
89
113
337
331
39
669
752
429
279
661
335
782
316
161
162
578
143
491
85
19
23
430
246
94
40
701
579
139
534
36
14
623
333
109
360
779
479
463
197
309
326
25
225
590
306
17
624
740
585
168
757
611
655
130
364
50
765
210
760
613
615
195
68
561
499
675
508
54
132
142
417
780
542
768
252
311
639
251
228
773
153
464
350
334
141
739
728
663
277
449
648
667
666
527
254
82
540
389
602
553
258
746
445
620
582
229
305
47
203
584
630
400
211
169
603
770
670
612
774
67
636
220
223
344
146
119
16
671
507
638
37
677
148
554
175
633
558
218
625
75
129
307
418
280
217
200
212
541
257
783
339
284
610
275
598
133
72
189
637
332
249
609
163
591
562
118
580
557
753
697
304
56
43
399
581
134
22
597
433
769
154
596
736
529
607
502
362
165
135
506
192
343
594
190
474
538
531
559
589
608
606
646
155
372
353
560
59
361
408
1
86
193
635
436
74
676
282
447
325
222
451
571
44
157
191
380
570
634
618
390
595
106
247
156
371
219
566
248
276
569
567
568
