360
332
359
331
69
107
278
166
66
479
250
37
515
313
516
341
195
248
304
78
40
480
586
303
276
90
340
48
77
138
251
334
555
361
105
277
62
50
315
357
484
88
667
763
639
70
106
587
751
104
584
687
358
528
488
39
312
67
517
41
485
47
68
322
692
38
288
136
556
36
717
691
252
510
666
64
487
249
63
367
664
314
481
641
110
35
739
91
374
368
247
223
716
775
294
688
690
724
451
713
762
389
715
622
512
287
316
71
486
482
764
34
774
583
13
745
483
281
100
321
356
665
284
289
339
128
386
770
723
509
342
710
616
558
511
520
574
328
534
147
532
761
594
595
253
588
695
51
760
74
527
719
161
49
89
286
108
722
193
191
642
387
544
137
746
301
608
220
452
102
122
455
23
369
135
165
72
489
384
219
230
569
686
101
712
603
742
640
21
660
465
663
323
329
383
668
109
744
694
533
736
538
753
260
280
582
576
126
500
229
625
103
12
225
273
275
8
139
585
127
346
204
113
27
10
537
93
285
737
99
54
112
680
75
120
76
598
654
718
714
87
156
330
179
661
575
395
752
776
546
210
3
258
727
302
672
129
180
333
270
508
160
392
750
652
221
409
347
192
317
188
604
364
46
623
57
491
218
146
234
662
17
73
449
735
600
343
177
545
633
92
259
206
158
570
655
548
365
45
435
551
629
58
168
627
547
613
65
700
2
519
20
196
605
60
349
539
224
205
454
638
133
182
453
6
620
503
755
175
19
245
217
560
111
121
5
153
456
53
609
232
634
543
581
725
83
530
233
445
417
18
621
167
644
611
189
203
756
759
154
132
637
612
257
79
227
504
308
419
59
