237
257
210
684
341
243
299
189
169
326
136
659
270
303
274
181
686
276
325
661
246
768
429
184
585
621
572
715
740
285
106
720
42
180
594
655
236
680
286
622
480
305
516
178
177
375
328
449
258
179
716
721
348
775
182
452
714
687
349
208
183
693
389
475
109
248
706
308
710
216
713
505
534
711
717
403
143
256
764
280
250
277
306
776
641
719
255
368
777
209
707
767
339
86
197
367
586
340
138
765
448
685
718
171
446
137
376
311
80
735
107
278
751
115
477
778
741
734
676
252
361
640
668
746
736
739
724
418
696
771
747
749
748
712
282
334
279
709
145
199
533
750
503
733
504
558
738
366
745
743
737
530
335
390
752
310
744
363
705
81
281
338
708
114
766
769
502
742
253
307
770
362
