262
116
272
6
733
151
347
270
263
221
271
354
440
551
11
18
345
371
453
150
497
346
773
134
486
155
462
196
136
233
400
447
342
315
232
520
553
41
545
378
688
353
694
615
461
309
14
677
385
703
360
396
464
441
370
323
285
299
175
267
751
442
382
572
403
452
468
391
298
344
365
528
430
409
475
534
469
511
103
328
314
15
527
412
317
510
434
394
327
322
470
427
137
496
410
318
521
401
338
411
316
415
503
374
466
484
439
330
148
454
395
697
359
444
375
776
471
482
443
399
428
257
732
492
40
481
494
438
437
356
643
564
414
509
388
198
647
350
300
355
386
485
483
473
39
418
425
429
220
446
369
533
493
383
456
106
59
417
774
329
397
424
357
402
398
500
537
455
358
562
734
423
614
416
135
387
501
368
565
465
445
165
419
561
