427
516
694
48
262
836
775
1000
329
556
996
98
197
228
261
945
575
589
579
1014
548
203
195
314
250
176
559
911
1010
229
549
889
868
612
209
578
360
422
429
808
144
377
545
745
582
242
32
392
65
998
445
914
16
944
9
393
693
260
640
330
661
33
865
878
744
161
283
574
175
112
296
979
860
194
251
172
13
1021
614
905
498
17
727
397
650
977
874
832
328
517
129
609
80
178
327
1022
875
409
683
205
249
170
420
897
34
241
859
319
734
361
800
289
237
359
173
188
280
844
219
145
919
867
160
216
391
725
79
726
107
376
695
540
572
888
187
1020
866
231
239
1023
877
837
759
191
417
703
464
198
884
956
248
605
997
428
315
247
204
57
807
817
706
767
67
989
974
37
293
671
217
31
326
993
186
49
189
777
598
573
119
934
6
811
71
741
263
892
351
165
953
58
778
444
425
673
814
477
910
64
746
298
999
1016
567
833
990
240
227
84
857
38
827
24
863
819
157
643
135
23
174
294
475
221
615
876
388
218
139
764
193
267
408
111
894
716
845
258
235
700
140
274
211
331
603
991
890
611
762
925
342
81
818
63
613
286
210
735
544
120
18
858
696
709
155
238
447
275
353
959
900
641
804
796
816
607
476
70
202
196
123
141
861
547
190
792
539
995
541
39
182
713
820
7
125
270
794
380
41
95
853
828
923
12
461
969
184
805
758
22
243
90
793
89
150
760
453
728
346
508
308
74
543
1009
321
604
955
542
507
134
220
920
25
185
978
799
299
747
154
938
824
279
50
791
864
246
970
40
126
509
94
325
761
937
702
660
56
682
151
869
230
668
62
122
795
815
297
707
779
147
159
153
610
313
909
831
158
870
341
30
515
156
1001
55
105
856
681
347
102
118
705
53
731
902
748
602
344
309
871
124
142
806
93
266
546
555
964
478
91
88
634
842
646
965
385
412
318
413
75
773
130
895
649
253
973
672
350
929
630
943
310
213
927
732
924
383
736
103
1019
214
931
763
42
357
46
852
215
988
356
829
830
926
639
922
957
701
936
992
183
893
862
730
684
320
302
300
454
374
15
21
106
512
316
670
994
968
332
199
312
550
442
636
930
958
87
390
738
114
441
257
415
714
697
143
737
292
798
821
307
942
823
345
739
278
967
223
954
699
704
680
54
440
891
826
571
85
470
446
358
60
664
149
1017
966
232
379
281
843
887
729
768
674
99
317
164
479
127
171
375
790
984
948
901
899
287
59
669
96
742
284
484
343
162
110
802
907
68
8
659
915
963
423
2
138
947
121
411
117
373
841
14
708
854
525
254
665
658
212
710
663
584
921
113
387
960
222
855
751
554
389
407
269
651
962
92
946
510
766
622
11
152
268
45
277
1003
163
20
51
717
839
252
637
638
61
961
904
825
733
78
82
633
443
234
896
245
83
583
769
906
273
474
774
606
354
625
416
499
813
757
378
386
116
676
483
72
675
226
115
1008
455
789
76
276
384
872
421
410
418
86
382
255
916
898
244
348
271
44
678
719
838
69
771
414
452
180
26
192
987
285
108
980
648
424
352
324
932
301
780
27
486
935
885
29
812
181
349
939
928
311
288
765
1
511
97
73
801
886
146
52
642
903
983
570
10
290
224
715
1018
132
617
822
137
677
666
168
28
783
133
908
167
482
797
419
166
136
667
291
43
840
985
104
19
698
644
600
560
472
521
601
743
406
986
654
645
233
632
5
616
169
653
381
933
711
256
101
781
179
552
485
520
471
201
405
449
553
272
835
749
200
536
451
225
131
519
618
481
692
810
259
35
1002
504
128
585
47
518
264
148
873
834
551
109
439
803
949
513
0
635
809
450
473
506
306
538
537
522
918
750
100
787
982
431
740
487
788
3
917
36
720
951
591
488
505
480
465
782
77
772
340
514
265
569
588
456
457
1006
365
355
786
568
322
976
784
333
972
770
469
489
975
685
631
398
586
940
981
718
971
438
941
437
652
587
950
785
323
621
756
1007
599
686
458
4
689
623
404
687
724
303
334
466
690
655
691
372
688
468
339
304
620
619
403
657
338
305
432
335
434
523
592
752
436
524
459
721
490
337
433
493
399
755
460
402
435
371
366
336
467
722
624
656
367
368
754
753
369
370
400
723
401
491
492
