47
698
243
742
224
391
156
3
237
322
321
765
339
13
503
46
731
181
688
710
706
520
398
153
356
208
389
702
252
299
209
81
178
80
152
705
128
10
30
186
179
140
560
432
746
131
324
465
272
539
743
667
542
212
669
478
468
262
735
741
139
712
739
745
744
159
413
112
561
228
435
270
168
463
52
273
369
738
405
298
340
709
196
216
593
436
316
464
499
407
736
397
766
184
271
612
194
32
707
771
151
88
166
534
740
737
387
427
162
641
390
6
409
457
256
695
49
301
536
665
355
447
332
300
585
78
165
48
661
108
410
521
395
639
195
582
330
433
63
264
302
708
383
329
583
490
130
306
768
11
767
496
494
74
541
423
634
770
493
50
610
408
418
434
359
406
691
424
292
492
479
51
297
283
519
420
690
546
9
628
361
489
318
721
277
452
305
357
386
480
59
545
62
543
446
563
290
41
508
249
471
263
363
334
428
193
664
362
39
75
358
475
559
540
40
518
222
722
278
221
453
335
538
289
333
138
488
250
591
509
223
79
692
291
394
76
317
611
590
473
565
544
511
510
537
504
487
454
251
472
474
517
481
455
456
531
533
483
512
486
485
482
514
516
513
484
515
