433
682
375
615
562
459
291
380
466
434
235
153
302
487
399
519
381
678
574
654
293
488
154
324
290
245
491
385
303
346
374
28
149
729
628
164
573
493
220
411
492
397
644
438
626
699
233
305
781
723
382
458
29
465
379
357
627
155
683
425
372
150
208
402
384
263
684
407
219
295
11
400
140
300
782
274
430
394
722
464
205
352
141
645
521
354
275
517
19
133
202
456
524
576
347
599
227
439
656
681
236
596
299
437
129
32
175
435
413
620
327
59
427
172
230
522
144
629
329
226
486
254
373
535
476
18
671
598
506
453
163
552
231
194
17
272
222
496
218
758
386
130
455
423
298
757
547
5
783
330
572
264
428
592
494
160
174
409
441
442
33
544
775
3
377
470
415
52
495
485
429
243
617
564
190
468
401
408
138
157
655
361
497
426
204
115
162
583
410
523
467
25
355
136
696
147
333
513
284
393
383
158
779
499
414
58
167
471
604
595
474
120
520
581
109
110
356
309
606
131
602
728
539
553
457
364
237
106
349
238
127
555
159
443
603
311
348
540
635
753
297
542
447
631
469
181
173
589
702
484
328
265
568
124
575
273
292
256
101
200
607
126
107
483
697
538
337
550
376
191
454
203
577
559
571
570
569
161
319
481
41
511
512
229
498
510
580
119
13
760
389
548
420
391
611
566
225
12
170
183
251
674
320
507
404
528
605
567
527
122
675
143
210
118
537
563
388
637
61
365
648
556
478
421
156
445
444
482
228
128
89
192
211
193
113
541
98
536
63
610
647
578
169
549
182
142
543
45
508
99
479
392
698
87
509
108
62
102
105
34
36
117
516
387
416
642
209
103
100
95
60
529
505
166
477
614
306
334
201
195
88
77
618
591
35
472
726
531
51
449
557
79
473
96
761
69
97
451
78
450
646
50
75
223
197
94
49
670
422
104
224
70
590
93
64
76
91
92
90
48
37
47
73
71
74
38
72
46
68
65
66
67
