0.055178642
0.029827118
0.17523384
0.19575405
-0.1960659
0.19066238
-0.00035095215
0.00694561
0.118489265
-0.09898567
-0.009036064
-0.07024002
0.89634895
1.1323481
-0.09209442
-0.21036816
-0.16187859
0.060136795
0.112654686
0.058401108
0.004921913
0.07778168
-0.05080986
0.16820812
-0.17006397
-0.022174835
-0.3099661
0.011329651
0.1066761
-0.05633831
-0.09732437
-0.056313515
0.13678074
0.41150856
1.5500197
2.066228
1.5484796
1.8661137
2.358924
1.2920628
1.3409357
1.4912276
-0.6675768
0.08890438
0.1134882
1.4703984
3.1384072
2.8684154
2.8052878
1.591404
1.984755
1.6362419
0.24993038
-0.07902908
0.2866211
-0.31689167
-0.050652504
0.1589365
0.62957287
0.5260582
1.5003738
0.88555145
1.5881972
1.9202552
2.070444
1.2323809
2.4795933
2.5134711
1.9690442
1.143527
1.1408987
1.3263402
1.2525849
1.2143583
1.0373735
1.4903264
1.2179384
1.2842417
1.827755
1.5030684
-0.98474693
-1.6474428
-0.03701496
-0.12635994
-0.10656166
0.052648544
-0.6850214
1.5459647
1.5371947
0.3226614
1.6391335
1.6257148
1.0724096
0.98778343
0.8884926
0.49314308
0.38650417
0.8883629
0.2033577
0.12054539
0.1940422
-0.039123535
0.5959234
0.39188862
0.45372772
0.6561117
0.7147198
1.6682229
0.6720581
-0.6075249
1.1208878
0.0067329407
0.07462311
0.16714096
-1.6486845
-0.79238415
0.15396595
-0.17919064
-0.14957714
0.4546795
0.37137508
0.53326607
0.76074505
0.36612606
0.23371983
0.05360794
0.20371628
0.21627808
0.3326559
0.18267822
-0.024673462
-0.037060738
-0.30598736
-0.024028778
-0.565403
0.2803955
-0.2698269
-0.56280994
-0.23543549
1.2276092
-0.016817093
0.07545948
0.19992161
-0.6443577
-0.14476013
-1.360486
-0.43482685
0.17870426
-0.2675619
0.056735992
0.49183083
0.23505878
0.3260336
0.17670155
0.47188187
0.28460884
0.31716537
0.57417107
0.40667343
0.5771017
0.4536209
0.5579872
-0.002691269
0.29629326
0.16794205
0.5553293
1.688971
1.4075489
-0.013673782
-0.28961754
-0.6921139
-1.375637
0.0701046
-0.3901949
-0.5194502
0.10713673
-0.28878784
-0.5376816
-0.32066345
-0.32914543
-0.09267712
-0.059116364
-0.23108482
-0.06715679
-0.22228813
-0.11330032
-0.3514881
-0.03268051
0.11522198
-0.29375172
0.10004616
0.61526394
0.520669
1.1520472
-0.4539938
1.16785
-0.08432579
-0.5282717
-1.3285303
-1.6085377
-0.18146324
0.22404957
-0.39658356
-0.011247635
-0.080225945
-0.34110737
-0.21136189
-0.23056984
-0.34332275
-0.59502506
-0.3037777
-0.1786766
-0.36585426
-0.47698307
0.05478859
0.101569176
-0.49502277
-0.031359673
0.21981716
0.1547823
0.79330444
0.29069996
-0.5996313
1.497222
1.7614036
-0.31300163
-0.75283813
-0.07721043
-0.35835266
0.199193
-0.013239861
-0.30885696
-0.3321972
-0.04369259
-0.20780563
-0.25818825
-0.33747768
-0.111021996
-0.48161602
-0.3441887
-0.24587059
0.24141407
0.4393158
0.10844326
0.047828674
0.10308647
-0.225173
0.37980938
0.8015213
0.6453819
0.1646862
0.87299156
-0.68782234
-1.8095903
-0.761734
-0.46569538
0.61158943
0.50061417
0.4392233
0.18259335
0.018708229
-0.06251049
0.049100876
0.06816101
0.3749628
0.042048454
0.5412283
0.64669704
0.372447
0.4272833
0.33149338
0.0911541
-0.15492725
0.16630554
-0.14685345
0.4503069
0.8044615
0.41242027
0.13887882
-1.729311
-0.6015539
-1.3024921
-1.5720816
-0.7267332
0.10055828
-0.592453
0.23026848
-0.06349373
-0.0025520325
0.0043268204
-0.17717934
-0.08057022
-0.25774002
0.34364796
0.32373905
0.5899391
0.6335144
0.32756233
0.030341148
-0.24466896
-0.0071754456
-0.061343193
-0.16121769
0.5685568
1.0321035
-0.5541954
-0.25336552
-1.888547
-0.6650505
0.0330925
-1.5984297
-1.1311941
-0.22354794
-0.16797447
-0.0020961761
0.14639568
-0.009492874
0.101875305
0.0040245056
-0.054780006
0.051698685
-0.10593319
0.15182209
0.042131424
0.28639984
0.43467808
-0.0989542
0.07099056
-0.31179333
0.059568405
-0.24642086
0.66426945
1.2161698
0.358366
0.4723873
-1.4141417
-0.4839754
-0.17822552
-1.7044601
-0.36691952
-0.620162
-0.12133026
0.10036278
0.26232243
-0.0129852295
0.50874424
0.41038513
0.7209482
0.68042946
0.9800844
-0.0361557
0.35526943
0.28899002
0.15078354
-0.48257065
-0.10017395
0.25320148
0.8026438
0.26845264
1.136342
1.5132022
-0.65186405
-1.5321236
-1.7567453
0.47744083
0.9381256
-1.2519503
-0.46145344
-0.48777103
0.4198122
0.26155567
0.5723715
0.5568037
0.5805025
0.3525257
0.51132965
0.9218006
0.44981575
0.003145218
-0.203619
0.16271973
0.015850067
-0.158844
0.03494072
0.110404015
0.08836174
0.7908964
1.1991773
0.19919491
-0.70979595
-1.9404755
-0.792429
0.884634
-0.2483406
-0.48946667
-0.16067314
-0.17821789
0.59052086
0.621459
0.22373581
0.3122654
0.43426895
0.35277367
0.6431227
0.4397211
0.35333347
-0.12108421
0.06562996
0.123802185
-0.17747688
-0.41137218
-0.40333557
-0.47141933
0.06492233
-0.02725792
-0.059391975
0.6170721
-0.483222
-2.291483
-1.0173416
0.7644625
-0.44917107
0.87759495
0.2925043
-0.47149086
-0.020581245
0.2399683
0.40185165
0.5316105
0.59321976
0.13248158
0.09721184
-0.25754642
-0.5408659
-0.44905853
0.091771126
-0.13053513
-0.26519108
-0.19983768
-0.24875927
-0.38205433
-0.18369198
-0.45286083
-0.019693375
0.10825062
1.4789248
-1.9725437
-0.7066536
-1.0973902
-0.16959095
0.15054321
0.32404137
-0.6412411
0.0030937195
0.01488018
0.15089893
-0.006290436
-0.039730072
-0.08037853
-0.3655777
-0.03338051
-0.017411232
-0.40162468
-0.17321491
0.21391678
0.24101639
0.33659363
0.119366646
0.35192108
-0.14139557
-0.26421165
0.2823782
0.30428886
1.4371872
-1.4474554
-1.0803843
0.13970757
-0.7010956
0.095526695
-0.084409714
-0.35160542
0.26007366
0.049755096
0.10786915
0.2456789
0.30727577
-0.039711952
-0.35995483
-0.05883026
0.17460537
-0.054593086
-0.03816986
-0.08378506
-0.01685524
0.103292465
0.099389076
0.108094215
-0.111618996
-0.04280281
0.44333267
-0.019237518
0.0036010742
-2.1357784
-0.92601776
-1.3674269
-0.5476885
-1.0217323
-0.2566576
0.31490898
0.25132656
0.36928463
0.47383404
0.094763756
0.47290516
0.1529417
0.016449928
0.51725006
0.13154507
-0.06602192
0.14979267
0.20853138
-0.153368
-0.10140419
-0.08774185
-0.0067625046
-0.5147095
0.017507553
0.61529255
0.5541239
0.27116585
-1.6971159
-0.822917
0.020195961
-0.9255266
-0.46436882
-0.41818523
0.29362488
0.22517776
0.35296535
0.18448448
0.13945866
0.11532593
0.4059887
0.39326572
0.16065311
-0.039954185
-0.08312225
-0.17506409
0.30168438
0.41329765
0.3083849
-0.07248688
0.26262856
0.36568928
0.47623158
0.6012316
0.6094618
-0.29066372
-1.5205908
-0.6582756
-0.15916538
0.23831367
-0.069499016
-0.070794106
0.060632706
-0.013883591
0.0358181
0.5226574
0.18582726
0.42789268
0.40106392
0.20080662
0.5556755
-0.03543377
0.007286072
-0.38906193
0.17920208
0.2618637
0.5956764
-0.089221954
0.47302628
0.50309277
0.48516464
0.56069374
0.10121727
-0.16699886
-0.83756256
0.11938381
-0.22475815
-0.16205502
0.1293087
1.0227184
0.6648607
0.25817776
0.11182785
0.5742502
0.22229576
0.43869305
0.20436668
0.27318287
0.26726055
0.12569141
-0.4185896
-0.2042036
0.057094574
0.6792469
0.42902374
0.38957405
0.6491957
0.31560993
0.79150486
1.2616253
-0.2500496
0.08985329
0.44341373
0.056440353
0.03066063
-0.05731678
0.008163452
1.1245117
0.65129566
-0.22397614
0.024368286
0.06257057
-0.025574684
0.10608196
0.2045269
0.37886047
0.18163395
-0.28638935
-0.30678463
-0.06677151
0.24173069
0.14797878
0.37835503
0.48518944
0.47705364
0.8596163
0.53863716
0.97430134
-0.4277401
-0.34883595
1.2292733
0.07784939
0.1813469
0.16519547
0.4427557
0.99252796
0.32727432
0.032196045
-0.1882906
-0.45376587
0.43671036
0.20138073
0.08202839
-0.2126503
0.24185944
-0.22868347
-0.12370396
0.034448624
0.34901237
0.08553791
0.21739197
0.38990784
0.6776705
0.59778214
0.54050064
1.017477
-0.32354927
0.08813286
-0.19902039
-0.10385132
-0.059124947
-0.22283554
0.09682655
-0.26513672
-1.5509758
-0.9842844
-1.0984144
-0.42799473
-0.26953506
0.13962746
-0.05115986
0.06248474
0.35536385
0.14068317
0.01702404
-0.008267403
0.37809658
-0.21060276
0.54889584
0.5553694
0.08375645
-0.6187334
0.16867352
0.7326708
-0.58065605
-0.18545723
-0.29070473
0.24786568
-0.117637634
-0.020440102
0.18911171
0.25069332
-0.63225174
-1.9116611
-0.8009434
-0.76689243
-1.4112997
-0.9167681
-0.27088833
-0.6385727
-0.81644344
0.23198414
0.2626152
-0.013597488
-0.2500906
-0.20450878
-0.6492853
-0.29284954
-0.13693905
-0.44524288
-0.05857563
1.0385237
-0.33466625
0.056790352
-0.1611805
0.11005783
0.000207901
0.008444786
-0.045259476
0.26245213
0.63193893
-1.4724636
-1.3087273
-0.8068514
-0.9102688
-1.0709782
-1.0443316
-0.5322857
-0.27857304
0.24735928
1.2201352
-0.967082
-0.9321337
-0.70885086
-0.5292902
-1.0103827
-0.82979965
-0.9260483
-1.210536
-0.6377039
-1.1190128
0.06751442
-0.19952011
0.13838196
0.009865761
0.10172272
-0.09655666
-0.06937218
-0.15655804
0.008724213
-0.20000839
0.054044724
-0.43393517
-0.9211569
-1.5961218
-0.39239502
-0.2984686
-1.7401371
-1.3414812
-0.8434105
-0.4819336
-0.88099194
-0.1374712
-0.75702286
-0.85467625
-0.8352165
-0.889143
-0.93644047
0.11319256
-0.07888222
-0.022918701
0.19597626
