418
502
446
390
705
307
253
363
769
279
338
530
114
81
199
310
766
282
676
362
558
733
474
335
708
171
504
145
770
198
734
281
366
750
311
752
678
448
475
737
738
506
419
747
80
677
743
779
744
749
503
533
765
709
736
778
773
776
771
586
777
748
531
712
735
706
391
115
707
254
775
226
283
389
745
447
477
170
252
86
42
308
559
361
718
143
452
711
751
704
340
693
109
280
222
209
285
696
134
137
305
505
433
177
739
746
197
174
525
216
394
368
336
417
354
772
238
213
424
412
255
534
367
194
651
442
421
434
721
146
764
679
640
602
535
410
411
462
202
767
173
575
440
339
212
459
487
228
480
186
641
239
208
205
236
724
232
179
668
178
55
225
328
26
231
630
132
210
768
189
719
698
557
169
176
629
740
710
136
680
148
437
675
470
235
292
432
507
306
716
612
439
393
330
240
299
138
182
207
657
246
588
621
312
673
184
655
206
689
15
234
717
603
379
762
438
754
670
4
650
697
441
200
117
211
337
396
409
290
547
463
24
449
313
585
589
16
302
726
395
560
382
760
272
521
118
274
144
469
774
720
436
83
658
341
406
700
185
497
237
84
321
671
522
355
9
326
30
758
180
14
579
523
479
196
492
546
291
458
204
53
781
227
551
563
11
562
759
183
631
518
287
261
301
415
672
181
488
722
617
29
31
319
490
682
22
56
730
233
498
545
457
486
101
491
131
82
350
573
460
187
217
414
624
130
133
782
25
425
701
443
500
461
493
140
565
168
715
230
344
203
316
10
687
300
524
456
162
288
314
6
728
453
378
501
318
289
20
111
7
574
618
729
761
756
27
454
381
515
686
526
260
532
622
1
298
616
649
309
659
383
566
265
323
244
262
482
320
85
125
763
214
0
615
149
725
604
19
329
17
564
683
623
413
407
753
263
172
327
112
141
21
643
654
692
661
669
385
43
613
271
435
512
478
674
431
495
190
342
284
584
215
757
317
245
494
625
28
175
483
496
444
243
727
384
594
18
780
44
188
541
8
467
587
99
408
601
590
517
430
32
755
278
540
681
476
685
315
633
519
450
353
455
322
514
116
219
57
544
380
250
645
273
113
164
23
694
489
2
153
147
576
644
628
259
129
539
568
702
5
100
3
783
229
388
142
571
653
98
126
598
626
520
464
127
662
218
596
399
201
537
286
713
124
151
561
426
465
241
632
656
484
741
699
52
703
509
356
593
481
370
577
343
731
714
552
600
358
529
599
135
471
155
324
54
352
221
423
536
163
548
472
485
550
400
508
609
156
89
294
451
152
648
297
270
128
466
293
660
468
374
402
538
405
351
684
333
553
123
510
120
268
264
688
634
627
247
96
607
663
103
543
570
427
542
158
346
33
277
549
369
269
569
606
401
325
652
597
258
242
404
646
499
614
377
275
160
104
119
154
334
513
580
511
554
636
364
582
635
150
95
257
581
345
375
516
192
567
59
428
121
266
372
397
256
403
331
386
357
359
69
387
332
360
68
66
