448
81
765
676
772
774
776
533
209
344
506
748
678
116
42
640
213
182
132
265
211
711
411
679
189
744
643
342
409
134
651
465
239
370
697
410
464
354
214
207
399
778
708
525
252
255
215
145
731
521
767
762
172
468
381
371
148
747
561
240
232
280
579
709
212
266
257
741
475
551
624
764
615
435
559
545
236
185
317
714
326
456
316
285
355
55
343
83
258
328
383
180
544
227
206
455
438
398
325
759
208
309
522
490
133
14
205
164
442
146
517
335
496
233
500
7
486
24
763
469
775
261
114
463
59
574
29
729
287
173
407
385
494
380
524
706
181
777
374
315
779
0
712
519
337
321
626
9
86
31
603
345
382
202
330
16
401
439
694
286
358
299
384
216
84
492
501
267
268
372
234
231
241
656
246
683
191
523
183
190
414
426
673
560
600
192
178
256
604
149
243
327
200
188
53
218
546
710
488
400
131
272
415
514
129
609
428
682
171
649
520
393
727
429
780
478
535
755
322
454
290
650
587
654
339
460
630
658
627
661
489
82
112
474
217
476
373
671
347
175
645
485
28
459
379
516
294
298
297
329
461
503
632
659
369
573
260
715
746
157
85
176
228
730
222
699
292
314
346
174
1
140
462
56
681
155
782
596
629
6
413
302
628
259
18
458
30
32
10
19
274
550
2
125
177
25
487
288
21
20
220
598
577
547
452
758
495
483
443
300
575
152
436
757
57
154
323
548
457
163
271
356
484
453
552
375
655
52
367
431
689
194
532
158
341
526
692
313
17
716
203
141
170
340
153
247
130
296
599
701
512
616
430
5
318
301
402
273
291
713
219
159
311
8
420
23
623
319
622
3
728
275
276
620
103
783
617
242
638
634
660
162
722
386
564
760
498
269
54
245
631
295
597
230
589
406
357
293
101
156
434
513
151
613
588
539
606
665
633
563
719
365
364
204
685
635
690
691
637
33
553
571
270
687
150
248
320
359
594
542
601
652
602
536
499
160
225
416
541
511
201
684
480
666
229
543
482
432
648
444
136
422
540
481
161
636
421
403
641
570
653
348
405
663
686
662
698
753
58
109
167
392
675
761
61
608
127
118
674
605
13
578
126
537
284
607
221
277
106
304
389
538
433
507
12
668
657
350
554
404
121
124
584
505
549
723
702
717
147
142
137
695
688
41
39
508
568
387
726
119
128
117
388
582
664
592
169
569
120
123
98
581
99
312
376
113
105
303
377
102
63
566
471
110
510
349
509
122
477
100
580
62
567
43
139
115
143
527
595
333
618
34
249
165
40
619
60
331
361
107
362
614
450
669
332
45
445
610
36
87
77
44
108
724
449
647
138
49
75
250
555
557
529
591
88
224
472
360
78
69
639
696
95
667
35
646
278
479
51
611
528
97
76
590
104
70
583
556
73
94
197
50
670
79
642
451
74
193
38
166
96
195
306
473
65
71
89
223
93
251
68
37
72
46
47
48
92
64
334
66
91
90
67
