492
623
592
591
460
618
624
436
493
524
559
523
491
654
655
587
429
403
786
785
619
586
787
397
469
692
660
560
461
650
501
404
788
468
755
724
525
599
656
756
617
555
754
527
723
693
428
725
691
273
653
437
598
784
459
649
757
631
722
659
554
907
622
494
983
435
729
793
712
686
630
909
272
240
761
906
181
526
651
556
905
470
566
753
313
979
52
168
957
948
974
825
859
976
927
910
636
810
992
908
348
980
789
652
502
807
970
687
405
926
666
893
993
668
605
959
958
402
637
1006
547
148
892
349
180
396
1011
635
84
916
858
648
830
247
1007
975
490
365
690
891
862
597
142
199
708
1008
224
346
925
676
855
711
167
728
241
326
857
522
663
990
817
202
585
214
620
20
972
213
923
669
989
36
264
664
111
960
487
961
699
965
662
246
282
328
680
876
762
327
634
981
285
265
137
200
380
135
378
939
286
271
160
834
281
254
116
25
451
371
77
940
182
255
794
170
994
565
149
51
13
162
955
314
194
899
721
991
740
572
743
345
15
192
232
932
924
822
545
303
358
969
86
14
83
486
901
92
444
169
949
488
534
76
870
677
296
45
885
546
382
161
667
413
826
962
518
134
347
700
774
752
223
550
381
458
355
900
739
1022
454
350
629
47
579
1005
35
320
46
520
515
937
359
91
890
305
519
877
707
674
973
85
894
82
644
287
889
863
216
661
179
44
1015
467
539
295
678
638
874
1021
988
929
861
798
438
115
895
57
570
434
4
412
760
423
235
938
225
510
538
3
611
370
604
42
829
805
19
455
317
147
904
239
220
11
68
158
99
956
571
799
138
947
567
424
201
816
896
679
898
582
482
573
941
997
203
212
765
372
854
856
16
875
410
860
964
578
968
837
126
17
710
379
215
252
318
292
390
78
387
821
74
27
930
245
395
100
610
124
109
312
279
352
766
60
117
481
922
647
1023
131
453
90
697
323
869
542
93
29
319
175
872
12
325
184
356
230
391
414
110
132
140
672
270
75
558
421
227
732
445
136
512
154
103
141
190
183
645
288
541
868
22
915
544
119
411
483
364
998
603
866
195
193
639
806
280
297
506
616
577
250
580
94
417
389
574
902
775
842
231
917
384
79
966
284
21
422
59
54
987
443
234
256
283
259
73
734
61
226
172
1017
936
316
831
818
28
513
888
233
41
238
475
217
67
921
155
55
575
840
56
835
742
873
219
70
58
509
315
416
221
696
797
293
163
705
551
206
474
706
174
867
263
18
310
324
383
129
114
122
244
159
698
118
198
549
886
33
53
81
34
64
187
477
123
98
121
406
1020
97
447
207
9
386
540
143
505
839
171
815
614
569
480
643
30
48
489
50
771
450
311
164
581
69
10
173
249
615
107
112
96
476
449
191
792
248
733
865
87
294
357
125
120
388
514
1012
377
884
133
673
89
105
108
804
897
72
452
602
43
153
963
32
986
838
928
88
701
819
237
967
39
415
731
442
446
104
471
802
186
71
484
156
2
995
841
507
7
533
485
767
8
500
40
289
351
49
176
66
385
26
37
606
675
188
144
456
553
262
65
130
770
418
222
363
63
106
457
824
665
735
448
1
836
982
321
0
353
373
738
613
291
588
157
809
208
609
218
354
864
833
139
811
267
576
832
344
670
931
185
801
1009
278
205
953
189
942
228
695
773
823
127
146
607
828
151
152
999
703
933
632
946
62
441
150
101
253
38
306
80
508
166
419
621
772
920
177
764
360
685
23
178
814
600
996
709
704
5
517
820
918
548
612
730
1013
427
850
702
251
736
1019
971
229
943
646
274
640
339
803
361
6
934
808
887
95
843
102
1002
24
853
641
197
257
304
266
261
590
950
511
392
409
768
848
343
845
584
919
851
671
883
113
439
473
601
911
196
935
375
737
720
243
608
260
583
302
322
298
420
783
769
1010
849
236
290
844
128
871
366
31
543
800
258
1016
472
204
628
528
852
165
944
440
329
479
269
308
642
954
537
763
338
426
276
521
211
425
299
478
751
827
277
903
1000
878
813
242
846
332
1018
552
881
796
145
268
951
503
407
376
516
333
914
374
334
309
209
337
633
847
689
408
495
984
790
393
394
741
300
535
744
342
340
694
985
504
795
301
568
688
945
369
398
913
307
466
1004
275
536
331
952
1001
1003
791
557
210
589
912
341
336
401
977
718
882
681
879
782
978
658
330
727
750
880
430
684
499
532
335
1014
812
362
657
683
627
776
625
368
596
715
433
719
564
747
758
496
779
462
777
778
463
759
726
682
781
593
713
746
367
464
780
717
716
465
745
400
626
498
714
531
749
399
497
748
431
561
432
529
595
563
594
530
562
