590
474
670
197
362
446
618
646
647
96
283
171
477
676
675
449
473
306
505
390
311
696
472
418
705
114
115
143
169
450
589
531
44
557
563
89
334
648
486
305
221
335
421
137
447
535
591
95
92
529
363
702
43
256
566
118
117
726
564
444
72
471
165
170
391
130
144
80
282
222
487
109
251
81
556
333
91
193
744
507
94
779
74
704
724
443
388
451
698
668
614
506
669
693
138
279
425
123
475
145
361
249
741
583
525
610
619
199
569
470
558
706
98
156
125
113
745
174
488
119
127
90
528
228
559
97
86
502
747
567
743
255
490
580
568
108
124
642
99
565
254
441
689
478
393
748
592
424
172
162
495
307
194
173
489
467
653
677
536
697
400
192
100
439
611
396
753
767
717
733
399
223
346
469
499
151
142
746
176
718
126
76
497
389
416
42
674
719
728
310
406
245
415
440
498
749
93
120
56
448
738
128
571
553
649
442
452
354
537
465
122
274
71
509
16
617
650
14
581
538
104
673
518
766
150
201
403
570
466
414
158
634
73
554
627
430
198
552
714
671
211
438
582
639
1
605
712
232
765
652
523
401
636
131
163
147
205
716
782
742
152
25
351
267
526
177
436
596
214
758
153
468
102
149
302
654
410
730
240
713
661
459
121
22
594
715
595
284
200
757
435
160
82
226
701
287
768
688
777
510
206
463
246
573
551
55
273
663
711
783
503
501
600
215
300
754
148
190
277
271
660
720
260
261
266
324
700
30
84
491
186
494
656
31
184
155
630
141
188
588
159
180
687
229
134
4
778
599
624
492
382
740
667
426
26
434
75
327
381
625
294
380
337
597
413
508
321
409
367
524
561
236
645
527
402
519
464
601
374
235
629
257
233
623
562
631
250
433
412
217
576
326
606
457
301
29
628
429
633
352
322
15
422
603
632
18
258
85
547
140
24
574
575
579
760
405
620
52
458
101
11
65
407
479
325
79
635
7
347
739
638
238
781
555
320
339
6
0
375
598
759
548
237
278
183
731
54
312
203
662
225
220
658
672
431
207
560
729
213
154
185
299
546
5
385
182
168
476
737
8
178
735
602
17
20
761
264
295
189
373
234
521
539
275
187
9
244
28
379
57
164
136
129
23
419
328
19
493
572
626
657
296
641
680
33
604
348
577
157
384
349
462
32
216
53
298
550
204
218
445
772
616
242
437
269
146
10
684
356
338
212
411
227
112
480
286
678
231
522
428
752
3
644
70
230
695
239
208
408
195
202
2
607
683
323
727
609
540
27
270
423
637
432
83
262
353
132
378
453
398
61
191
319
734
293
224
280
209
780
303
297
622
272
21
355
770
584
615
496
111
621
330
265
370
175
520
681
345
376
771
58
608
45
383
699
659
664
545
723
692
372
288
344
179
541
756
686
259
549
769
532
329
64
219
417
613
364
755
775
314
397
694
776
196
343
500
461
51
340
116
682
241
651
685
578
268
482
248
643
454
736
263
593
543
253
371
732
517
377
585
161
243
12
764
655
710
285
247
690
210
404
181
542
427
511
133
316
67
365
612
59
485
481
679
691
87
369
504
395
37
60
366
665
530
534
292
666
290
103
722
460
721
331
252
483
773
350
387
291
587
318
640
110
750
709
392
586
106
88
105
69
315
342
49
304
36
456
336
13
762
309
455
763
386
357
139
289
341
34
166
368
317
707
77
533
78
308
544
420
68
39
38
358
332
512
50
46
276
41
40
