248
276
219
247
618
568
566
362
567
591
506
191
106
74
390
451
190
569
676
222
135
507
705
595
305
192
332
437
193
44
379
534
86
447
677
282
22
589
646
697
75
59
408
56
656
538
1
783
777
559
531
275
421
361
707
388
307
189
722
165
134
655
72
220
157
51
769
474
43
736
596
200
175
188
436
277
304
163
218
146
654
770
133
594
16
141
657
280
747
187
118
223
578
560
67
284
252
109
244
229
246
757
217
670
667
251
37
360
243
597
407
471
625
132
479
499
158
598
309
620
19
148
156
753
195
577
257
553
638
142
249
653
119
274
404
245
129
203
648
442
216
532
139
562
168
780
107
644
254
658
452
666
728
89
650
335
23
668
673
228
159
50
752
54
85
337
61
584
627
727
88
17
746
612
525
576
364
242
417
389
751
80
197
258
130
732
311
215
13
113
273
403
36
402
28
599
14
543
779
108
739
581
52
225
641
40
162
170
549
468
126
628
476
639
767
590
38
57
621
3
186
775
685
83
626
143
424
723
445
740
725
214
659
339
498
686
737
401
502
293
196
321
582
418
235
125
550
640
587
624
292
39
527
182
470
557
176
449
741
645
497
289
760
272
213
637
317
465
671
331
47
701
773
623
652
539
758
475
554
684
537
161
169
94
774
166
432
613
660
25
496
185
227
610
294
526
441
565
629
208
183
184
529
558
82
606
768
236
698
683
9
510
749
469
765
429
508
617
0
694
583
231
409
504
78
420
29
127
400
333
575
540
15
111
345
279
62
413
616
756
241
615
224
7
259
322
710
271
695
112
35
160
320
291
6
699
181
387
265
521
221
4
405
136
593
430
140
53
350
682
520
745
210
782
585
681
605
11
340
303
155
481
742
209
378
669
431
561
240
717
440
60
290
696
570
729
301
18
270
611
482
467
372
573
651
253
564
438
318
302
548
609
12
536
150
266
237
232
234
260
522
675
718
204
207
712
524
262
711
288
316
414
519
68
715
622
574
714
713
238
319
493
230
334
128
687
709
368
439
662
306
721
373
359
663
226
720
198
137
547
555
607
267
706
661
690
177
344
509
680
268
396
477
261
428
152
678
466
664
541
406
264
300
239
371
167
269
679
285
212
202
263
472
551
523
149
180
380
494
151
153
315
688
124
286
772
511
412
579
397
399
433
588
592
719
457
342
572
343
314
649
460
211
58
93
691
492
427
495
693
604
450
446
546
233
179
636
154
426
692
206
341
205
552
369
704
287
385
443
601
708
542
781
201
544
454
533
295
630
766
123
461
374
483
338
528
761
382
178
602
505
131
370
603
458
298
545
415
299
647
250
734
384
174
383
453
375
346
459
500
122
435
503
296
665
398
367
750
600
313
608
716
297
571
173
635
351
423
456
323
512
631
147
632
633
366
121
425
580
776
376
416
308
349
444
410
164
689
755
391
530
455
464
278
462
99
738
324
347
256
386
563
535
194
764
103
310
395
116
411
480
34
100
283
748
104
98
102
419
91
101
586
336
634
778
702
26
759
41
30
24
393
730
63
325
642
392
726
700
87
55
326
394
117
327
