291
289
680
227
353
346
332
364
443
13
715
485
679
580
460
108
279
710
295
325
90
762
40
319
721
396
294
539
103
523
166
344
677
753
46
287
771
292
338
339
290
739
307
368
767
317
379
747
34
777
251
37
293
78
770
392
565
768
567
280
12
164
252
333
585
191
532
744
337
347
712
312
760
351
315
778
372
718
750
322
133
765
342
247
220
675
566
774
41
713
62
766
173
104
38
420
135
321
674
310
110
370
284
145
341
320
369
219
343
318
505
192
105
717
772
393
477
587
742
366
137
745
116
746
738
533
221
371
743
88
724
723
709
707
722
741
106
222
42
335
107
761
193
422
534
394
250
670
304
642
703
773
194
253
305
281
136
769
306
249
362
278
248
276
277
334
