439
660
232
423
523
259
19
272
678
206
150
323
413
496
645
17
476
18
262
372
403
701
524
628
129
210
576
453
213
289
244
107
466
137
723
620
632
375
136
757
512
5
484
565
430
535
758
468
218
345
275
697
671
163
229
467
52
173
296
284
204
106
377
194
629
681
414
269
167
33
598
483
274
636
783
526
388
179
3
617
207
661
596
25
408
222
443
495
511
437
130
209
649
349
181
348
552
324
381
728
380
540
454
131
273
481
208
426
190
441
343
239
779
337
471
499
354
160
317
470
157
203
604
600
58
574
517
497
333
410
13
619
553
599
162
184
110
364
387
393
180
420
311
101
41
404
760
469
510
545
156
516
326
325
183
581
547
159
753
564
527
191
603
541
12
589
482
119
592
546
631
63
158
161
570
575
543
62
601
568
371
365
212
498
240
61
316
538
182
478
571
353
507
376
344
118
602
211
128
674
537
201
445
563
569
105
637
509
117
580
34
572
566
113
35
567
416
103
36
60
392
508
614
87
45
421
195
102
698
648
444
169
100
77
166
192
88
108
69
536
99
51
98
95
610
761
726
193
505
618
642
50
591
477
647
675
49
451
78
472
334
473
449
70
79
422
223
48
224
64
306
75
93
47
646
90
96
97
94
91
104
37
197
76
450
38
590
68
670
92
66
73
71
46
65
74
72
67
