460
527
428
562
816
459
491
461
560
492
561
594
427
528
526
565
817
523
595
493
362
331
847
524
559
533
490
818
848
363
494
395
530
522
529
566
598
399
630
593
815
814
553
240
429
458
396
525
819
662
597
977
849
661
789
343
520
310
521
342
272
945
788
784
631
364
332
330
946
878
785
394
846
974
1006
311
599
398
693
552
495
696
626
347
663
692
875
585
367
375
786
329
978
842
397
376
534
910
874
592
992
754
239
604
998
1009
997
920
278
540
568
614
610
813
944
374
740
913
993
728
843
315
844
1019
572
200
793
845
798
811
664
366
106
812
569
29
999
208
357
879
201
563
537
455
81
508
384
98
93
938
273
389
215
753
695
739
441
309
448
379
584
701
316
489
677
248
742
75
1010
118
284
105
104
766
356
183
960
3
501
473
232
322
74
97
266
280
536
850
567
1005
765
713
596
646
318
422
573
1018
895
994
246
953
1000
660
354
961
95
134
408
88
221
149
189
976
691
258
103
57
89
55
86
217
119
903
582
674
603
271
49
862
841
581
234
136
321
90
735
87
279
644
888
412
388
486
861
247
987
612
707
737
476
877
608
114
955
578
893
202
706
779
1003
2
837
65
804
304
834
191
942
802
92
668
1020
385
416
259
613
283
771
575
80
66
146
48
868
352
712
705
738
152
17
35
