0.02953577
-0.15921593
0.14169979
0.15619707
-0.0664382
0.0728941
0.042069912
0.046744347
0.055584908
0.07153654
0.11404514
0.041279793
0.3879795
0.7539592
-0.17096663
0.04496479
-0.2517519
0.0866971
0.032959938
0.10693312
0.064863205
0.18593359
-0.0804162
0.06832266
-0.013433933
-0.12148523
-0.042948723
0.14933872
0.08819485
0.012534618
-0.086518764
-0.055695534
0.12215233
0.13062954
0.8471949
1.2703156
0.74266505
0.442657
0.9568026
0.81144714
0.8220439
0.8610432
-0.41128778
-0.9213042
-1.2581353
0.28544855
1.1212542
1.2138822
1.3773971
0.7962339
0.9695685
0.41859055
0.03724575
0.10144997
0.03391123
-0.104744434
-0.262825
0.060636044
0.28106642
0.59457064
0.61867285
0.2726655
1.1879137
1.3214478
0.3857937
0.18674946
1.5040658
0.64410067
1.0222886
0.6259074
0.19233418
-0.19870472
-0.7563696
-0.14063835
-0.72185993
0.016244411
-0.25631094
0.81832623
0.8123214
0.11294031
-0.7926798
-0.8460202
-0.11560583
0.1637969
-0.06890392
0.005235672
-0.54024744
0.6039524
0.64454985
-1.1361332
-0.45029116
-0.695024
0.5593815
-0.22163868
-0.65995884
-0.8856888
-1.69207
-0.39614248
-0.48912048
-0.33299637
-0.32306004
0.035291195
-0.06644249
0.63452387
-0.31988478
0.6130376
0.6320319
1.5101857
-0.41707087
-0.8418255
0.6828518
0.22355366
0.10962725
-0.49896765
-1.4862132
1.380558
-0.35888338
-0.82694674
-0.8178835
-0.45427036
-0.25425768
-0.07035923
0.04404831
-0.61624813
-0.44630766
-0.50548315
-0.345757
-0.522634
-0.2431016
0.09218359
-0.797091
-0.12066698
0.2113738
0.43551016
-0.08377552
1.5072675
-0.053776264
1.1239936
0.79048586
0.86497307
0.019709587
-0.07353306
-0.3077035
-1.3788867
-0.7041564
-0.69736004
0.10353279
-0.01810646
0.06060934
-0.09941816
-0.1968112
-0.3891015
-0.15717411
-0.15109968
0.042389393
-0.084397316
-0.49275208
0.11286163
-0.113417625
-0.035785675
-0.10954428
0.37009287
-0.4524536
-0.15485907
0.0746994
-0.7734952
0.84296894
1.11115
0.05310726
-1.3246255
-0.72114754
-1.6024809
-0.27372456
-0.37165356
-0.5097041
-0.22593975
0.3597355
-0.6720333
-0.37898397
-0.3206315
0.011835575
-0.45460463
-0.13395882
-0.15400171
-0.36321878
0.07749796
0.37902308
0.03959942
-0.11077213
-0.0040254593
-0.079826355
0.17783976
-0.36887693
-0.7444172
-0.41224432
0.1963911
0.31664371
2.1505504
-0.04506302
-0.58455515
-0.02552414
-0.40061903
-0.3177662
0.038084507
0.19861317
0.13267517
0.061279297
-0.06724262
-0.22177696
-0.25561428
-0.4611559
0.11142111
-0.21694517
-0.053241253
-0.077777386
-0.016639233
-0.2787609
0.041809082
0.10369921
0.18707609
-0.024104595
-1.2325668
-0.79877806
-0.29422903
0.29995775
0.06770325
0.041291237
0.116446495
-0.44624758
0.08640003
-0.19014835
0.16893005
-0.14736557
0.010117054
-0.13626194
-0.077967644
-0.13213968
-0.16327381
-0.08753967
-0.17218733
0.044634342
-0.21401072
0.20194864
0.33399105
-0.09751129
0.26799107
-0.2076745
0.26302624
0.05612278
-0.79239655
-0.09577894
-0.8630018
0.43126392
0.23970318
-0.4011712
-0.50595427
-0.5176935
-0.02934885
-0.031227112
0.284369
-0.07851505
-0.017222404
0.16453218
0.35731697
0.08479786
0.25943422
-0.03884554
-0.23572063
-0.45945168
-0.11283922
0.22388697
-0.030416489
-0.1498723
0.09973812
-0.38828325
-0.015878677
0.6525965
-0.3290863
-0.15031815
-0.7140956
0.13391495
0.92572784
-0.8054142
-1.6448936
-0.17565298
0.34106302
0.08122206
-0.46366024
-0.38738537
0.15604496
0.5384126
0.5947075
0.5211601
0.1884427
0.109665394
-0.09427357
-0.13864565
-0.12671709
0.13542414
0.15108204
-0.10681248
-0.043439865
-0.17212343
0.09936571
0.5729518
-1.2813821
-1.6830001
-0.5812092
0.79384303
0.78392935
-0.4365716
-1.4847279
-0.08017635
0.913028
0.27520704
-0.6267142
-0.45365286
0.16112804
0.5987377
0.16165733
0.0540843
-0.05873823
-0.09514046
-0.26201344
0.059256077
-0.03841877
0.066465855
-0.015972614
0.0263834
0.17326736
-0.005560398
0.46800184
0.7719791
-0.84936905
-1.5290723
-1.2045264
0.7667322
0.01296854
0.02473259
-0.1308279
0.22539759
0.71815777
0.6361952
-0.3243351
-0.24517775
0.12186146
-0.34131527
0.053148746
-0.2797389
-0.094465256
-0.68129873
0.092531204
0.014163494
0.05938196
0.2259202
-0.16113424
0.07021904
-0.42500305
-0.16267109
1.4882262
1.2434022
-0.6980877
-2.1931615
-1.037879
0.28009272
0.56795835
0.405694
-0.15546846
0.6614857
0.46875238
0.2508812
-0.3739586
-0.28289032
0.024490833
0.04316759
0.022185802
-0.16949797
-0.36856985
-0.27977896
0.23455906
0.0059199333
-0.000102996826
-0.026420116
-0.27062178
-0.10674906
-0.04558754
0.6720376
0.74186397
-0.5373969
-0.32548475
-1.4850664
-0.6812334
0.6857524
-0.40789843
1.2006528
0.4794836
-0.35964727
0.36874056
0.21685696
0.28665733
0.3371277
-0.02235365
-0.0006942749
0.28267097
-0.3477373
-0.026490211
0.42216873
0.03351307
0.11885452
-0.024269104
0.06802225
-0.21554422
-0.013501167
0.0029530525
-0.11673403
-0.2240448
-0.18344164
0.37877178
-1.1943669
0.20719433
0.900028
-1.0802765
0.124821186
0.27953005
-0.4119382
-0.53225374
-0.0065846443
-0.24451542
-0.19123125
-0.027422905
-0.006829262
0.011149883
-0.07517004
0.012212753
0.047677994
0.07080412
0.06259775
-0.20305634
0.09641886
0.3049779
-0.17040443
-0.35117912
-0.18333626
-0.60045576
-0.73432684
0.3159256
-1.8089786
-0.8424034
-0.29463053
-1.6869173
-1.226903
-0.6241822
-0.30028915
0.204
0.4209013
0.475636
-0.6275158
-0.103462696
-0.02734232
-0.23727894
0.5067735
0.2846532
0.023644924
-0.2127757
-0.29589128
0.18956709
0.14847708
0.219625
-0.039148808
-0.24382257
-0.43741703
-0.7743292
0.26259613
-1.1907177
-2.288114
-0.47738838
0.06337261
-1.7417402
-0.30454016
-0.098567486
0.060869694
0.43231487
0.31229544
0.6036005
0.36691952
-0.9674859
-1.2735486
-0.8543043
-0.5148363
-0.40233135
-0.30789757
-0.01633358
0.023688316
0.05866289
0.042826653
0.14919615
0.30844927
-0.22678232
-0.2058301
-0.28037262
0.34952402
0.09571934
-0.5727372
-0.08402538
0.39719677
-0.30638266
-0.6164422
-0.6870723
0.017745018
-0.19870949
-0.11146164
0.48056316
0.8540015
1.1430125
0.8377075
0.9585626
0.94330955
0.6891308
0.5551524
0.052889824
-0.16413593
-0.004752159
0.09322119
-0.06465721
0.054341793
-0.46318817
-0.056969166
0.08839989
-0.41202688
-0.7816067
0.45868397
-1.1226454
0.22285557
0.62972975
0.4262886
-0.97520447
-0.31142092
-0.19730377
-0.25923443
0.091119766
0.12027073
0.25180864
0.45283222
0.43879604
0.82585907
0.25163364
0.115020275
0.08281851
0.05326605
0.03667116
0.036848545
-0.122620106
-0.13725138
-0.17008495
-0.14207458
0.0787406
-0.76312256
-1.1823635
-0.5893221
-0.4443469
0.041844368
0.034427166
0.035870552
-1.1237516
-0.7629833
-0.3883481
-0.88643026
-0.43001795
-0.45083094
-0.5291133
-0.18519545
-0.20451927
0.16818094
-0.09605408
0.050778866
0.0640564
0.0066781044
0.07640982
0.28489208
-0.00055503845
-0.41640472
-0.211092
-0.23038769
-0.60399294
0.17395544
0.25267982
0.6246543
0.5330248
-0.10665512
-1.2376914
-2.4005027
-0.9190278
-0.39401627
0.39616728
-0.19255114
-0.1408248
-0.11519289
0.0116996765
0.07159281
-0.0052452087
-0.027632236
0.06310654
0.07629347
0.017725468
-0.17360497
-0.16285372
0.019777775
-0.06932163
0.15960026
0.08413601
-0.54593134
-0.3327608
0.38594055
0.21689987
-0.4467168
0.21272755
0.106024265
-0.2493515
-1.6483436
-0.48024893
0.039781094
0.21817827
0.13149548
-0.043914795
-0.03989601
0.011399269
0.11716652
-0.16743326
0.031656742
0.06018448
0.17346048
-0.00779438
-0.06053543
0.114284515
-0.09749842
-0.016199112
-0.23922825
0.19865465
-0.07447481
-0.35937452
0.43765068
-0.109782696
-0.52745867
0.36227798
0.16667986
-0.0017876625
1.6077719
1.6090498
-1.0852861
-0.24496698
-0.4657116
-0.59485865
-0.24131441
-0.42684078
-0.40149117
-0.46317434
0.008002758
-0.1212244
-0.071835995
-0.31424904
-0.02109003
0.0076727867
0.3110919
-0.038393497
0.15489578
0.42775106
0.4150915
-0.1806016
-0.82223225
-0.7563672
-2.2261243
-0.17323637
0.0086865425
-0.22616911
-0.3200407
-1.6469178
1.6713815
-0.3330841
-0.948472
-0.48860168
-0.22439909
-0.394598
-0.50920725
-0.2399311
-0.23252964
-0.49656248
-0.46228504
-0.020928383
-0.22241879
-0.65751266
-0.1095376
0.21179152
0.11546707
-0.71807003
0.19237757
0.041540146
-1.5125065
-0.19018841
-0.537796
0.23928022
-0.0886035
-0.09756565
-0.8126831
1.7199249
-0.70010805
-0.594059
-1.0121474
-0.9540529
-1.3611164
-0.8353348
-0.8249254
-0.46237803
-0.8833809
-0.63911104
-0.31164455
-0.20208931
-0.2280817
-0.46477938
-0.44337034
-0.4477911
-0.17616224
0.42537546
0.40486193
0.14917612
-0.89529276
0.9924574
-0.7357693
0.16696453
-0.26553297
0.04533434
-0.11419964
-0.026529312
0.41273355
-0.47433662
0.16653681
0.01838398
0.31827307
-0.04695511
-0.40858603
-0.11060858
-0.07474804
-0.41898918
-0.3407488
-0.63463354
-0.9143815
-0.6424346
-0.45536327
0.56173086
0.5516496
-0.4315529
0.4442129
0.9980941
0.047146797
-0.3803959
-0.08970022
0.31228065
0.27176237
-0.09030819
-0.123838425
0.03760481
-0.028675556
0.0059309006
0.7555809
0.738477
0.32454014
-0.22084904
-0.34996605
-0.45058203
-0.13784838
0.108204365
-0.054844856
0.17026901
0.13197851
0.5998068
1.1235206
0.31825304
0.26536798
-0.20635843
-0.1745882
-0.70250654
0.18675661
0.022798538
-0.14500427
-0.06608772
