137
489
226
253
664
510
579
446
729
186
151
229
654
257
343
714
167
176
553
384
140
452
573
662
244
626
582
203
620
15
9
648
51
624
112
227
29
580
160
705
292
152
699
627
756
241
616
6
18
111
424
245
62
420
7
628
340
216
445
676
108
475
617
0
296
235
383
655
11
274
136
161
208
303
775
581
747
196
587
130
252
661
170
411
143
491
284
297
645
421
360
694
641
435
57
604
331
722
162
417
777
35
83
132
52
732
280
504
576
517
357
677
153
80
388
141
463
667
311
727
625
695
725
197
666
200
663
88
3
16
577
406
213
17
590
277
221
13
168
43
479
246
14
644
405
175
611
752
476
578
779
148
323
767
305
118
119
240
364
638
609
61
770
640
89
389
337
607
85
165
225
254
28
637
532
600
309
94
139
146
594
36
382
753
723
113
23
751
474
598
610
166
597
133
335
646
50
769
217
356
307
656
636
608
38
632
639
40
129
660
780
39
54
159
605
534
187
142
134
222
612
728
606
361
451
591
584
545
410
19
251
599
333
282
783
506
559
589
531
67
56
59
362
195
633
507
220
407
697
218
1
158
596
757
107
86
332
325
188
109
447
22
135
635
37
223
154
249
324
44
75
304
670
163
275
192
618
538
155
353
189
390
72
74
351
157
634
595
193
409
106
464
566
156
571
381
570
212
190
191
379
408
567
569
352
247
380
219
568
276
248
