46
47
48
38
63
35
50
49
45
88
62
41
224
107
87
445
66
39
60
78
34
64
420
110
167
51
40
166
67
416
36
79
392
59
387
90
703
75
397
422
309
135
642
37
619
68
77
614
473
106
647
371
13
365
91
386
223
561
61
92
139
723
97
116
370
347
93
369
12
58
105
172
150
394
459
94
443
444
376
304
320
398
359
415
423
357
593
597
732
343
349
193
592
499
103
427
76
527
598
725
65
121
348
620
33
591
332
629
360
375
108
414
403
127
648
611
489
71
526
494
149
292
432
731
722
195
126
461
441
293
762
554
674
699
625
399
342
276
336
95
627
599
553
773
555
472
208
643
498
470
488
521
236
32
410
175
755
315
54
500
220
570
596
235
284
763
266
645
649
501
425
644
52
610
413
119
569
364
628
529
70
582
102
756
209
7
492
265
615
605
536
122
637
469
0
262
6
402
140
428
28
497
379
780
157
337
11
587
567
585
626
3
377
631
181
512
152
595
433
404
133
344
431
729
511
581
5
453
690
435
408
294
388
491
652
20
606
263
1
85
356
111
319
385
321
650
520
168
72
192
19
518
701
677
190
2
727
493
291
471
18
545
528
580
161
783
196
395
159
517
382
508
439
426
456
761
173
603
57
316
434
22
476
565
123
100
513
43
99
383
56
782
522
430
120
207
17
31
98
101
407
691
577
740
608
576
158
160
374
191
27
768
781
14
15
180
411
688
440
525
289
568
44
165
358
463
458
630
523
9
287
654
754
437
551
613
89
547
560
29
229
624
201
251
163
481
757
460
400
635
753
131
84
490
182
327
774
141
602
380
730
153
548
112
562
21
579
542
455
658
495
515
23
764
329
128
129
600
457
514
436
155
8
234
227
53
675
409
10
69
247
759
601
144
314
478
546
728
346
465
666
578
442
267
556
353
537
671
239
483
164
264
288
532
454
82
721
564
656
147
484
148
604
4
638
225
462
672
609
583
632
372
381
700
331
405
378
25
679
646
702
724
464
758
549
667
539
355
669
519
396
104
466
607
203
573
156
653
248
538
273
83
540
24
240
541
352
406
634
151
552
574
176
695
113
467
245
681
295
694
412
673
96
657
303
571
772
30
218
308
616
260
233
237
621
698
154
639
275
230
200
384
704
214
290
726
482
26
438
719
185
684
312
244
550
215
341
393
485
636
509
55
146
651
510
317
333
124
612
125
524
204
622
450
487
468
664
16
659
623
217
665
563
760
219
232
118
132
617
660
210
594
655
324
117
575
188
720
584
313
206
238
716
74
354
205
285
534
261
633
661
130
211
544
179
533
281
231
42
213
241
322
424
516
641
451
300
187
589
351
271
368
401
771
255
277
682
767
318
486
301
417
330
588
334
326
134
272
717
226
189
298
306
689
257
286
183
162
142
212
678
496
350
178
776
535
718
683
686
618
566
184
268
259
765
775
692
270
697
663
715
543
283
221
373
662
680
340
429
174
202
746
302
447
256
714
367
246
280
243
778
278
325
504
305
769
751
297
747
735
339
687
345
186
258
296
741
269
421
170
198
419
391
