130
451
472
177
704
1
506
435
284
502
85
575
413
203
549
149
174
351
495
173
31
182
282
714
545
293
240
312
711
523
172
680
554
213
44
627
127
154
710
658
405
499
718
715
207
448
22
376
9
326
321
467
713
522
140
656
717
354
490
176
202
346
536
258
286
480
498
400
337
538
447
204
407
440
478
168
433
526
404
497
574
205
297
102
553
6
294
302
752
716
677
396
508
14
11
150
348
270
18
151
272
340
301
668
367
733
271
134
442
226
221
232
603
461
441
412
382
15
453
468
688
469
339
155
646
470
327
475
401
410
778
602
378
298
299
466
697
328
374
148
322
391
527
443
521
399
528
415
462
285
694
452
439
338
471
510
647
434
494
438
564
446
414
473
776
356
425
492
136
429
418
388
257
444
220
493
330
198
503
300
137
424
375
509
482
562
481
734
500
423
402
501
329
416
465
537
614
565
533
165
419
561
