530
171
675
117
566
144
391
175
676
122
562
778
557
418
306
334
613
755
776
614
116
668
310
305
55
450
308
148
750
674
582
529
585
338
41
199
595
594
448
502
768
772
558
754
165
299
279
608
82
243
33
5
222
638
702
580
449
693
478
765
477
637
114
63
581
24
209
781
31
701
84
618
394
210
79
567
671
774
642
561
730
696
328
773
589
667
87
181
208
393
392
26
736
531
169
304
700
447
609
758
607
174
176
554
588
147
53
543
726
25
783
58
277
759
749
666
745
30
224
44
533
619
22
669
740
59
93
149
283
505
715
553
255
86
559
327
396
408
239
782
698
145
64
276
173
367
1
583
697
615
56
761
706
339
202
538
282
760
564
623
746
739
244
381
177
121
560
503
118
217
747
146
390
4
203
267
47
535
565
656
395
622
555
271
130
647
506
201
158
563
250
621
51
591
714
361
711
452
673
536
717
556
646
129
636
769
526
592
78
635
742
380
528
770
610
353
331
537
631
630
204
508
655
651
712
542
205
70
332
120
246
352
307
713
527
66
119
686
245
12
98
362
228
629
280
722
16
685
516
150
296
579
578
436
499
409
123
68
620
424
216
459
252
43
230
300
231
232
451
218
238
189
215
360
274
684
99
302
687
141
515
550
552
159
464
275
753
77
657
330
187
710
737
272
273
659
525
603
233
256
188
186
463
649
474
652
544
658
301
498
76
329
491
707
509
96
303
100
97
741
690
539
691
602
229
486
236
688
718
295
632
247
514
593
705
136
612
584
524
473
481
692
521
628
654
650
490
510
266
720
368
522
551
511
500
128
94
549
101
471
570
523
242
493
683
237
220
480
73
172
298
270
359
108
485
462
433
606
519
441
660
466
777
182
611
653
571
575
358
157
214
439
492
326
95
312
574
211
325
484
678
434
601
340
438
435
709
624
670
457
467
458
487
501
497
482
190
262
507
469
354
357
61
294
662
442
465
470
382
135
19
661
494
412
757
324
680
227
495
416
648
248
682
440
411
679
223
547
520
664
410
235
437
384
142
681
518
160
258
356
134
496
689
102
460
421
89
432
323
355
548
407
604
385
512
426
397
732
454
599
600
596
185
639
708
131
445
453
468
388
640
546
431
200
192
413
383
677
387
257
627
483
161
164
219
234
472
489
532
517
414
576
309
598
162
738
400
461
427
488
184
104
577
586
109
479
251
103
415
106
443
406
18
764
213
456
34
716
336
386
719
133
74
8
207
419
633
163
597
626
513
634
313
446
665
132
430
399
341
65
573
206
663
540
240
644
49
455
268
417
475
727
429
721
704
212
191
605
13
127
226
241
60
196
83
143
80
322
724
423
180
88
734
590
425
183
69
405
285
0
616
29
198
617
297
695
90
15
45
105
444
625
699
111
694
112
545
401
744
7
253
311
11
723
284
428
9
766
729
249
140
572
756
92
124
541
420
641
167
32
743
6
259
62
57
645
52
534
72
35
321
193
254
398
197
389
422
265
767
365
725
363
17
138
476
46
225
775
75
752
151
373
28
71
337
748
350
170
10
751
113
85
504
364
54
351
14
779
178
293
643
569
23
110
771
3
703
115
107
179
50
152
404
672
21
335
728
317
269
137
139
587
369
2
731
378
20
91
349
372
27
377
42
762
168
735
763
780
126
153
195
48
154
314
281
155
319
125
36
376
344
221
37
81
568
278
403
316
38
166
67
402
733
379
345
260
261
315
374
346
40
366
39
333
318
348
375
156
371
292
291
286
347
264
194
343
263
