8
15
18
33
66
73
87
92
149
151
193
217
241
245
247
259
320
321
324
340
352
362
381
412
425
445
448
457
478
479
495
502
507
516
536
543
551
565
578
582
591
619
629
659
667
691
707
717
720
740
786
829
857
881
924
926
938
939
950
951
956
965
975
982
1003
1014
1024
1032
1039
1044
1073
1079
1082
1101
1107
1112
1114
1145
1157
1166
1173
1181
1182
1192
1194
1198
1200
1226
1228
1232
1234
1242
1247
1260
1283
1289
1299
1315
1319
1326
1328
1331
1364
1378
1391
1393
1409
1413
1429
1433
1444
1466
1494
1500
1522
1525
1530
1549
1553
1559
1581
1587
1609
1621
1626
1634
1640
1678
1681
1686
1709
1721
1732
1737
1751
1754
1772
1790
1800
1828
1878
1880
1899
1901
1913
1917
1938
1941
1952
1970
1973
1981
2004
2016
2024
2035
2040
2043
2044
2052
2053
2068
2098
2105
2109
2118
2129
2130
2135
2182
2185
2186
2189
2201
2215
2224
2266
2272
2291
2293
2299
2329
2369
2371
2380
2387
2395
2406
2422
2425
2433
2437
2454
2488
2500
2514
2526
2545
2559
2560
2570
2573
2578
2582
2586
2589
2598
2604
2607
2621
2631
2648
2654
2670
2684
2730
2756
2760
2770
2771
2810
2832
2836
2861
2863
2896
2905
2907
2921
2927
2930
2939
2945
2953
2995
3005
3030
3060
3062
3073
3102
3108
3117
3130
3157
3189
3206
3222
3225
3269
3316
3330
3336
3375
3377
3381
3405
3450
3490
3503
3520
3549
3550
3558
3559
3565
3567
3573
3575
3578
3597
3599
3604
3658
3674
3681
3702
3716
3718
3726
3751
3757
3767
3773
3776
3780
3794
3798
3801
3808
3811
3817
3821
3848
3853
3855
3862
3869
3893
3902
3906
3918
3926
3941
3943
3951
3962
3976
3984
3985
4000
4017
4027
4063
4065
4068
4072
4075
4076
4078
4093
4100
4131
4152
4154
4163
4176
4199
4201
4205
4211
4224
4248
4255
4256
4265
4269
4289
4294
4297
4300
4306
4312
4317
4341
4350
4355
4356
4369
4374
4405
4425
4435
4440
4477
4498
4500
4504
4523
4547
4548
4567
4571
4575
4601
4615
4630
4699
4731
4735
4751
4761
4785
4807
4808
4814
4823
4837
4874
4880
4886
4890
4915
4918
4939
4950
4952
4956
4966
4990
5015
5038
5054
5065
5068
5078
5140
5143
5165
5167
5201
5210
5331
5401
5457
5495
5593
5600
5601
5611
5642
5654
5714
5734
5749
5757
5835
5842
5854
5858
5862
5866
5874
5887
5888
5891
5912
5922
5936
5955
5972
5973
5982
6002
6023
6026
6035
6042
6043
6045
6056
6059
6065
6071
6081
6091
6157
6166
6168
6172
6173
6324
6347
6351
6385
6390
6391
6400
6421
6425
6426
6480
6505
6555
6560
6568
6571
6574
6576
6577
6578
6597
6598
6625
6632
6636
6641
6643
6651
6706
6721
6739
6740
6744
6755
6759
6785
6906
6981
7043
7081
7216
7233
7258
7338
7432
7434
7446
7472
7492
7539
7691
7736
7779
7797
7800
7809
7821
7849
7850
7858
7886
7899
7905
7917
7921
7928
7945
7999
8020
8047
8059
8062
8081
8091
8094
8095
8183
8196
8245
8246
8263
8272
8277
8292
8293
8296
8311
8318
8320
8325
8339
8362
8406
8408
8410
8426
8453
8504
8520
8522
8523
8863
8867
9008
9009
9015
9016
9019
9024
9032
9046
9071
9209
9280
9366
9422
9482
9530
9534
9587
9614
9634
9642
9643
9664
9666
9679
9692
9700
9716
9729
9732
9741
9744
9745
9749
9752
9758
9764
9768
9770
9779
9792
9808
9839
9858
9879
9888
9892
9905
9944
9954
9980
9982
