114
253
145
766
363
769
586
335
559
558
142
736
71
530
708
735
199
771
770
765
281
739
307
171
775
743
502
707
772
143
117
767
588
773
250
737
745
678
768
222
86
278
744
505
144
477
747
616
42
146
279
676
366
408
621
69
381
70
255
225
115
764
706
96
746
194
709
448
277
762
741
670
197
620
617
712
749
122
738
216
120
677
362
81
557
361
390
752
305
594
748
532
525
507
679
760
259
504
450
587
293
421
380
237
506
320
310
622
180
751
280
252
354
410
364
131
649
705
254
209
412
234
384
132
352
265
238
260
138
343
551
779
235
516
116
236
325
353
26
629
125
186
763
698
372
393
210
409
82
217
758
130
585
579
215
725
179
264
411
389
711
72
436
628
27
714
43
645
458
761
208
28
214
333
658
24
319
464
750
99
261
52
544
371
98
242
730
262
127
535
55
213
435
326
757
177
157
164
4
782
344
170
227
524
75
178
3
560
100
624
29
94
519
701
147
700
517
582
206
246
169
552
671
466
680
781
683
742
753
703
263
431
596
8
673
718
755
109
693
16
547
324
185
491
21
515
152
289
413
687
286
321
22
600
345
290
10
672
783
385
269
440
174
382
349
479
546
597
311
176
724
196
313
231
17
84
373
156
370
316
317
545
776
754
463
572
229
337
522
584
727
182
342
777
20
377
589
731
340
256
149
119
759
630
327
129
518
488
287
19
133
141
113
432
437
74
651
83
57
318
460
118
728
598
626
394
230
573
657
241
126
0
774
187
162
291
112
396
268
480
251
422
2
682
205
355
155
111
495
523
1
613
76
273
101
576
648
328
233
476
577
7
710
685
181
12
5
442
15
644
548
449
245
148
338
9
719
188
53
315
266
54
258
531
299
602
729
97
123
592
173
163
336
128
601
383
31
30
656
168
715
6
219
526
550
32
575
56
232
486
534
652
25
243
468
14
95
244
467
282
716
200
599
713
756
653
296
681
618
140
341
438
430
175
646
686
659
23
426
312
283
780
160
487
249
161
78
308
563
555
134
240
554
595
578
593
655
717
654
159
288
292
285
400
11
625
497
726
121
439
172
228
211
417
691
609
346
85
521
239
124
674
459
153
549
641
189
452
89
493
623
500
441
692
499
183
513
204
580
407
207
542
568
541
93
306
590
18
574
33
721
571
184
347
498
58
274
492
457
104
631
314
603
778
395
367
108
699
203
356
284
496
202
92
490
650
514
733
195
166
34
740
512
627
720
392
465
570
556
331
723
470
536
77
619
608
553
469
583
192
675
401
73
702
607
198
484
301
453
405
643
276
339
508
374
485
494
660
191
456
334
539
635
13
420
270
424
663
433
483
722
304
414
455
642
332
636
37
218
540
348
226
615
80
567
221
451
36
357
223
110
103
190
302
158
520
427
90
581
606
154
688
150
102
88
511
661
684
61
569
193
662
295
690
107
404
538
566
591
478
376
632
633
472
403
212
105
528
50
543
605
201
527
62
91
365
248
428
509
386
481
695
665
49
510
303
604
529
696
639
664
637
359
247
634
51
275
667
38
41
139
669
87
35
638
63
610
45
167
60
323
647
68
64
666
65
40
