334
306
642
670
277
193
362
46
71
88
278
675
72
724
422
276
197
38
104
305
723
250
251
90
78
477
42
75
249
761
136
248
194
73
192
449
722
505
106
110
107
92
41
37
105
674
769
74
223
166
304
335
392
741
420
108
94
138
450
96
49
221
45
50
647
97
43
707
709
222
62
47
48
34
717
703
312
421
585
393
592
137
284
333
12
753
63
773
472
76
587
765
40
70
536
719
36
98
648
747
743
556
746
224
113
102
371
281
103
416
35
713
293
706
718
534
91
443
394
669
738
99
613
220
499
764
712
133
87
39
768
639
173
760
641
337
364
444
93
320
595
497
620
708
538
649
191
588
582
51
617
572
195
13
77
253
165
762
532
343
122
100
95
495
370
745
767
716
169
363
116
232
710
128
292
596
739
369
117
290
646
372
294
164
569
189
3
779
150
552
342
744
715
599
591
135
273
690
101
535
619
401
67
109
772
349
603
766
69
123
145
321
676
64
61
291
610
616
688
341
348
130
494
459
119
350
315
635
602
701
441
58
568
414
127
79
377
131
742
507
379
750
263
60
184
161
163
570
178
378
498
598
783
311
691
479
365
594
181
322
470
711
468
52
597
279
645
604
82
567
608
89
575
580
600
526
438
237
763
593
402
149
233
382
574
758
140
210
436
547
524
27
406
721
467
266
781
23
638
162
54
57
546
609
205
33
754
264
367
678
400
555
319
782
636
244
427
780
9
413
261
689
314
351
510
28
601
571
20
112
658
426
225
215
429
182
396
469
550
553
168
19
183
777
265
8
32
537
573
508
212
578
704
496
775
692
129
520
463
403
230
424
431
313
423
6
490
698
153
1
179
206
373
576
560
344
699
167
318
323
187
218
155
729
671
188
214
307
395
672
21
627
147
487
143
384
519
177
632
655
154
354
471
172
204
491
2
398
235
243
493
650
316
17
628
259
652
121
728
287
157
310
30
540
86
445
476
757
185
583
280
778
661
152
630
687
115
683
216
525
186
629
274
160
634
156
246
589
352
208
405
461
622
581
5
755
726
234
383
566
415
533
407
126
521
207
523
386
651
625
657
190
660
730
637
125
213
339
56
85
236
679
439
347
677
231
492
10
66
727
11
451
633
607
434
579
385
606
353
408
219
317
245
176
643
684
381
141
84
680
644
663
0
44
480
482
442
180
120
275
673
428
615
453
201
124
16
700
522
653
345
340
374
509
24
159
749
440
25
563
656
238
380
618
295
289
404
458
217
376
435
714
528
252
548
151
309
203
486
29
55
356
409
549
554
397
53
605
134
725
227
332
158
460
626
731
512
557
4
564
624
737
551
303
433
464
462
111
776
146
22
229
18
685
756
375
659
412
543
26
260
590
759
686
196
430
325
241
527
239
682
654
473
324
411
561
286
720
664
272
481
732
457
513
681
500
267
466
662
518
774
240
456
366
285
666
515
139
694
517
511
665
455
483
544
504
516
357
59
485
484
514
387
368
640
336
308
751
359
