590
474
197
670
362
171
646
618
96
446
477
390
418
505
114
473
115
143
449
283
531
696
557
450
676
89
311
708
169
705
589
563
447
472
306
529
335
647
421
706
95
648
702
92
334
535
591
117
678
118
363
726
170
391
256
221
144
707
80
44
91
72
81
222
109
675
130
451
507
556
251
74
566
305
137
333
712
388
94
744
43
506
710
475
698
361
564
693
471
138
282
779
583
558
199
145
193
709
249
651
228
123
559
525
165
528
90
174
745
125
254
119
98
741
619
127
113
502
460
86
255
478
724
97
697
713
99
124
580
679
279
567
142
689
162
100
748
389
523
172
108
568
176
668
194
747
569
614
393
210
743
607
610
223
93
76
201
307
126
470
495
592
753
202
767
120
746
499
728
448
259
717
439
536
425
378
128
274
611
467
452
497
509
104
198
553
733
442
718
122
662
350
400
749
14
354
714
711
617
650
71
738
16
177
185
581
443
56
441
673
498
669
444
192
554
396
649
469
147
346
299
200
466
570
73
226
216
671
571
42
204
230
377
642
704
636
537
605
214
209
552
503
163
173
231
424
438
272
131
501
25
677
410
1
582
158
246
440
766
782
406
237
205
239
758
302
742
663
730
479
526
627
151
757
674
65
22
300
102
121
594
719
688
596
257
294
716
595
160
82
236
715
55
783
588
701
510
765
206
327
700
31
399
141
203
321
180
244
527
538
777
667
30
84
508
352
754
380
431
188
154
414
320
235
325
149
159
656
381
4
208
212
326
148
238
401
660
492
26
301
463
215
150
639
382
635
548
409
458
631
768
624
403
225
426
555
266
250
573
623
464
579
601
15
407
413
491
600
524
29
207
468
75
652
597
633
632
18
576
233
645
760
625
234
599
24
606
298
419
310
720
328
375
312
457
213
412
267
519
101
7
620
52
494
261
547
182
347
436
85
759
324
271
658
565
54
349
258
0
575
277
781
626
6
229
284
672
367
278
323
521
682
560
574
630
5
465
385
140
461
183
232
598
603
739
687
157
735
539
17
737
8
661
476
729
415
11
134
155
402
262
520
546
190
731
240
761
337
20
493
168
562
373
480
70
422
28
384
79
680
260
628
189
657
57
550
23
405
351
152
19
129
437
146
429
195
164
9
264
616
602
577
695
683
629
459
153
53
740
33
10
186
684
522
411
293
32
356
295
217
408
286
330
242
218
227
273
374
339
435
112
772
432
379
604
540
644
584
269
136
3
132
270
2
752
445
83
551
727
296
637
303
641
355
211
27
187
416
319
638
61
609
541
621
417
175
572
622
545
21
430
353
634
329
280
191
453
428
64
778
659
275
111
664
734
780
771
608
322
383
770
496
241
775
338
376
58
345
243
297
699
692
433
686
179
578
265
67
756
549
423
220
372
655
532
184
340
245
348
755
482
654
364
370
196
51
500
344
219
314
685
398
454
736
615
181
489
178
681
343
490
613
776
434
543
462
653
116
542
511
161
263
253
224
268
732
481
593
285
37
769
12
371
530
561
764
404
488
288
518
690
643
316
723
365
45
665
691
427
156
331
483
586
612
68
358
308
751
360
