176
498
481
91
311
764
656
488
272
431
206
711
524
701
461
754
512
628
639
411
491
467
441
470
413
94
672
74
100
154
653
634
153
168
6
20
52
648
214
288
554
415
187
641
767
149
340
444
280
163
781
32
509
617
259
89
439
350
9
463
130
57
482
271
119
468
232
750
147
295
404
605
588
409
495
680
765
131
606
207
436
775
384
744
556
568
779
112
140
43
677
777
3
480
128
496
377
367
215
23
471
581
263
494
315
776
514
537
569
178
442
655
54
400
243
532
492
182
289
298
429
385
712
150
155
313
195
747
101
460
382
424
184
708
715
762
585
625
542
632
273
535
719
421
541
356
230
538
536
339
493
679
291
579
580
760
633
395
92
396
294
216
383
778
164
181
438
73
71
497
716
293
624
510
592
423
224
710
403
323
499
156
505
477
133
113
688
219
414
75
333
743
72
772
449
337
322
138
290
346
401
335
753
607
349
348
191
247
647
742
321
173
706
102
103
292
587
197
49
45
34
253
738
713
718
47
533
709
375
165
392
347
320
42
402
50
443
393
416
376
223
78
48
251
370
745
318
135
108
769
39
675
343
312
281
222
420
37
116
166
341
284
707
746
394
773
674
104
220
371
724
40
192
703
741
761
722
305
717
369
534
62
723
41
422
90
38
250
46
110
137
670
105
221
304
194
88
362
107
106
278
276
249
136
642
248
306
277
193
334
