100
724
229
753
674
126
552
2
783
459
3
158
584
722
136
52
208
324
57
138
519
341
536
717
210
273
323
262
43
653
240
235
23
646
633
342
147
113
553
103
352
669
487
656
164
451
594
236
127
325
661
703
284
662
521
54
315
572
241
163
219
95
152
33
513
607
128
120
404
569
692
268
597
343
123
511
269
292
554
587
670
606
321
154
580
297
499
119
213
121
89
634
660
567
684
96
538
609
405
581
150
527
510
578
160
295
306
373
364
652
432
635
209
345
377
688
433
663
528
159
58
372
732
275
403
102
161
636
247
605
296
555
582
583
333
595
348
638
165
371
666
620
192
104
420
191
592
610
97
665
691
347
690
303
122
61
386
357
608
105
365
556
221
637
108
422
93
664
392
94
250
331
65
695
647
591
106
376
387
12
278
220
619
349
139
74
92
13
76
611
359
277
79
167
73
77
70
473
110
445
60
667
69
39
195
251
72
87
723
45
639
276
49
304
40
360
249
248
332
71
51
34
75
41
36
224
62
193
223
91
88
68
642
334
166
64
63
78
50
107
35
37
90
38
66
67
48
47
46
