46
48
66
47
67
38
50
63
35
68
49
64
88
45
167
224
62
78
87
34
79
107
60
90
41
166
75
51
445
139
65
40
642
110
473
36
91
39
420
37
223
92
93
422
392
77
97
416
71
387
76
94
13
619
59
12
703
249
61
723
397
365
254
309
647
70
614
386
58
106
105
195
371
480
591
561
360
376
209
116
135
370
372
69
529
369
611
172
193
349
304
150
108
527
359
592
444
226
598
394
443
499
103
33
620
597
121
332
415
236
593
570
398
348
357
95
648
343
345
427
501
599
674
725
472
364
722
423
610
732
496
555
122
569
553
637
629
119
127
526
554
251
149
497
414
625
600
219
649
699
498
461
552
74
567
731
182
98
761
441
293
762
595
460
52
161
513
582
264
342
284
276
755
428
89
32
581
488
631
645
627
404
580
613
388
596
344
54
399
96
381
469
377
536
3
336
643
175
413
406
181
608
511
470
28
585
237
104
644
512
229
192
315
528
120
500
5
220
568
604
411
690
518
439
763
408
587
521
266
635
410
140
7
144
701
0
646
20
780
628
508
756
263
773
6
337
453
524
155
407
133
492
210
201
615
432
2
425
317
753
729
19
11
320
783
152
400
43
440
626
556
380
85
650
724
450
1
159
436
294
265
691
489
289
476
225
157
571
782
606
111
17
485
57
520
491
123
652
321
468
358
173
18
463
435
356
385
426
147
727
471
56
102
757
168
101
117
141
158
607
331
153
677
160
163
466
462
191
493
200
383
583
128
541
382
545
532
542
517
551
669
523
196
438
395
333
227
522
456
576
129
457
99
431
781
27
698
409
22
730
434
375
494
316
403
29
21
621
290
675
31
208
481
113
100
131
478
334
702
142
728
8
514
609
405
353
560
490
754
768
14
319
15
329
10
118
630
235
636
84
688
565
697
540
126
654
458
165
577
53
23
44
515
634
9
287
616
112
379
671
82
539
378
740
624
190
758
218
156
546
638
203
726
327
774
562
455
658
632
273
25
292
639
764
72
180
451
538
459
653
667
352
656
579
454
247
601
759
314
484
164
267
412
483
437
519
4
442
525
700
495
617
721
672
295
666
760
260
306
230
303
146
670
248
275
240
684
660
245
393
772
594
633
244
719
185
308
641
704
277
659
533
368
