770
766
114
769
742
253
363
743
708
335
145
307
277
744
558
362
738
739
709
586
737
278
530
250
42
745
477
765
771
559
199
281
502
736
747
767
749
741
305
310
705
142
670
712
707
748
255
505
279
143
621
746
768
676
81
86
138
735
366
588
334
752
216
71
361
740
750
764
585
724
733
222
504
338
276
256
706
249
594
306
282
719
115
186
69
557
96
613
252
772
640
678
146
773
622
587
171
751
182
616
210
449
308
43
390
217
117
711
531
685
246
718
448
333
421
187
242
280
194
609
144
532
775
293
696
693
649
668
238
214
227
228
617
251
695
321
294
408
721
713
661
209
777
183
125
687
633
582
189
215
710
237
364
720
714
266
180
254
734
641
659
663
178
336
760
179
181
283
679
450
517
208
80
122
624
155
259
381
762
109
660
579
269
680
248
717
236
662
127
325
169
389
654
70
628
118
639
243
225
120
683
715
332
692
620
123
684
126
311
162
260
778
763
623
534
274
704
219
339
603
653
779
234
320
507
682
231
634
716
188
651
211
636
258
506
608
235
667
630
631
82
650
177
723
26
326
319
152
572
677
27
206
576
16
55
328
646
384
584
153
244
590
157
689
4
354
600
340
731
262
607
92
367
245
124
24
221
304
686
642
207
331
776
525
368
602
681
568
322
380
544
632
261
353
342
758
753
516
286
72
652
700
627
275
393
343
635
241
270
480
265
601
21
672
164
132
12
595
264
703
239
412
722
410
2
299
200
638
657
230
761
131
533
29
30
645
232
83
170
671
435
574
691
315
141
675
271
440
98
730
344
174
545
154
626
371
147
303
782
673
10
551
28
134
701
112
57
128
535
596
8
341
625
116
618
606
666
593
151
202
133
665
273
577
129
205
560
754
352
759
130
589
503
566
372
518
460
84
658
599
781
291
698
479
3
97
229
302
409
156
190
405
757
99
729
0
476
53
263
318
94
158
727
488
569
474
20
690
324
604
629
433
379
644
226
247
312
394
411
31
52
148
184
345
290
159
196
316
592
755
725
113
75
436
289
597
780
458
161
541
350
783
377
317
464
213
9
598
552
111
23
17
524
774
385
413
313
519
100
19
168
284
136
287
756
54
431
76
370
288
285
542
382
547
337
422
13
514
292
101
355
437
6
515
36
314
548
104
513
383
526
395
78
463
175
555
309
58
427
459
34
359
500
492
392
456
496
487
166
77
358
486
512
420
88
139
37
110
357
35
41
484
455
68
135
50
49
63
167
485
483
103
51
386
107
87
365
105
62
106
38
67
66
48
46
47
