465
433
464
432
497
463
687
401
431
434
622
466
402
654
720
688
653
430
689
685
686
652
498
369
719
690
657
651
718
684
371
468
467
370
590
403
717
400
659
435
436
623
683
621
655
726
368
656
658
469
404
339
372
499
503
496
471
983
425
660
307
650
502
721
1015
340
462
336
620
751
853
424
619
852
1016
470
302
301
438
437
274
984
338
335
456
750
725
337
716
682
405
457
378
715
21
899
439
334
275
694
748
749
393
591
762
500
624
933
856
415
269
823
306
392
23
883
213
932
625
794
940
666
930
20
885
731
365
982
667
801
941
345
308
900
931
776
904
212
698
366
855
777
887
123
691
649
383
184
481
886
806
972
747
774
219
937
825
451
912
934
583
648
703
730
450
485
773
346
602
908
872
19
822
722
833
824
756
928
173
53
186
831
360
832
763
752
980
704
204
800
950
305
267
515
964
244
256
40
884
313
618
39
714
8
864
905
264
172
268
671
952
484
243
778
865
838
229
775
866
882
238
126
192
205
909
131
755
199
124
702
673
535
919
670
971
261
159
483
542
676
63
446
795
968
13
7
641
111
121
122
799
757
736
72
84
732
1007
387
242
211
160
511
323
410
24
161
178
52
769
382
936
327
109
700
808
163
381
1008
349
185
101
929
295
197
187
59
218
6
969
203
550
117
419
579
43
989
11
959
672
198
807
541
225
137
827
475
768
71
224
647
293
902
487
418
1012
699
83
839
423
367
791
33
328
973
544
233
615
276
640
154
516
547
289
245
478
167
12
10
351
99
288
230
226
223
290
898
981
445
79
41
444
551
127
907
501
545
263
262
38
139
206
281
292
991
901
237
643
873
420
135
128
1002
956
543
76
25
911
939
324
51
512
857
294
709
14
196
236
174
28
110
787
510
734
741
840
1017
796
252
926
188
391
975
859
320
164
361
27
985
162
31
32
291
479
130
414
767
517
828
797
16
639
858
47
18
60
764
350
26
927
513
140
891
171
348
990
133
935
965
988
153
711
253
810
314
112
951
642
77
830
166
102
710
708
452
4
45
634
413
860
70
829
228
421
638
255
958
580
168
733
9
299
125
482
193
181
549
377
282
509
826
165
155
158
37
1
924
942
917
227
220
64
782
341
129
854
803
373
96
871
257
317
611
386
142
231
890
156
809
995
300
333
805
326
380
546
918
194
5
36
1004
915
232
35
222
922
606
870
576
449
949
957
180
175
548
195
477
108
67
69
190
896
169
254
921
138
44
480
100
355
454
319
745
645
46
637
607
34
94
507
214
80
1001
115
1011
514
359
1005
889
954
42
1013
577
235
58
894
953
892
417
30
2
270
148
353
143
923
265
251
152
325
967
416
1014
925
17
78
250
863
970
675
772
867
141
1021
296
765
668
876
742
612
48
15
113
573
107
61
0
519
65
841
352
1023
248
1022
574
605
259
678
249
170
260
321
132
136
447
82
578
298
358
157
297
963
644
73
893
92
575
897
91
234
895
385
861
347
388
68
286
966
49
356
669
1003
834
120
3
145
287
943
609
85
66
955
207
303
151
75
472
354
914
862
539
280
869
735
986
613
987
216
50
266
705
202
582
103
412
701
802
976
134
783
147
56
1018
974
62
258
674
737
179
608
384
518
357
177
770
706
581
116
635
283
906
189
1020
221
743
104
322
835
98
318
677
105
74
679
766
316
707
97
315
811
389
144
182
888
57
440
874
938
29
390
201
962
239
646
176
738
610
916
1000
868
771
285
851
996
241
379
329
798
455
961
93
106
681
1006
626
81
422
476
411
210
836
146
1019
200
114
406
804
999
453
614
842
739
150
330
571
680
88
960
570
780
753
504
947
271
779
837
744
740
217
903
89
448
636
95
616
209
998
90
191
443
22
304
149
910
944
603
994
843
948
997
723
508
284
844
538
486
208
913
442
712
875
821
993
587
426
724
920
247
488
945
781
812
398
877
601
992
312
397
506
215
1009
729
273
697
407
399
746
183
628
409
820
584
600
240
880
979
54
850
881
790
604
1010
754
845
572
784
758
760
119
793
977
665
792
785
786
87
246
55
589
627
713
474
788
632
552
813
408
536
505
586
540
344
978
946
629
332
633
394
309
520
374
272
279
761
86
617
118
592
473
558
489
814
441
588
819
879
568
695
331
537
759
815
727
277
789
818
878
376
693
692
569
364
342
567
375
427
396
362
534
458
846
664
585
663
728
521
554
531
817
553
532
816
849
343
429
696
599
311
395
555
557
278
661
631
662
490
459
310
428
848
522
363
533
847
556
530
559
630
529
564
593
460
525
597
566
523
596
461
491
598
526
524
565
493
495
560
492
494
563
594
595
561
528
562
527
