693
352
465
636
331
303
231
348
253
109
780
246
325
614
438
639
609
548
519
24
490
299
716
600
55
629
27
642
443
15
326
376
495
4
229
530
69
393
561
560
296
671
518
573
260
686
360
660
160
729
782
413
491
571
753
547
599
215
494
118
440
202
87
445
67
441
470
697
532
783
336
520
760
587
781
437
12
779
754
261
5
775
715
572
517
727
493
752
355
8
401
466
628
439
468
604
521
467
129
464
25
723
2
33
688
430
6
608
632
577
773
163
672
60
32
476
442
20
132
461
50
687
492
262
233
458
10
58
478
506
245
661
45
61
85
527
759
457
451
751
699
623
36
422
17
414
755
429
21
701
615
426
635
300
633
274
383
272
270
298
11
613
137
415
725
776
34
606
3
545
201
669
164
643
585
139
157
264
206
190
248
728
469
49
195
316
68
673
257
9
463
777
18
19
404
168
218
764
644
641
692
59
88
232
594
757
397
53
111
66
330
112
39
329
46
83
324
13
318
78
35
778
758
546
30
539
419
23
284
196
486
357
342
681
301
63
375
721
664
640
38
271
488
48
500
424
542
47
498
634
537
173
175
273
62
691
700
504
315
37
730
192
302
204
369
496
73
665
292
140
694
220
734
258
166
612
110
423
367
358
297
101
77
366
487
452
219
402
102
286
275
41
167
638
203
704
339
541
722
750
480
508
338
774
40
428
290
368
359
340
280
427
680
444
605
645
291
403
538
588
314
540
690
666
134
386
337
652
387
416
304
479
417
637
191
205
543
544
616
276
263
516
622
287
317
312
341
395
308
564
161
509
675
365
510
511
650
535
453
617
765
392
104
288
224
485
247
252
483
733
103
133
285
515
107
289
514
505
420
309
106
454
592
313
737
105
677
649
709
455
621
281
512
136
651
456
679
482
481
563
394
678
731
484
702
620
513
736
589
135
647
735
591
648
676
706
619
707
705
618
646
708
590
