71
670
114
70
96
142
72
477
145
197
505
143
117
588
278
642
69
251
450
277
335
250
586
75
559
334
558
557
363
422
616
306
333
305
617
223
94
74
421
362
138
724
222
76
97
144
115
621
73
449
90
166
707
195
767
364
507
92
86
708
532
104
225
42
43
761
194
122
765
613
146
587
753
620
766
93
361
78
769
739
479
646
253
12
747
113
98
88
590
556
531
100
678
743
698
768
108
118
760
169
706
649
199
281
147
723
89
629
120
582
709
255
594
712
744
591
745
162
37
746
279
393
259
585
381
736
770
99
171
771
674
772
91
535
635
636
193
592
260
608
676
161
36
622
431
648
764
607
609
779
192
164
737
618
408
34
735
741
775
119
679
82
701
109
50
256
658
595
758
568
249
211
525
762
320
77
110
578
163
239
530
738
95
227
604
216
783
246
229
384
228
128
3
390
570
432
580
209
325
663
28
20
153
630
27
21
436
757
555
380
675
52
311
619
584
352
181
8
372
38
693
579
529
131
141
583
575
343
392
719
230
101
589
177
312
569
722
782
24
577
307
730
2
519
645
653
681
154
546
179
238
49
749
606
573
284
777
459
673
57
234
116
319
19
763
598
133
726
691
265
182
560
641
324
156
563
13
273
17
633
26
183
463
112
30
354
495
781
632
596
499
754
451
296
700
215
123
660
671
10
601
376
458
656
682
718
742
16
517
710
62
280
472
662
728
124
480
672
518
552
571
51
217
610
506
637
29
659
713
184
178
23
235
172
717
657
524
497
755
180
54
186
460
488
686
152
516
236
130
702
4
353
55
599
597
605
290
35
371
173
389
476
64
687
200
567
254
683
574
313
654
639
581
102
349
304
548
342
634
572
464
231
544
545
692
624
84
219
33
159
623
170
576
541
160
731
773
315
748
705
214
536
680
212
243
53
288
491
603
5
326
650
566
237
268
208
547
413
107
685
188
332
58
1
714
340
404
0
373
448
56
652
716
727
382
81
126
9
244
46
370
263
550
715
542
442
729
121
83
155
502
174
409
176
261
32
625
48
292
210
65
68
549
187
540
543
149
711
526
631
283
690
25
221
602
274
661
140
240
252
213
293
553
111
264
287
396
489
266
780
185
310
63
318
61
191
158
337
346
242
206
523
600
341
125
420
291
554
85
696
22
385
669
139
689
269
644
331
665
132
241
426
651
410
190
127
204
31
79
467
725
316
626
498
759
539
167
276
6
655
366
7
664
345
593
87
168
196
203
520
528
720
286
435
538
688
677
492
684
348
367
522
490
66
45
314
699
347
411
105
262
129
317
752
201
321
551
534
175
245
667
756
611
205
695
440
103
67
218
504
437
638
400
508
189
403
267
344
295
60
258
470
487
233
412
11
401
369
18
478
438
776
289
468
405
207
513
327
150
202
441
14
703
721
134
439
527
308
461
510
496
136
377
248
740
457
301
469
433
452
15
80
751
383
471
443
453
474
430
232
407
302
615
466
365
627
414
275
704
355
47
379
339
395
148
272
515
356
270
494
299
336
285
297
137
44
294
151
282
328
511
778
224
521
303
486
374
774
750
628
402
271
424
733
394
406
375
106
220
427
338
434
493
732
512
647
509
157
500
514
351
41
378
668
564
247
643
473
298
640
226
391
454
423
483
484
485
