396
172
677
397
370
116
422
705
506
305
423
249
173
732
443
535
562
478
704
164
399
194
424
734
310
220
338
401
369
163
773
398
429
731
371
400
336
416
774
372
657
561
425
393
144
703
135
222
442
602
221
344
470
647
465
772
368
414
343
466
534
573
437
469
725
740
676
494
132
428
656
427
643
615
191
283
563
385
412
468
493
366
456
415
678
192
431
241
459
648
402
679
733
496
373
320
42
520
426
349
430
254
637
214
467
440
394
684
768
455
279
133
497
601
308
136
342
438
395
553
439
22
525
420
521
365
411
175
219
409
681
383
337
24
386
706
545
134
186
564
432
384
707
201
711
345
103
781
417
589
290
245
269
635
441
629
577
675
405
729
499
15
410
723
148
471
756
106
29
282
61
83
476
651
242
107
697
665
721
682
574
9
323
131
630
233
757
112
673
778
445
316
196
348
11
454
111
165
358
680
55
227
779
296
226
460
593
202
444
295
262
776
458
28
576
52
292
524
167
387
0
743
84
19
7
190
18
265
59
355
565
492
149
110
609
140
457
406
448
377
213
317
162
26
699
644
351
619
783
31
738
32
483
620
728
382
522
57
1
273
299
158
500
326
685
187
759
327
547
720
297
102
159
215
119
388
464
272
14
56
434
392
600
754
23
495
141
378
200
550
645
628
596
16
771
20
536
636
741
263
205
298
189
755
4
207
511
17
270
289
218
235
617
174
319
130
782
599
579
268
578
575
330
82
504
150
264
203
714
672
193
54
713
185
552
523
329
548
62
403
777
357
510
658
730
160
560
53
537
638
287
461
490
234
188
592
248
291
21
489
271
157
538
632
33
413
46
129
154
5
247
25
509
722
606
603
3
244
311
674
482
571
231
507
598
758
274
230
302
498
473
433
155
161
453
486
484
634
60
101
223
137
34
13
105
604
147
113
364
642
275
58
276
12
485
108
543
333
277
487
156
549
229
301
421
204
605
224
481
73
570
304
450
569
726
527
35
508
670
631
38
309
117
512
753
284
472
88
75
63
698
761
87
540
591
51
45
128
41
646
516
166
760
505
195
610
70
449
98
169
100
36
614
541
477
49
48
39
306
