653
435
624
655
654
691
659
402
434
623
403
723
652
685
686
491
490
492
660
592
467
754
436
656
598
620
755
459
524
785
722
468
401
370
493
457
458
433
305
619
753
505
816
784
817
569
621
692
460
523
786
537
400
466
690
797
281
630
787
238
345
399
313
616
376
207
473
179
344
538
782
304
788
815
710
511
971
631
510
658
622
369
733
439
940
818
489
212
648
29
506
711
456
239
635
941
437
272
783
371
27
366
678
469
522
4
77
585
154
82
249
761
765
570
312
946
181
440
724
404
756
819
438
684
918
669
1007
367
975
407
813
271
348
637
180
825
148
1010
186
152
822
471
886
766
881
83
977
487
885
171
109
254
921
488
992
645
743
47
698
687
206
599
696
520
551
960
52
86
514
61
273
1002
215
175
699
928
742
110
28
153
1018
398
729
646
951
872
43
555
591
907
518
583
244
323
702
961
252
455
424
121
962
917
269
908
900
73
59
809
44
188
972
899
901
939
317
1006
550
479
225
552
560
732
381
218
91
617
408
843
927
142
600
327
677
877
632
521
359
93
76
584
143
925
950
480
798
933
701
568
213
904
414
149
870
667
611
92
182
957
131
657
10
264
893
852
291
642
382
270
124
183
481
740
770
932
167
661
214
959
789
675
780
618
326
146
963
976
155
644
384
949
991
255
3
54
199
803
609
358
830
465
151
235
60
856
829
11
663
674
201
513
586
994
100
318
19
845
978
349
985
790
482
896
679
793
876
226
200
873
670
111
519
987
1019
831
676
391
265
335
891
234
986
169
211
875
36
204
194
2
104
536
651
87
230
728
673
117
130
882
0
390
629
192
647
128
99
844
871
472
133
375
224
322
5
486
485
233
303
916
566
30
707
449
958
772
842
285
132
392
902
546
835
432
196
423
601
737
360
328
163
849
41
412
802
781
641
909
606
834
739
101
355
639
223
541
350
812
25
774
122
415
49
208
926
887
930
578
164
697
931
256
386
72
421
571
21
771
253
108
136
680
922
664
210
263
478
116
801
290
166
470
245
379
610
915
114
287
895
577
50
517
454
197
185
919
284
638
1011
294
232
547
354
202
227
159
864
85
103
461
672
288
51
106
338
988
451
198
966
113
995
508
240
855
257
862
162
773
914
447
416
97
15
193
704
712
757
668
613
79
810
736
368
94
823
1008
665
35
297
397
1009
174
935
906
869
78
387
26
983
8
410
74
804
222
209
700
581
365
945
20
706
898
614
168
7
452
187
826
666
544
170
205
643
68
259
48
820
965
604
828
484
760
579
55
1023
75
990
903
545
90
867
567
45
53
769
372
982
296
105
325
512
266
832
708
838
1
258
176
203
582
981
763
353
640
833
352
195
984
894
292
920
316
866
320
96
413
261
738
301
515
65
576
929
955
450
262
383
147
286
888
705
548
69
841
138
70
938
127
268
744
768
389
554
141
419
293
948
158
125
453
865
681
587
150
237
9
854
324
934
334
549
417
32
636
64
66
14
228
954
42
792
794
1003
165
542
853
861
251
840
229
814
95
357
425
878
839
799
649
884
923
177
71
615
33
156
89
40
709
248
217
118
356
380
137
231
219
953
504
300
378
553
718
1017
62
897
119
859
731
850
321
446
336
483
800
964
693
539
236
98
337
612
543
811
126
282
502
135
422
970
837
81
67
796
46
735
88
115
725
924
134
775
443
295
129
989
848
260
34
874
947
339
442
969
429
302
102
289
123
474
37
160
12
178
314
385
6
943
767
173
250
980
418
997
580
139
863
243
184
1016
851
120
979
936
752
824
343
892
311
608
161
777
1020
993
280
39
730
221
758
388
713
516
973
857
246
347
805
605
634
84
703
216
910
572
190
377
56
734
996
277
80
890
535
241
319
762
38
189
808
764
671
276
795
967
306
428
860
968
821
999
220
937
448
974
846
868
806
22
633
267
274
501
565
299
1001
836
411
242
140
346
157
333
315
405
340
145
444
858
172
63
741
913
573
18
476
942
16
528
23
827
791
1012
751
426
31
283
191
1022
998
607
776
393
24
17
420
717
57
750
1021
107
307
807
575
540
329
880
650
726
574
603
361
749
1015
944
441
534
602
883
625
905
627
298
112
331
889
351
58
509
427
597
688
745
1000
1004
559
721
1013
247
332
362
275
13
507
406
779
912
956
847
525
879
409
475
759
278
445
952
477
695
144
330
1014
588
363
662
503
715
533
716
394
279
1005
310
682
626
719
748
309
431
778
911
683
689
308
373
498
727
747
396
628
556
364
714
694
395
374
720
499
430
746
342
527
497
341
464
500
589
526
590
593
496
529
561
557
494
