258
55
700
409
411
412
261
230
116
136
488
171
673
189
545
535
460
184
720
515
268
196
83
9
491
452
731
254
435
524
396
778
267
4
733
654
655
292
130
314
241
205
16
245
463
101
129
169
598
518
274
243
355
385
382
519
285
84
437
231
239
344
134
53
671
111
176
517
328
284
487
295
395
681
336
240
432
543
368
759
269
380
221
433
383
370
740
440
633
168
653
282
0
22
232
181
299
495
233
174
337
137
413
728
6
729
442
466
756
140
191
674
207
573
668
522
158
1
526
173
31
204
148
135
296
625
212
256
327
175
15
356
32
170
523
688
7
25
628
56
417
438
424
85
497
490
352
689
651
119
546
149
213
500
726
14
492
468
439
247
185
658
301
270
634
420
496
302
156
589
202
430
11
570
457
110
103
346
172
493
650
271
675
615
18
732
521
200
484
643
465
467
203
324
190
77
485
494
272
470
601
453
456
461
483
283
369
434
400
378
512
498
563
455
462
401
510
441
414
694
80
220
406
489
454
151
531
427
646
469
407
704
478
482
198
520
226
402
423
358
298
562
300
612
375
374
509
398
106
257
537
503
564
471
428
472
391
481
379
323
309
734
330
443
429
165
329
35
419
201
44
399
447
415
475
397
474
351
425
388
565
59
561
501
444
416
387
647
224
473
446
697
418
614
