338
366
170
746
198
310
282
367
742
311
199
736
394
750
744
339
362
676
774
678
352
340
770
396
174
530
171
344
178
651
322
422
323
283
657
280
778
302
504
650
769
738
775
771
442
202
443
176
747
242
772
284
766
212
656
215
354
149
206
203
603
677
709
308
548
708
213
380
368
743
768
353
381
737
319
207
172
318
324
441
602
217
214
773
704
414
423
208
655
547
713
437
436
764
148
336
777
779
309
767
705
508
216
776
147
532
371
745
751
224
204
383
175
369
576
312
252
358
684
629
180
281
184
341
179
253
741
395
601
225
549
279
379
343
468
719
146
241
506
630
246
209
521
715
415
205
765
390
58
313
317
520
575
316
558
173
286
501
740
243
679
370
392
397
177
285
560
8
491
489
623
706
244
714
518
531
749
739
717
278
247
345
363
409
509
153
378
680
748
185
505
351
533
187
287
496
659
649
245
469
330
519
393
628
181
626
493
681
364
454
200
729
735
301
306
464
337
413
321
492
273
303
314
315
290
632
546
291
9
251
272
292
201
293
59
689
495
355
186
240
648
658
616
82
716
112
139
4
189
342
183
449
307
465
448
488
522
685
288
586
731
211
721
289
718
698
274
687
5
113
682
642
728
457
20
138
643
356
523
14
573
622
452
490
320
707
389
334
10
699
294
500
631
210
16
617
507
347
36
734
545
275
494
50
463
17
23
152
83
498
382
235
261
703
561
145
536
587
271
497
754
753
559
456
702
455
672
38
144
79
673
480
335
499
574
357
263
440
51
461
675
475
424
117
588
517
239
167
712
15
759
365
22
195
52
13
757
166
119
26
391
182
115
237
710
262
57
525
37
346
53
398
7
233
410
188
121
453
683
625
331
782
19
780
781
621
1
726
63
756
27
54
169
385
720
633
399
3
84
85
758
21
109
670
420
730
11
374
350
375
86
81
644
763
503
572
108
18
372
671
614
359
114
190
25
534
544
691
476
191
627
56
110
270
78
524
612
55
223
613
107
39
477
537
325
32
645
218
155
408
727
755
467
752
481
197
46
471
585
42
48
762
615
196
229
401
61
24
106
33
421
219
60
231
116
783
686
250
265
589
407
723
35
502
0
47
599
222
28
142
34
111
87
693
600
44
674
403
529
80
400
29
75
552
435
88
388
260
140
30
6
31
238
470
194
299
2
62
125
143
49
660
571
168
12
553
43
234
402
688
434
77
419
700
474
45
384
624
635
89
482
118
361
154
141
259
425
604
541
725
513
257
722
277
386
254
151
701
535
598
484
329
137
569
236
584
426
761
264
596
485
249
516
515
417
136
373
295
577
258
256
661
91
90
120
427
597
540
483
428
412
568
326
641
105
451
297
103
557
550
653
328
438
230
411
652
129
711
65
127
634
697
327
605
551
406
104
466
433
41
429
473
654
695
276
733
511
620
157
40
226
526
228
439
268
76
193
305
637
164
543
150
73
556
724
269
131
527
135
387
430
581
227
460
579
416
266
102
405
123
462
760
479
607
298
165
459
542
478
156
563
487
267
447
431
692
71
232
669
662
567
570
450
486
300
512
74
663
133
514
619
528
418
67
609
446
565
130
432
93
124
606
221
668
583
158
690
134
349
296
69
159
539
639
101
220
255
640
510
591
538
128
636
192
608
126
694
360
593
248
444
458
595
99
590
92
163
445
162
100
554
647
732
594
696
333
667
592
72
562
348
666
64
97
611
472
98
555
646
566
664
665
70
332
304
122
95
161
580
610
578
132
638
96
618
160
376
564
377
