46
67
66
48
47
68
64
38
50
35
63
90
224
49
65
91
45
78
79
473
167
87
51
62
88
166
445
60
37
139
75
34
107
223
36
41
77
71
387
76
73
360
39
110
40
72
97
642
195
619
70
74
614
591
13
392
611
69
420
359
61
416
332
529
365
12
59
527
647
422
349
386
376
58
357
95
516
193
723
108
555
105
397
89
106
251
347
122
610
309
459
501
403
94
150
592
570
304
528
620
348
33
499
472
597
554
345
561
388
567
325
369
637
371
598
102
374
96
354
646
398
172
331
135
581
119
433
569
553
432
595
444
580
513
103
511
556
487
648
377
404
364
732
542
575
326
375
161
370
549
599
583
116
608
229
423
582
373
154
629
415
496
98
427
324
544
593
526
104
466
548
232
508
358
699
54
547
627
343
552
443
667
498
402
52
568
346
100
674
451
471
462
625
201
571
428
607
320
755
142
5
32
123
690
512
702
431
175
434
159
220
541
144
691
147
703
121
731
297
292
152
284
635
725
3
44
149
645
536
128
430
303
517
413
600
329
481
148
464
288
518
652
485
176
356
157
165
644
28
639
500
414
596
664
99
649
695
497
626
2
783
546
7
453
117
524
260
613
545
225
200
411
160
352
20
333
6
753
450
628
153
405
435
697
118
399
0
18
539
17
192
574
636
85
701
19
290
204
439
763
761
688
780
425
158
315
407
140
441
520
141
1
191
540
669
727
726
756
124
573
757
113
476
57
666
410
321
509
698
111
316
342
510
478
633
318
484
728
643
43
782
8
762
327
577
56
621
291
11
657
469
317
632
465
587
385
426
383
665
634
380
21
729
156
344
537
400
458
163
382
492
638
14
436
438
168
483
576
31
463
515
603
522
722
730
653
10
294
23
101
615
656
319
190
155
609
532
27
658
196
293
266
129
684
230
112
265
227
131
273
289
660
468
781
276
337
724
654
82
133
585
394
275
395
4
180
760
336
247
322
278
164
146
244
245
774
173
659
295
670
185
248
661
334
768
219
740
675
306
255
578
277
721
772
308
677
773
368
339
771
249
534
280
533
778
136
