514
515
234
543
542
238
266
267
235
265
264
296
352
707
306
418
505
474
588
562
503
282
502
490
557
367
82
758
698
669
467
563
696
224
58
291
646
681
12
560
558
585
613
201
536
700
361
726
507
30
24
564
84
619
26
730
614
755
642
451
392
31
33
412
165
5
391
292
228
200
283
717
339
117
118
413
684
733
621
81
311
312
51
592
27
686
414
21
724
340
652
672
10
120
734
422
66
643
315
653
301
110
8
164
720
254
689
654
419
108
479
690
329
587
45
278
168
655
166
396
67
368
693
221
399
398
666
247
656
663
350
657
371
373
