46
63
41
276
47
248
48
39
40
107
35
78
38
62
304
703
50
332
45
87
34
723
359
88
36
110
360
49
371
167
135
166
224
639
13
37
386
64
60
695
51
79
420
667
277
369
220
247
445
139
193
66
398
77
106
12
75
732
365
690
372
397
642
587
691
331
297
561
392
666
249
731
368
387
303
59
593
630
296
763
370
61
608
774
157
58
219
643
150
725
374
631
660
69
185
309
768
721
585
180
722
615
241
54
762
182
195
284
164
659
632
715
399
2
489
112
709
218
755
108
242
52
326
764
3
32
486
0
711
28
21
729
189
168
235
687
640
613
435
436
584
20
140
616
19
327
300
612
761
641
