283
683
692
202
169
302
678
421
717
243
459
776
305
535
715
479
680
718
778
543
687
765
504
714
280
347
367
274
221
339
340
186
746
269
258
507
216
325
86
590
769
640
747
752
366
323
711
779
480
685
254
777
741
503
750
252
707
194
177
739
452
138
250
242
136
668
475
299
696
734
743
143
736
706
713
391
249
449
572
505
710
335
80
693
109
749
310
279
282
115
448
197
137
748
709
145
222
506
766
745
676
737
171
338
770
477
712
733
199
474
738
311
586
389
530
744
363
361
253
742
81
705
708
307
446
502
114
418
362
558
390
