363
561
530
466
498
529
364
362
562
367
467
331
366
434
365
497
593
465
435
395
394
373
332
400
433
594
626
333
399
406
396
528
716
341
468
560
340
372
374
625
432
330
658
715
334
436
499
659
405
428
301
300
714
693
661
427
504
531
397
342
749
536
398
368
335
307
437
748
694
302
781
500
469
299
472
847
684
329
660
361
850
726
306
851
819
308
431
682
232
746
403
426
501
402
662
404
304
782
407
315
401
1005
910
347
879
683
508
820
357
816
747
346
808
848
540
913
563
849
914
248
878
389
882
818
1006
841
309
713
429
709
1004
750
273
974
303
438
807
809
375
911
272
533
16
473
814
464
440
846
568
80
784
842
742
274
977
581
233
717
613
845
875
270
496
776
476
283
49
298
269
228
17
201
356
942
31
903
98
259
780
1009
934
81
122
247
48
455
874
810
865
627
883
881
1001
452
710
532
189
935
844
1010
768
379
74
1011
758
817
519
737
783
260
58
572
614
788
75
580
551
945
706
573
215
177
113
704
796
763
880
197
902
35
1013
583
813
516
582
640
95
615
47
657
171
744
279
65
386
252
892
507
384
779
735
321
282
979
896
705
999
759
236
646
230
275
1003
678
15
216
88
235
90
775
27
869
745
390
183
204
152
840
267
104
266
139
527
888
352
103
421
422
29
385
92
823
99
868
63
57
852
112
795
859
316
520
1015
828
703
388
124
1012
897
736
73
258
973
777
548
311
606
354
946
895
261
141
30
190
764
271
922
978
912
760
420
639
93
1014
153
221
242
146
938
253
448
164
891
284
943
612
291
217
18
2
899
699
575
799
100
926
731
797
542
475
976
877
1022
866
64
237
240
210
920
227
740
314
196
644
234
798
870
700
929
97
730
672
674
134
677
641
792
96
194
860
741
393
416
220
604
66
811
37
919
441
610
418
960
127
148
89
106
962
1023
698
131
671
200
119
322
778
38
889
297
853
355
812
59
969
445
834
290
118
1016
310
157
864
762
511
343
708
34
767
144
205
158
251
28
800
67
751
350
998
907
821
209
898
444
145
951
125
918
423
901
102
832
149
997
353
645
105
46
268
752
1
829
505
843
549
126
222
439
328
924
262
732
541
454
925
68
263
854
130
477
928
391
643
358
206
121
510
647
801
170
280
87
339
509
6
26
931
702
325
930
56
91
137
815
961
182
241
123
317
970
1021
199
36
576
276
292
44
1020
32
676
789
324
62
608
1000
159
668
107
873
947
479
980
223
944
975
734
607
185
447
921
129
894
738
184
486
94
673
411
991
992
116
79
893
70
952
419
318
965
264
692
5
55
791
578
198
229
69
633
679
294
140
933
150
908
60
250
707
827
320
208
642
544
132
915
191
417
143
138
446
76
958
287
804
839
243
953
831
861
984
128
3
858
890
695
766
487
994
412
408
574
701
319
115
101
867
176
571
203
727
484
1002
202
136
836
772
539
71
84
114
765
993
289
42
165
939
257
147
941
285
154
802
826
254
605
987
638
543
923
769
336
954
1019
517
351
450
41
824
830
9
45
33
981
863
151
108
61
950
711
1017
967
288
50
443
739
188
712
577
518
927
187
982
545
239
481
512
163
453
78
611
833
900
207
862
14
120
246
937
238
169
133
39
637
932
249
219
856
278
963
4
743
906
478
603
277
996
537
225
857
135
83
162
72
156
485
609
166
546
161
360
793
835
904
255
85
256
733
296
887
968
514
226
383
675
86
442
917
109
822
82
218
803
155
25
988
955
876
211
667
265
8
111
480
959
195
387
550
281
872
513
231
40
990
186
160
957
936
142
666
761
54
728
569
413
983
77
286
579
380
538
696
474
794
293
244
409
1007
193
430
729
43
192
449
167
470
53
986
178
670
376
634
7
770
410
602
19
110
359
23
326
24
949
1018
451
909
771
323
669
245
956
117
837
482
790
773
12
377
547
214
884
972
989
985
905
685
697
916
0
168
21
415
636
414
855
295
20
52
774
173
181
948
382
483
13
995
506
348
305
806
680
838
885
349
175
600
871
327
515
964
180
10
632
940
459
381
971
570
1008
378
51
720
886
172
665
224
635
552
11
966
22
757
825
664
392
212
691
502
344
488
629
174
805
312
681
534
785
601
494
471
345
179
652
630
337
503
213
313
787
371
690
688
719
338
689
616
753
628
718
725
663
535
592
648
653
460
566
565
584
567
456
526
786
424
621
756
461
631
425
458
463
369
595
495
598
521
370
599
553
624
721
462
656
687
686
493
649
597
724
564
589
754
489
651
654
655
559
755
490
590
622
457
558
650
596
620
722
522
723
585
617
491
591
492
623
557
525
618
554
523
588
586
619
524
556
555
587
