418
558
530
446
390
502
198
253
199
114
338
705
361
389
366
506
586
171
419
282
475
281
81
226
307
145
330
254
363
448
503
228
559
310
474
733
504
279
531
533
770
296
170
734
200
323
769
362
295
257
417
775
778
771
308
311
174
752
447
777
766
677
391
751
736
335
737
676
144
358
252
146
80
202
779
329
742
776
255
297
368
256
773
735
572
280
442
745
336
697
652
432
324
394
429
285
351
750
452
115
322
480
177
388
428
231
596
340
339
459
258
774
143
738
132
440
772
534
599
744
86
525
749
283
433
232
227
173
302
653
654
134
712
568
229
117
148
176
26
137
743
222
693
625
341
230
747
259
571
462
746
501
588
4
225
748
194
210
627
267
367
294
218
217
535
562
175
439
466
760
203
55
331
24
313
515
465
201
718
700
15
621
109
714
468
507
434
215
512
244
711
309
172
673
681
178
600
598
458
83
286
573
16
640
188
424
118
765
147
454
483
406
196
395
500
319
514
31
237
337
626
350
204
136
698
709
560
187
359
405
479
461
53
624
131
519
728
415
457
704
477
460
243
623
214
84
111
469
321
513
482
29
7
672
467
754
758
721
396
17
485
25
505
116
10
142
245
781
305
141
317
696
316
11
436
383
101
767
274
730
421
207
211
532
493
759
287
414
726
20
617
9
679
569
386
402
650
404
403
181
265
546
183
182
263
180
185
186
184
264
455
551
488
393
438
739
189
261
266
179
706
543
412
301
352
268
678
478
269
21
318
470
491
344
56
22
430
589
379
273
431
540
30
671
782
710
169
413
293
484
616
463
481
741
384
14
6
140
240
18
27
212
641
492
112
511
687
685
542
756
498
476
260
385
262
378
32
516
425
622
522
233
563
683
120
82
761
757
197
729
713
246
725
19
168
755
453
360
496
208
524
206
486
539
544
239
456
356
701
441
443
612
497
615
557
85
28
521
320
0
125
762
655
234
541
720
495
312
509
382
682
644
315
235
1
343
716
151
124
574
657
57
241
126
149
133
526
668
717
369
680
604
658
130
727
686
628
190
5
2
490
643
278
23
238
579
523
8
52
236
288
780
270
401
753
219
216
213
570
314
342
162
205
357
284
89
164
689
54
423
138
129
100
510
153
764
427
370
715
645
3
661
298
155
584
290
520
113
407
128
740
662
355
547
272
768
545
633
594
435
659
400
651
152
783
437
699
587
354
408
614
375
692
271
471
303
451
527
327
397
289
731
374
426
135
518
597
529
209
537
291
660
724
119
618
127
409
656
649
69
