399
367
689
690
460
368
491
336
400
272
721
720
366
688
337
589
692
335
459
304
752
523
305
691
240
658
554
241
687
303
273
271
886
239
588
398
522
925
555
693
719
598
756
431
885
989
724
428
334
986
949
659
957
723
621
755
753
432
587
722
657
660
757
521
754
917
306
369
787
490
586
630
661
987
501
990
553
381
784
302
785
46
958
1
918
788
985
68
786
78
1018
566
344
1017
893
338
662
924
620
556
783
572
503
111
751
830
270
358
725
635
420
950
238
502
10
603
599
520
391
458
380
471
19
14
4
242
909
110
208
585
22
79
45
13
207
982
9
376
109
910
359
533
696
489
892
765
21
413
392
631
47
565
388
77
439
120
534
750
36
538
249
105
818
80
349
895
2
326
816
919
951
782
862
1021
977
424
451
584
12
312
29
955
927
926
82
427
142
894
664
877
941
887
100
296
817
419
789
412
285
286
23
1019
456
387
819
328
265
150
317
209
457
488
124
73
149
51
667
730
483
636
30
182
274
297
294
567
604
656
409
377
570
385
668
360
666
345
743
408
81
226
921
94
313
414
916
348
223
954
733
72
890
515
92
552
192
482
37
959
988
798
295
711
948
610
906
939
702
0
905
940
69
632
114
215
54
878
908
669
282
87
876
415
418
803
712
176
761
793
93
814
480
609
97
583
382
170
907
835
815
953
132
76
936
601
254
514
470
762
1022
327
546
937
112
972
512
884
20
11
101
55
976
749
125
64
148
200
389
74
602
357
834
608
386
53
258
577
923
281
184
224
440
703
152
183
971
500
216
41
175
615
44
742
259
213
448
60
744
450
826
121
896
151
969
992
701
571
452
935
547
102
891
614
62
960
255
1000
227
616
263
27
50
999
5
665
956
155
119
28
75
966
288
113
195
61
680
842
580
866
361
190
930
825
970
143
481
421
350
43
904
551
172
698
146
84
18
612
945
794
707
173
576
965
718
141
637
516
88
370
133
867
256
605
993
873
407
983
106
180
998
771
1009
700
648
289
154
663
944
126
153
181
734
981
766
1008
194
339
899
56
961
578
710
201
801
775
191
145
325
174
920
171
770
1001
963
994
417
897
764
118
809
3
898
645
779
210
639
699
844
932
629
469
196
383
548
147
931
71
290
855
832
740
144
674
225
864
1016
708
613
535
449
813
484
59
997
356
677
206
869
228
178
805
617
804
597
647
900
156
32
675
868
177
776
670
393
513
849
70
968
352
709
903
928
634
33
52
915
83
865
962
640
872
870
995
741
736
600
1002
996
845
540
390
729
938
799
232
257
833
519
187
967
859
354
134
947
579
425
280
353
929
416
810
384
644
199
837
861
198
135
933
582
169
641
544
777
738
179
140
611
800
739
797
130
934
550
104
165
717
86
549
767
321
846
217
188
952
854
355
841
984
964
806
379
874
131
99
264
676
678
768
49
769
168
24
901
123
39
735
314
164
686
202
214
642
511
745
7
731
581
322
508
103
883
706
679
1020
643
318
973
509
38
573
478
848
773
726
774
836
539
167
8
262
423
248
802
737
569
203
250
732
245
128
545
860
65
253
58
772
320
211
1023
847
812
808
42
293
1003
197
410
902
35
541
444
888
107
840
991
487
115
607
422
1013
186
486
705
713
222
790
858
85
517
942
25
681
67
671
838
875
564
185
780
89
672
479
136
811
138
946
822
758
91
436
843
763
96
781
193
748
166
66
485
839
1006
468
205
287
638
568
853
129
943
453
438
162
204
633
747
34
695
108
26
807
974
351
507
889
158
90
347
40
852
829
269
975
472
871
219
697
116
229
827
218
646
323
329
652
160
435
163
863
824
673
880
292
1004
477
778
474
311
728
704
619
315
441
57
243
978
537
230
653
980
139
505
913
122
307
510
542
796
98
212
316
291
1007
378
518
261
159
685
649
117
266
447
244
881
137
506
792
694
820
746
795
237
260
476
95
346
628
324
532
445
454
821
277
6
455
375
606
760
411
231
446
879
856
157
504
857
442
234
279
828
283
443
914
127
233
823
343
912
882
715
319
536
403
189
330
284
1012
851
922
684
831
15
251
1014
301
333
714
63
298
492
473
161
426
17
246
1005
850
235
221
247
574
220
1015
682
759
299
48
596
371
716
275
31
276
300
575
911
1010
475
467
618
16
543
310
278
268
404
252
236
267
464
434
727
791
401
1011
362
627
406
557
979
308
394
365
309
524
461
683
402
429
332
433
397
650
331
655
340
437
496
499
626
651
430
465
654
466
372
396
528
405
497
363
341
342
395
374
373
625
595
364
498
590
527
495
493
531
563
463
494
529
622
562
594
530
624
558
462
561
593
526
560
525
559
623
592
591
