561
562
529
594
847
396
532
530
526
395
564
527
394
565
533
880
679
194
566
534
240
501
494
597
242
239
850
598
497
563
241
626
629
659
745
1011
819
528
661
593
660
696
879
727
848
502
882
558
776
596
559
849
846
713
48
445
430
243
680
712
296
627
628
362
1015
462
925
913
426
575
681
1010
409
1021
814
851
695
860
820
1012
581
329
238
195
397
811
881
208
989
744
664
427
207
775
495
577
364
654
671
282
1013
608
1022
789
1020
703
653
883
574
630
758
249
188
580
662
314
759
808
691
328
250
728
692
175
111
227
817
393
444
315
176
261
815
578
945
237
251
582
154
549
777
186
262
734
914
852
912
236
779
531
845
206
576
470
49
726
263
297
79
622
197
990
665
760
177
230
658
219
837
198
889
283
170
119
229
710
144
761
977
859
806
767
791
535
392
609
295
729
377
196
878
16
187
66
844
209
579
376
816
697
17
790
271
422
875
877
1023
1016
155
280
673
1005
684
702
1000
390
545
894
244
80
836
193
991
605
711
573
84
611
199
888
548
517
145
112
289
267
429
1004
277
293
884
151
539
757
633
141
361
455
516
228
614
707
647
818
615
326
857
868
248
832
919
874
475
612
706
550
821
959
567
123
343
391
892
978
474
792
221
273
911
648
870
353
319
640
98
360
876
447
157
218
217
9
742
408
33
570
900
812
266
700
231
142
602
979
276
32
685
91
216
65
173
178
546
153
996
735
861
185
270
743
583
541
946
678
793
842
643
57
952
865
595
650
538
41
927
313
165
934
124
172
798
363
867
258
571
358
794
853
182
473
442
897
858
646
441
130
448
294
639
440
774
871
856
992
281
807
125
540
641
232
902
120
89
843
375
572
423
831
804
110
944
953
693
993
537
191
830
359
25
773
50
649
183
899
910
417
869
428
64
53
601
189
506
325
260
345
107
31
905
672
286
998
34
833
2
129
174
317
866
253
71
143
547
813
6
312
380
7
139
909
13
741
74
477
613
425
384
603
828
864
454
584
970
994
1009
327
544
171
351
839
995
863
962
938
997
969
762
161
93
95
1003
999
872
246
907
350
960
160
478
309
610
737
634
901
841
670
135
30
203
699
974
503
805
202
932
955
40
920
799
508
42
890
921
99
893
272
94
67
669
652
38
254
931
105
159
70
63
81
106
1001
961
37
62
55
76
316
126
318
826
923
895
388
75
928
150
964
190
344
515
663
15
862
287
158
12
922
802
788
968
604
214
140
413
674
800
904
205
698
235
896
90
420
29
739
686
223
937
103
8
929
930
416
1019
926
569
215
61
965
822
766
963
512
21
386
943
453
518
1018
210
764
167
730
162
44
164
827
245
505
11
675
10
1002
824
651
736
709
701
39
838
642
156
354
122
973
163
725
746
22
939
387
771
829
1
936
346
507
127
966
