396
172
677
397
370
116
422
705
506
305
423
249
173
732
443
703
535
562
478
704
347
164
194
424
734
310
687
220
338
369
163
773
398
731
135
320
376
336
368
416
375
774
561
374
425
393
348
144
346
222
442
221
470
647
772
534
414
466
394
469
725
740
676
494
132
631
643
615
191
283
563
248
468
366
659
456
415
678
192
648
679
733
427
496
234
349
42
179
697
351
343
426
254
379
637
178
467
440
268
768
455
279
133
318
497
308
136
342
395
553
241
22
525
420
276
446
518
365
151
175
219
459
681
337
24
706
240
433
134
564
707
201
206
546
711
354
386
103
721
781
417
589
245
635
441
577
675
296
603
723
729
499
15
148
490
471
756
106
29
292
282
61
83
476
651
107
323
665
682
261
9
269
131
757
112
673
778
445
327
575
196
11
454
111
165
405
680
55
227
399
779
226
593
291
439
202
444
295
358
355
493
776
28
52
473
524
167
387
0
743
84
19
7
262
548
190
18
265
59
270
565
149
289
326
110
609
140
458
521
630
448
319
207
457
162
26
699
644
619
783
406
460
31
738
32
483
288
620
547
728
522
263
378
57
1
273
299
434
461
150
500
604
688
382
759
159
720
297
102
119
388
272
14
56
392
235
754
23
495
141
215
200
550
645
357
596
16
205
771
187
20
536
636
741
189
755
4
511
658
17
218
617
174
600
130
782
233
599
579
213
578
330
82
504
377
203
714
672
193
54
713
552
523
329
62
777
510
722
730
160
632
438
560
462
53
537
638
287
576
152
519
383
737
188
592
290
21
316
710
264
489
356
780
157
271
628
413
247
538
146
694
353
2
501
176
33
709
298
315
602
373
27
491
574
46
371
735
700
129
317
352
242
154
626
260
412
5
277
627
6
625
465
507
690
410
217
85
718
691
325
328
25
345
701
509
380
606
232
314
727
767
654
339
3
244
311
674
671
629
482
185
158
661
168
571
258
428
692
231
255
304
384
533
598
432
216
198
30
300
321
758
8
274
660
689
624
230
186
210
302
597
498
236
155
492
145
161
257
453
259
715
486
484
411
708
736
246
634
177
419
285
212
695
180
381
209
60
702
280
208
385
551
101
559
742
223
137
652
403
34
13
616
750
10
693
407
105
363
649
147
751
113
364
601
404
642
275
125
749
58
683
350
214
532
436
12
430
485
526
108
543
333
487
646
156
549
229
301
408
581
421
204
605
224
450
481
73
570
572
569
539
726
527
35
508
670
38
531
309
517
117
512
170
607
753
284
472
88
75
591
63
698
618
761
542
87
118
580
344
540
51
45
128
566
41
545
516
166
760
505
195
610
70
228
449
98
169
100
36
614
541
477
49
48
47
99
104
72
76
50
451
306
71
95
77
197
37
97
78
590
90
66
