490
517
591
518
777
51
247
421
516
668
458
107
305
673
109
491
695
583
345
276
618
35
430
723
647
667
13
88
251
304
644
489
223
727
640
757
12
80
722
612
582
670
332
83
638
532
737
639
309
747
6
209
53
7
19
196
62
142
621
705
584
420
617
741
756
0
609
111
89
137
699
581
372
694
589
637
732
580
475
611
608
140
112
78
9
616
29
707
610
553
373
167
15
108
729
554
719
783
266
531
344
299
530
594
61
181
346
253
666
298
237
720
151
248
59
607
18
277
60
555
697
559
171
86
275
91
343
486
636
536
391
447
198
283
564
371
226
374
22
265
368
134
388
56
492
144
438
472
347
199
175
44
546
238
515
360
398
150
635
153
444
717
527
623
1
693
498
317
545
384
718
606
715
219
180
399
714
634
320
267
338
208
255
750
162
459
431
471
651
403
565
318
776
593
148
117
152
357
657
293
766
464
439
287
396
308
465
665
178
310
633
179
400
149
526
315
537
579
547
258
500
316
519
135
369
164
362
778
480
574
218
755
230
748
649
328
424
499
710
288
370
163
416
190
658
202
412
116
172
297
129
145
678
664
452
203
692
712
487
314
128
375
327
653
466
177
160
191
709
404
127
390
132
632
713
711
55
342
650
401
77
161
648
259
130
286
33
702
319
734
641
26
205
754
232
443
385
674
294
684
620
123
520
614
704
425
506
663
147
642
685
41
313
174
361
257
575
691
229
173
124
84
652
11
284
478
63
270
730
393
394
448
548
376
397
231
176
5
236
114
544
686
268
141
631
193
106
700
216
131
126
622
521
708
706
282
256
775
30
646
45
744
280
122
90
337
121
602
119
402
303
392
31
759
307
329
312
659
494
290
767
341
601
252
14
440
289
413
509
16
260
364
551
201
143
426
24
64
43
113
423
726
624
522
87
590
573
415
552
120
493
603
225
215
217
94
136
683
57
687
79
66
751
192
779
133
619
586
125
210
725
769
626
50
662
54
764
497
118
645
451
770
682
688
432
49
630
348
326
233
17
476
728
28
389
85
417
34
204
496
335
661
271
690
189
780
495
228
52
681
220
414
504
524
159
96
197
525
507
523
340
676
441
656
752
453
738
336
195
419
246
576
356
188
605
488
445
473
468
677
3
186
168
467
76
264
300
139
604
508
474
23
296
549
245
321
528
292
383
227
463
185
781
146
110
301
291
735
73
206
460
680
331
37
95
679
534
244
543
311
469
8
97
239
578
20
689
577
643
70
170
99
753
483
550
736
207
529
2
442
102
261
187
470
47
481
587
302
222
101
771
763
254
269
158
21
274
339
585
154
166
273
703
654
363
354
272
660
243
427
762
48
200
479
716
115
382
625
184
365
104
155
285
263
422
100
27
183
542
739
103
724
749
535
746
325
214
627
600
485
333
330
138
511
295
446
105
731
71
242
10
165
482
733
355
629
597
32
182
40
349
557
241
484
740
745
613
512
281
98
572
353
628
437
74
672
773
429
563
598
514
742
262
428
539
701
501
75
324
513
655
696
556
596
234
510
457
411
67
36
72
235
46
541
721
454
560
42
157
558
278
224
540
39
592
669
410
387
81
599
358
377
359
93
571
418
562
4
25
502
758
595
38
743
765
698
760
570
782
455
194
240
213
367
156
279
386
169
561
449
671
58
82
250
249
768
211
409
381
588
68
774
69
477
533
566
212
503
436
615
761
505
395
221
334
772
405
569
675
450
306
456
366
567
322
568
435
538
352
408
380
92
433
461
407
65
323
351
462
350
379
378
406
434
