675
306
450
334
418
772
477
562
270
505
533
588
279
395
614
761
778
674
755
750
448
117
338
754
668
776
768
765
82
701
367
561
55
116
308
24
31
33
41
242
394
114
391
503
613
5
84
250
700
696
393
87
758
642
58
449
535
327
730
673
726
63
79
53
702
647
310
671
30
530
392
299
26
169
478
759
774
411
782
171
328
12
174
25
224
669
558
742
144
760
502
619
585
698
4
147
773
78
749
563
745
64
615
557
410
222
707
120
243
282
294
741
736
283
266
201
165
362
51
769
529
202
676
564
740
121
536
173
770
560
438
737
255
256
506
66
739
651
123
271
777
199
307
712
646
339
355
746
122
693
474
421
118
305
717
710
396
280
711
172
361
439
145
16
244
68
146
252
709
356
298
678
576
43
708
277
718
466
76
534
473
602
70
141
720
649
93
101
632
480
241
124
747
329
603
354
452
722
604
679
102
592
96
440
326
621
705
357
692
98
312
507
100
149
238
230
97
575
125
498
103
300
368
467
412
73
416
104
424
682
272
631
630
95
69
451
99
517
680
545
738
681
667
501
583
555
638
500
105
441
228
384
683
126
92
175
658
150
660
589
753
531
340
468
217
684
148
213
715
237
783
108
447
383
1
22
659
559
469
382
59
44
301
56
528
215
499
379
494
231
86
690
182
653
127
697
273
666
397
390
548
574
624
216
713
236
176
214
442
582
490
407
618
119
471
472
593
426
706
565
398
245
47
556
183
519
203
524
128
724
547
654
526
385
497
688
322
218
164
652
443
177
495
689
151
302
293
623
261
685
200
246
413
744
8
522
743
625
470
771
304
365
650
521
523
626
714
733
330
525
415
637
351
46
408
496
573
363
399
32
313
115
229
220
422
138
274
10
622
537
703
419
716
520
492
493
281
762
184
336
601
131
358
643
27
518
677
20
546
227
781
42
764
629
130
657
655
332
2
425
71
265
21
192
110
444
731
414
691
48
49
34
435
672
591
763
527
381
586
400
81
554
510
511
129
185
544
321
627
341
260
453
489
45
235
462
661
189
77
509
463
204
686
549
409
508
704
663
186
258
491
152
205
594
620
360
369
380
581
734
609
65
464
211
94
386
516
454
233
465
181
735
551
206
721
482
234
445
479
323
259
210
257
427
436
628
648
153
481
178
311
552
662
359
295
434
687
656
423
577
136
331
267
483
319
179
572
207
539
90
303
318
608
605
212
579
180
353
387
512
232
633
190
580
553
285
437
372
209
597
135
607
550
187
317
188
596
275
664
161
208
160
719
388
598
401
446
600
155
373
417
264
455
543
371
766
247
159
143
345
344
515
540
254
316
162
154
636
461
314
352
194
269
324
291
406
74
610
276
571
665
61
315
284
612
346
226
170
635
374
158
60
599
590
292
134
320
52
57
132
75
595
587
36
219
606
488
460
584
645
278
91
198
484
11
542
457
366
38
641
732
456
775
611
239
748
240
428
343
290
504
513
286
253
342
370
166
39
485
514
487
263
333
137
287
289
486
288
