769
253
307
530
773
281
766
363
114
335
145
502
199
310
338
366
362
558
279
504
198
770
779
506
678
311
394
531
750
533
390
81
775
736
448
676
747
765
254
586
226
282
735
170
559
737
776
389
677
752
708
256
778
749
115
771
440
525
777
707
743
709
442
308
285
411
704
86
738
748
222
684
257
336
412
143
468
772
744
651
134
174
252
418
109
475
42
280
171
80
452
477
177
698
447
417
718
361
470
466
679
503
173
225
751
693
228
194
419
197
535
216
469
601
146
629
213
572
742
340
505
424
391
439
421
745
706
726
434
705
137
132
255
202
734
441
656
741
764
258
200
602
557
176
746
521
286
627
26
495
15
733
55
497
507
292
534
393
205
231
465
657
321
305
462
480
148
337
696
283
178
467
410
117
367
522
523
762
768
179
438
169
767
673
621
212
118
563
330
589
14
721
144
287
683
414
498
186
600
754
396
172
560
4
675
650
415
544
259
368
562
323
328
312
443
395
214
573
189
524
551
774
714
588
24
680
16
628
526
313
446
478
11
474
671
457
425
131
454
760
697
22
579
618
716
406
758
215
84
379
246
196
83
182
682
759
184
500
206
9
101
781
339
29
320
456
700
564
31
565
56
260
641
689
496
494
460
53
30
728
302
612
547
25
640
730
516
204
7
493
136
300
227
140
453
203
6
725
719
180
617
782
291
444
685
388
309
501
130
670
520
316
479
624
701
436
344
463
756
630
672
243
272
168
713
82
319
729
378
181
488
654
111
298
458
483
341
529
149
717
482
274
1
515
383
133
20
175
10
413
486
301
327
546
318
288
649
492
17
431
322
329
19
461
271
518
211
385
289
99
0
512
185
230
703
314
585
625
668
233
138
710
449
125
450
616
545
27
517
85
643
702
350
590
599
604
490
574
720
18
455
217
724
626
757
615
658
240
116
761
317
541
430
183
28
162
566
407
100
141
674
293
423
532
384
537
655
763
241
244
571
755
459
753
187
598
32
727
21
491
190
112
355
98
476
8
306
548
399
645
686
780
237
623
245
715
382
290
644
472
561
142
722
5
550
509
576
263
201
622
408
536
783
113
687
435
539
648
207
485
659
129
552
3
342
208
103
43
584
234
147
164
484
508
426
596
740
265
514
44
52
57
370
681
229
540
614
593
23
519
553
471
262
299
188
273
210
2
380
374
603
568
487
343
315
451
261
577
613
294
153
699
481
489
358
270
235
126
135
89
284
646
587
124
268
594
351
543
353
54
356
549
402
218
400
653
127
324
739
236
242
163
404
669
433
232
128
297
326
427
156
269
499
59
409
151
219
692
401
120
632
155
661
542
95
152
731
464
405
633
33
352
570
597
575
437
381
416
511
119
96
554
239
662
264
694
432
346
377
510
375
123
158
711
527
528
538
569
325
607
580
369
250
428
688
429
150
278
121
606
160
397
209
373
345
372
631
154
102
609
581
567
555
354
513
578
403
652
364
165
660
104
58
192
221
712
634
159
371
333
635
732
296
398
157
663
161
238
620
582
266
295
105
348
583
592
267
108
636
247
595
191
275
556
422
420
347
605
691
106
357
122
690
61
97
638
386
365
392
665
303
376
608
666
94
610
647
331
637
664
277
220
12
93
591
473
349
387
695
65
619
110
139
359
69
332
360
66
