223
766
75
585
121
339
90
747
348
333
321
382
411
776
346
101
72
442
263
712
293
679
423
291
588
295
499
344
172
762
497
468
706
396
49
395
323
742
401
438
288
131
12
322
113
289
777
145
750
138
376
414
449
46
532
402
743
677
34
252
416
779
102
718
421
753
375
164
280
71
778
342
166
315
292
713
604
745
78
108
607
347
317
443
765
372
290
320
273
746
738
197
724
247
775
191
287
37
220
41
343
505
760
587
219
477
370
366
369
133
284
774
318
221
392
312
717
135
337
341
62
772
709
675
371
533
103
173
116
110
420
723
741
335
707
674
38
393
137
104
192
88
42
222
722
304
250
105
670
642
534
769
107
394
193
253
106
249
703
305
761
281
773
248
278
422
194
362
276
306
136
277
334
