492
557
589
493
526
523
494
555
587
495
461
558
462
490
586
460
596
595
554
527
458
459
463
590
522
619
620
559
585
563
591
553
535
597
430
564
618
489
503
617
457
426
628
429
521
1018
599
600
986
629
560
427
594
759
985
694
598
745
278
998
442
631
977
981
531
632
621
567
266
630
778
592
471
623
953
663
536
823
954
976
234
727
664
246
661
502
963
377
792
410
584
496
311
144
944
42
996
992
279
24
143
662
21
693
207
3
978
428
732
803
999
772
257
972
562
251
904
611
995
771
568
997
374
113
613
376
425
265
791
310
552
766
64
440
277
470
219
1019
665
409
633
947
247
811
912
256
824
193
0
903
758
576
779
383
54
181
439
844
297
915
225
810
726
917
938
975
886
916
10
855
697
382
51
221
601
190
414
946
32
671
922
220
86
777
245
730
980
233
906
344
1020
987
482
734
4
967
979
324
608
9
448
445
145
214
993
672
57
101
847
577
593
179
643
885
87
390
421
948
146
224
160
914
696
106
65
795
770
695
449
964
569
53
746
441
356
175
609
614
142
931
960
55
375
289
316
1008
848
267
187
965
842
504
28
351
188
343
281
34
793
961
381
218
413
982
22
132
878
703
443
110
41
156
738
235
872
189
206
994
966
481
955
804
118
253
325
29
1017
544
798
935
70
606
639
480
515
159
276
182
835
69
702
236
454
408
512
157
760
252
921
949
74
678
739
389
528
140
25
542
291
704
761
23
773
744
350
854
740
134
473
913
937
767
890
415
197
765
259
581
62
155
516
943
115
412
50
6
580
170
141
180
582
231
328
796
669
862
178
373
196
622
213
701
833
199
258
33
192
217
95
153
202
378
320
735
926
879
616
644
800
505
517
642
1003
39
769
167
815
317
1
532
104
870
883
762
764
131
139
675
322
174
895
380
66
298
731
905
242
637
1010
108
323
453
952
936
2
136
945
5
543
138
871
902
191
68
227
733
865
753
570
1009
968
295
166
203
713
450
37
352
355
94
451
866
825
147
416
452
610
566
85
168
507
173
357
646
612
928
889
514
520
133
843
260
406
83
447
176
292
877
112
645
893
290
991
881
918
479
863
859
607
752
801
52
158
550
198
876
537
212
899
56
485
100
911
768
1021
736
177
284
169
729
19
934
186
456
887
670
208
709
776
89
93
806
84
836
483
8
860
444
763
161
933
194
708
741
832
43
88
162
873
867
822
838
319
38
420
105
988
99
287
728
424
280
82
475
638
128
841
135
120
548
858
950
248
667
816
845
31
96
275
30
575
959
891
222
846
910
513
817
111
209
962
36
834
939
574
285
839
1000
478
282
388
119
417
103
805
148
307
571
286
124
185
226
604
44
874
875
419
92
898
293
40
579
605
102
907
75
668
288
706
264
164
18
171
125
1013
422
26
615
837
296
149
927
165
349
920
790
61
474
35
201
794
785
299
163
20
541
243
411
826
71
573
116
354
308
78
828
241
506
205
379
707
797
547
892
384
508
894
603
897
476
488
79
151
240
990
827
117
358
831
799
90
747
509
929
130
932
539
676
956
7
705
216
813
699
565
150
249
711
673
677
327
172
200
546
578
223
126
712
674
353
313
129
666
321
484
518
970
250
263
807
861
27
254
511
882
11
856
636
477
958
830
312
407
540
107
857
114
127
58
868
261
829
348
318
229
63
880
77
342
228
534
239
545
809
283
561
446
808
472
640
812
737
152
510
1023
14
700
46
306
989
262
137
923
73
572
109
315
238
802
314
237
1007
363
330
930
72
269
849
345
386
780
268
549
742
919
649
359
274
840
255
1011
273
123
45
98
888
925
59
360
387
538
749
1022
364
395
391
393
210
814
294
680
635
309
1014
754
641
230
184
901
864
17
60
869
347
884
940
47
91
67
519
648
97
326
346
329
121
13
49
1012
392
924
195
957
385
211
81
971
900
122
16
15
774
743
650
48
232
909
627
710
602
204
12
775
300
271
341
853
362
455
551
723
850
394
76
361
698
154
244
896
818
215
486
418
681
583
1002
1004
679
942
725
305
431
487
951
647
781
714
332
80
634
331
757
755
748
183
423
974
1001
786
821
973
272
438
789
340
624
783
270
722
1006
1016
969
851
530
405
301
304
908
784
751
302
338
750
984
941
333
464
788
724
787
819
339
820
1005
756
983
337
852
372
782
625
398
721
365
682
396
533
336
1015
303
717
715
397
529
720
499
335
334
404
651
368
437
500
718
660
683
371
501
366
656
716
369
719
626
655
689
691
690
367
399
692
652
657
654
469
688
370
432
400
498
686
497
687
403
436
684
685
653
468
401
658
467
659
402
465
433
435
466
434
