465
433
401
464
622
653
432
369
654
685
687
619
402
652
686
370
717
651
718
371
720
688
339
719
497
471
657
689
503
621
684
466
470
590
336
368
400
690
683
338
307
431
468
403
467
463
620
751
335
502
750
340
337
434
655
722
334
716
469
749
587
623
721
436
438
656
618
748
498
372
439
650
404
435
499
691
658
723
755
659
305
306
302
366
430
752
367
437
457
660
756
535
586
715
726
725
724
274
602
649
308
781
747
753
682
754
852
303
301
782
472
425
424
666
787
365
256
783
780
500
20
405
440
392
269
714
275
624
456
19
323
648
757
591
289
853
21
791
489
885
883
304
694
393
268
940
972
762
899
267
941
360
933
8
812
982
333
270
795
399
496
794
387
13
377
931
426
681
932
40
930
173
24
290
855
39
23
238
488
971
192
345
225
908
271
378
313
616
294
515
264
667
224
415
570
212
295
698
964
172
11
731
204
6
886
7
293
327
481
288
928
229
320
262
383
825
109
1016
263
10
831
937
111
983
856
984
1011
43
763
33
823
909
900
226
912
131
261
184
801
504
281
917
776
887
511
822
1013
583
341
980
349
824
53
676
205
451
948
76
186
282
703
1015
778
968
324
14
12
950
833
381
864
237
418
199
382
160
450
730
542
882
485
934
981
550
673
346
641
671
904
446
617
884
128
292
777
41
579
52
774
699
949
857
72
483
806
827
185
779
219
213
959
51
32
25
28
79
866
419
832
704
391
178
800
45
702
989
420
969
123
71
137
773
1002
99
973
110
745
101
31
26
484
84
905
516
161
919
796
929
197
203
513
547
59
865
670
163
27
939
541
797
799
668
640
838
198
736
517
918
1007
351
326
218
769
124
764
647
83
328
250
926
851
544
211
775
808
233
164
872
249
936
479
216
60
407
615
672
478
121
350
314
991
915
1008
956
117
122
167
1014
348
187
985
4
444
251
77
154
512
18
952
1017
935
639
423
538
196
38
1
63
236
859
734
767
732
135
988
126
643
951
100
543
700
965
445
206
140
907
891
1012
230
414
807
139
181
830
47
680
858
860
159
584
828
46
545
958
927
16
30
898
510
255
840
171
896
901
291
990
223
361
449
231
130
9
549
942
482
188
916
768
112
252
44
127
214
227
741
642
829
61
746
413
447
634
1004
70
174
839
5
813
155
359
452
911
876
386
64
487
125
967
480
182
811
162
902
317
546
94
551
195
150
733
243
519
710
826
580
709
803
810
220
257
232
897
319
1021
645
142
133
873
129
995
970
37
711
638
957
169
924
576
156
62
299
242
890
1001
863
254
193
217
577
168
190
871
509
921
158
786
966
548
253
58
421
611
152
888
708
102
222
91
180
514
175
922
805
379
280
166
151
78
96
69
947
283
637
148
894
380
454
165
108
22
975
265
228
157
870
36
954
1005
92
143
42
153
742
834
636
923
35
920
889
410
612
138
170
300
475
607
713
770
772
1022
477
809
145
867
802
93
95
412
925
1023
835
417
1003
215
235
953
2
296
248
606
625
189
893
80
675
892
861
508
737
287
771
411
297
738
115
244
120
221
234
518
177
735
141
194
987
202
862
0
241
743
765
272
85
286
476
179
986
107
358
578
1018
605
938
669
613
955
705
678
416
903
573
644
869
82
191
239
706
285
609
635
132
895
1020
183
963
136
581
176
841
298
836
507
868
149
707
388
539
113
739
582
766
67
34
906
48
325
144
116
552
15
90
453
147
697
245
54
520
65
701
677
201
804
744
712
575
266
68
146
574
207
1000
854
837
674
608
874
798
943
88
73
17
318
974
961
75
134
316
740
210
284
66
273
588
89
455
56
962
114
247
1019
442
200
3
57
646
355
29
443
315
610
276
353
601
50
844
506
385
784
409
87
793
373
910
877
501
209
880
692
999
246
1006
49
785
260
103
600
119
486
679
589
390
389
259
97
845
996
312
571
614
105
422
875
86
118
960
208
347
357
104
979
604
842
356
74
572
448
976
106
240
998
55
98
330
81
914
279
398
994
352
344
843
603
997
329
406
384
354
540
258
394
536
881
521
993
1010
944
534
585
992
408
554
567
758
913
321
278
729
790
879
820
277
505
628
322
629
1009
332
553
462
821
760
474
792
878
665
945
978
458
331
599
761
632
362
814
850
788
309
846
376
568
627
693
977
946
626
441
759
815
633
663
473
537
311
397
695
819
555
631
490
727
569
363
818
310
789
375
522
374
664
364
662
847
661
848
816
531
849
343
817
558
395
630
342
427
728
598
696
592
429
556
566
557
597
396
533
532
530
459
596
564
529
565
593
428
495
595
523
563
461
594
524
460
491
559
528
525
561
560
562
492
494
526
493
527
