62
388
13
464
60
102
609
637
69
455
387
435
599
454
411
316
575
581
409
764
500
618
165
668
666
331
136
195
317
243
600
383
58
704
442
107
597
574
232
483
549
598
587
691
167
61
629
106
463
301
601
293
703
33
3
355
625
337
441
133
68
318
540
548
527
300
645
343
356
150
550
103
244
65
546
349
465
233
594
678
628
780
721
149
622
161
436
365
139
384
494
216
547
674
319
52
188
302
479
66
438
497
261
315
508
407
344
529
237
321
667
702
205
401
152
2
101
405
429
699
482
646
467
750
85
259
677
729
8
481
140
135
168
134
563
23
386
413
509
142
5
408
32
370
445
665
375
476
342
27
263
535
314
616
245
287
377
473
231
286
120
462
28
25
402
469
234
180
398
357
164
192
235
553
345
781
373
521
179
378
528
9
414
292
640
507
272
374
248
264
555
206
220
208
461
453
236
539
621
382
403
511
189
19
434
0
204
404
6
20
615
309
320
151
468
276
612
178
268
614
428
203
727
644
225
217
762
11
543
332
291
763
456
584
394
526
672
433
230
10
425
522
755
21
626
207
554
470
773
524
560
439
566
732
673
541
372
545
258
53
29
695
510
459
537
432
556
643
265
399
227
270
460
415
427
17
561
147
18
458
400
397
440
406
260
493
759
288
242
492
211
466
700
431
471
346
177
4
498
534
271
564
176
163
544
457
22
756
519
369
267
303
347
496
59
385
426
327
218
348
638
229
280
487
273
31
7
371
542
551
395
111
354
322
513
512
281
423
26
412
246
480
114
83
376
533
593
116
491
676
490
209
252
452
255
499
14
430
269
285
565
484
274
525
486
536
196
478
313
304
620
591
219
191
745
488
443
326
174
340
538
379
381
162
725
416
649
15
298
514
202
295
341
175
518
517
297
352
323
489
80
146
190
353
562
380
582
515
296
583
619
299
776
351
81
504
324
485
325
705
752
531
775
132
474
501
366
170
253
611
361
275
228
516
444
770
336
737
735
171
559
610
144
247
774
199
257
308
506
771
448
648
592
389
254
200
417
639
390
472
391
502
736
447
368
503
751
697
734
647
675
475
586
226
530
446
558
419
198
418
