523
491
555
490
522
492
723
524
554
722
754
586
587
556
755
724
459
588
458
585
460
493
691
525
786
489
565
692
753
756
617
566
630
663
553
527
557
785
619
721
521
618
631
564
559
787
534
598
376
526
620
696
461
662
664
728
589
560
272
862
816
597
457
623
817
655
344
624
592
599
725
656
343
567
596
1019
789
1018
752
784
533
955
757
595
830
861
278
528
494
428
863
312
240
815
986
987
959
377
632
893
957
4
271
584
690
985
894
798
180
181
788
843
409
600
348
311
310
552
474
920
0
506
629
876
695
3
202
570
591
783
635
246
359
326
603
949
909
793
286
327
568
563
761
616
305
245
179
381
569
488
265
304
345
604
239
11
669
877
917
208
953
408
948
502
296
829
697
537
349
921
22
303
558
765
10
701
990
958
771
680
29
249
234
281
518
649
992
5
61
766
971
483
601
916
539
486
993
636
991
285
571
273
677
318
449
925
538
482
513
414
142
86
442
875
927
195
495
848
201
739
150
645
200
729
535
939
998
711
170
412
93
168
51
733
280
114
224
842
215
147
648
322
837
908
520
169
297
167
855
277
770
835
818
413
54
811
110
944
106
895
149
380
45
743
155
174
924
313
213
453
961
133
966
997
231
60
886
994
358
802
284
7
105
182
136
950
805
970
878
938
255
411
826
577
923
960
480
166
919
143
572
487
871
668
514
712
797
443
89
679
82
611
294
227
977
52
614
675
481
226
118
995
410
512
14
905
379
834
50
388
609
667
132
665
148
416
836
94
214
740
55
117
610
978
448
78
254
91
279
111
417
637
85
26
175
382
163
12
13
77
120
803
738
43
266
193
790
954
317
707
918
62
53
165
444
804
546
151
191
844
156
906
185
699
940
646
578
263
967
87
42
945
772
44
608
258
24
353
946
1009
97
532
638
244
849
1000
46
550
257
218
450
30
28
25
910
579
670
354
387
68
154
176
36
138
134
605
264
287
157
9
885
141
996
867
59
57
108
644
378
135
549
188
769
1
999
183
295
262
427
69
212
100
19
316
79
225
968
1002
951
140
119
192
962
576
162
56
936
963
734
582
37
325
547
847
384
838
146
76
320
221
109
27
75
870
1008
976
2
956
66
674
540
964
187
196
812
1006
975
887
1003
628
981
186
509
515
23
172
607
868
6
207
972
612
74
319
323
814
544
357
634
642
898
356
90
840
904
937
447
736
160
116
451
708
41
83
643
926
678
199
103
92
422
456
289
702
548
389
107
1017
737
903
337
932
104
144
825
328
386
88
705
173
164
241
73
900
800
833
121
866
222
32
741
128
33
145
115
928
907
676
505
767
581
125
352
974
282
574
872
1010
477
732
441
639
64
452
65
153
126
965
545
152
101
735
941
256
896
897
95
839
129
929
415
350
973
390
70
21
324
293
194
250
901
137
288
355
706
385
982
543
67
1020
884
672
321
420
864
931
519
198
935
454
84
81
647
575
806
292
1007
232
742
773
102
873
15
219
913
251
478
35
375
223
351
845
72
291
869
613
854
58
484
930
673
220
418
710
99
96
391
915
479
127
131
259
832
217
247
640
704
203
209
260
229
347
744
969
159
98
475
34
846
476
71
933
253
874
40
48
1001
228
517
792
419
130
952
979
980
233
768
821
455
580
730
641
902
235
39
810
510
423
671
171
889
47
899
857
38
551
508
161
822
211
485
774
922
49
700
158
860
703
947
290
801
17
184
421
760
383
178
934
709
507
113
314
470
20
779
112
1004
865
8
206
799
511
1022
197
429
190
31
1005
731
880
270
573
189
63
123
824
666
606
243
360
983
853
16
1012
230
261
813
984
602
541
1011
698
216
858
80
516
238
252
942
18
881
988
1013
1014
298
890
248
879
891
764
823
689
124
139
943
583
989
122
780
1023
177
841
794
503
778
762
831
856
627
392
912
775
615
283
210
424
445
807
346
205
633
1021
1016
809
542
267
791
693
892
796
751
888
446
681
914
745
827
315
336
306
237
883
439
536
713
366
501
329
911
859
473
621
687
471
882
236
204
777
852
1015
776
242
268
276
819
338
720
426
763
850
361
299
661
660
330
688
750
407
782
331
808
820
758
828
686
727
425
590
269
367
309
398
440
274
719
300
795
746
370
759
851
362
393
275
747
781
594
438
654
399
342
302
650
363
371
332
472
504
395
396
335
369
657
462
500
694
397
496
301
653
718
374
368
406
365
748
333
531
463
659
652
430
714
334
651
308
593
622
364
749
469
394
431
339
437
625
400
726
404
682
403
685
658
717
405
562
626
715
468
307
436
561
499
372
373
432
341
464
684
340
435
716
401
402
683
467
529
530
497
434
433
498
465
466
