514
513
568
515
248
541
542
567
657
276
569
156
486
317
629
540
656
487
485
342
658
316
157
570
512
247
321
155
595
154
352
357
315
659
318
630
343
153
566
358
344
275
107
152
380
538
695
219
330
631
490
122
125
183
596
386
329
325
151
694
158
634
126
723
601
123
484
124
602
660
462
182
575
578
290
719
289
686
127
328
632
249
369
594
35
550
77
353
603
314
303
539
597
549
345
331
96
633
109
606
193
220
687
576
373
304
341
635
223
639
159
99
664
665
685
150
184
636
302
610
246
251
274
757
187
188
577
748
359
95
88
548
691
617
640
221
196
397
663
624
644
19
623
611
625
532
604
287
670
83
511
142
688
89
191
149
13
372
112
297
689
277
288
609
62
199
756
747
7
551
0
523
662
29
582
111
387
121
286
167
661
371
189
420
547
612
61
684
716
80
552
690
458
356
584
616
727
15
185
732
178
301
475
262
18
9
186
524
312
300
579
145
176
212
213
211
473
