43
150
239
576
324
95
2
106
511
98
669
236
352
152
157
119
373
557
570
661
487
631
398
432
154
633
163
371
275
347
459
158
594
622
372
422
646
345
451
621
587
403
694
616
209
268
323
120
33
89
702
660
267
160
569
333
269
420
662
108
613
96
606
652
692
647
159
121
297
542
749
325
386
277
527
597
567
278
220
578
554
58
513
303
607
376
731
635
331
580
634
364
357
365
392
595
528
296
61
605
581
529
592
663
387
249
142
334
295
161
691
620
250
609
690
555
638
122
556
349
12
636
666
193
584
94
610
582
608
732
248
583
276
664
665
304
13
92
97
637
723
110
39
445
251
473
359
74
591
45
40
49
41
642
93
73
60
695
62
88
619
332
72
34
87
224
76
107
639
77
70
36
223
51
195
90
667
611
75
167
65
360
79
78
139
37
69
91
50
63
166
71
35
38
64
68
48
47
46
66
67
