592
624
623
560
655
593
654
561
493
591
434
466
492
686
363
559
656
491
625
437
653
460
594
435
529
562
685
366
332
469
405
433
530
498
331
402
362
372
467
364
528
404
626
365
333
687
334
436
403
395
490
524
301
438
401
459
718
373
470
468
646
527
472
627
754
270
525
396
330
850
394
523
465
791
271
662
272
875
536
397
622
521
264
552
755
650
677
504
822
882
214
753
371
851
400
821
678
300
647
710
406
232
684
819
461
265
881
651
820
269
1006
16
709
440
537
233
551
849
520
599
473
302
422
974
458
781
761
212
341
346
263
652
326
645
379
361
742
792
812
782
374
367
787
17
848
486
840
567
568
823
358
679
613
408
505
612
15
676
808
783
343
975
1005
295
90
756
750
173
729
810
57
215
454
234
841
31
423
201
789
852
127
5
760
342
489
818
666
928
352
488
583
48
60
444
89
244
340
506
741
58
49
261
1010
569
284
843
698
1011
27
582
526
427
476
262
784
874
699
323
4
357
137
273
6
231
61
455
908
960
973
76
28
26
873
230
581
91
170
63
320
274
140
247
375
95
708
283
159
169
149
181
807
199
815
880
518
909
508
814
118
141
1012
447
107
356
180
774
384
929
387
168
315
347
474
96
672
522
579
740
355
390
992
349
388
644
703
44
385
868
148
870
479
739
752
294
117
108
673
93
547
519
828
182
705
220
907
252
942
92
711
934
386
122
896
75
734
198
109
549
135
799
891
900
735
25
62
1007
227
260
918
324
855
1013
238
136
921
202
824
511
544
790
2
640
292
322
354
291
288
731
314
920
798
195
876
991
970
864
667
858
253
221
839
128
163
897
797
961
318
154
639
888
222
1002
37
899
950
47
1
94
671
979
675
777
842
825
540
98
104
889
611
959
299
138
927
668
578
793
923
88
704
1023
901
736
737
254
738
916
614
164
926
409
1014
97
550
134
86
919
930
1022
938
902
348
229
59
786
146
153
160
185
895
139
1021
121
863
706
35
509
64
69
7
767
228
414
831
477
183
147
949
538
106
30
924
771
55
674
289
933
50
762
993
857
99
998
641
794
510
3
829
890
161
714
576
191
856
892
780
126
869
259
903
162
285
887
42
955
700
150
999
838
932
917
905
575
52
1004
707
157
830
971
34
255
130
125
328
806
635
45
480
543
319
636
615
46
922
316
1003
445
796
827
962
317
981
412
702
763
989
29
158
188
637
766
832
74
416
546
571
643
939
131
893
872
152
32
235
321
980
988
860
987
77
219
956
606
293
441
990
669
836
967
287
120
853
389
156
56
953
113
1015
906
833
759
73
448
66
124
958
826
512
1020
638
251
223
43
894
290
925
769
865
194
670
40
513
968
642
861
267
770
411
572
353
931
248
941
982
197
871
450
187
282
205
350
867
937
0
100
610
802
449
250
936
904
206
817
957
189
800
795
1001
862
969
846
834
258
964
478
407
983
133
1019
600
329
574
36
966
951
607
218
935
701
541
151
116
155
123
514
87
451
732
225
165
217
84
764
65
608
226
257
847
105
778
859
132
256
984
8
952
772
38
965
298
85
866
481
9
788
943
719
351
1000
545
631
166
204
605
985
994
773
286
801
418
67
765
297
813
417
898
954
70
577
167
82
986
224
102
184
609
129
119
730
837
190
11
940
914
68
805
41
804
378
200
1009
39
963
110
307
428
733
359
948
186
768
193
308
483
192
174
978
515
910
327
1017
54
33
311
325
835
542
266
1016
972
103
1018
751
439
196
487
811
803
72
14
446
816
18
12
663
845
101
216
114
71
482
83
419
78
995
383
391
296
111
249
115
413
996
947
997
945
53
381
171
443
360
20
713
570
13
81
913
80
573
779
745
634
79
946
453
717
51
415
883
380
237
145
915
345
809
604
382
886
246
275
112
775
10
281
502
142
172
697
580
23
854
694
877
884
844
309
19
746
743
475
539
211
602
24
178
1008
535
245
421
213
885
175
603
785
310
977
452
715
370
744
303
179
268
632
278
21
566
976
210
398
878
22
944
144
377
616
501
507
203
393
695
517
680
757
312
747
657
911
728
376
682
758
696
712
484
716
207
239
485
727
879
749
177
601
276
748
420
912
533
277
280
471
661
426
776
633
313
681
208
499
534
410
630
236
548
724
648
497
659
584
241
143
442
306
516
664
628
649
304
176
665
240
243
683
456
242
658
344
279
726
209
618
335
723
