418
475
446
391
65
447
67
66
529
171
68
557
697
474
531
419
558
501
584
198
80
226
503
93
389
586
142
702
417
555
390
734
170
139
698
736
528
590
14
360
64
726
225
618
646
144
79
195
621
115
89
527
559
554
97
451
77
361
751
763
614
81
742
735
619
696
479
15
388
733
76
591
583
485
118
752
95
355
340
205
458
91
143
580
166
473
507
200
611
70
100
167
121
98
564
231
553
530
51
464
737
732
612
94
563
478
581
582
59
87
120
706
96
380
199
508
693
99
92
286
748
69
184
358
457
354
567
770
410
48
22
616
7
122
71
60
323
771
556
408
745
58
762
31
740
607
316
695
539
546
357
465
624
454
725
230
206
625
511
572
453
436
359
491
502
265
382
8
228
462
452
727
147
72
764
90
756
313
622
282
450
352
437
738
403
551
448
730
328
381
601
295
314
383
731
483
579
33
262
578
775
623
196
746
0
435
783
148
592
111
387
212
597
329
20
19
759
258
223
431
5
552
6
560
257
56
651
10
74
18
484
353
43
500
768
673
327
1
425
177
17
520
620
330
407
757
232
755
254
50
175
566
322
53
110
657
132
119
44
28
207
264
576
589
526
489
574
598
490
54
588
379
637
85
516
117
86
341
610
203
652
570
573
181
411
83
233
627
728
61
114
26
430
439
701
739
519
29
409
671
178
356
183
509
21
595
470
720
495
73
259
152
754
84
665
2
463
521
466
517
179
480
626
176
365
700
237
146
550
541
499
240
182
699
211
351
568
234
434
518
636
404
204
662
141
172
349
492
513
208
496
180
250
47
25
30
168
413
153
160
650
594
406
782
441
486
494
461
75
350
758
236
667
161
648
569
283
35
497
291
11
294
432
151
125
469
547
23
644
241
608
263
655
678
24
235
537
444
596
536
599
268
571
543
124
716
126
540
292
438
101
672
158
324
575
149
640
664
261
653
498
645
214
656
255
27
384
296
128
548
140
55
285
4
186
52
565
609
604
593
629
767
150
288
663
714
109
251
515
705
617
298
326
376
162
290
345
481
692
185
159
82
57
545
9
163
315
123
423
266
747
213
112
63
455
343
605
215
260
3
32
45
600
780
658
679
467
319
649
524
165
628
549
729
229
744
127
776
514
336
749
428
102
189
525
412
308
16
368
385
224
429
781
402
108
297
332
708
36
482
689
562
442
49
62
718
719
691
471
312
202
561
476
399
687
398
666
129
606
378
424
493
668
643
289
325
512
287
210
169
688
690
386
331
317
138
216
426
630
373
239
522
440
367
78
342
188
535
602
303
293
741
613
174
46
256
683
414
218
395
717
374
707
238
638
510
113
587
377
209
772
468
145
299
372
774
506
116
677
227
