530
531
589
716
562
683
532
563
749
465
715
564
719
748
717
720
688
498
432
497
464
463
718
590
714
750
747
499
368
431
657
621
682
529
433
689
533
400
781
746
242
335
535
307
726
557
558
751
334
369
684
503
361
462
534
339
521
367
500
588
340
336
392
393
658
210
553
780
399
561
594
275
690
496
782
337
779
424
758
401
425
341
472
1011
466
583
274
209
687
745
268
851
626
721
308
713
880
502
727
596
565
595
620
471
360
504
615
1004
881
633
694
177
338
681
1012
301
625
267
879
269
554
759
778
882
408
276
243
440
1013
601
567
516
602
911
507
501
812
333
912
1010
330
178
407
236
299
777
883
552
366
850
548
1008
517
665
145
752
783
852
329
520
566
819
102
211
298
228
241
582
23
944
989
144
420
205
10
64
70
71
197
914
808
8
1000
943
832
508
129
204
373
39
485
536
22
176
101
976
801
99
1021
230
409
18
1014
112
864
38
999
441
439
96
547
475
640
98
741
795
935
216
1
309
164
1005
614
128
988
820
237
32
942
80
1016
419
833
172
376
81
776
345
34
218
289
540
24
171
571
1002
198
641
1020
87
966
50
947
884
952
1001
865
362
980
260
763
119
257
969
628
107
933
807
984
703
31
584
114
931
56
146
445
113
897
827
901
415
262
165
263
580
934
9
33
828
100
983
124
964
388
581
995
671
899
791
42
186
666
377
773
63
996
541
1015
762
250
314
69
295
612
66
430
902
484
1017
223
418
151
184
249
539
542
888
385
545
572
856
123
40
130
293
511
764
454
174
824
21
550
774
203
72
391
903
161
768
20
860
355
915
219
417
1007
82
446
152
410
150
53
1003
473
1023
476
383
187
292
968
217
892
509
111
956
259
866
120
229
261
963
386
800
480
346
977
769
831
929
923
328
193
49
954
802
155
965
699
382
634
609
913
160
41
156
183
921
290
277
467
190
607
17
76
642
92
945
444
708
19
674
803
235
412
306
898
2
477
127
54
853
351
736
698
356
451
78
313
890
951
319
294
896
930
282
188
887
158
37
676
251
834
997
706
1022
1009
315
775
442
873
139
378
302
280
125
893
796
972
421
936
613
673
731
941
918
639
68
859
189
889
287
608
248
48
206
288
940
452
108
447
909
732
175
546
55
110
191
836
515
109
835
95
115
231
948
770
891
895
185
349
387
576
36
575
116
212
967
734
735
131
700
579
587
254
709
900
65
904
324
738
67
325
730
920
636
16
522
767
122
863
118
443
11
196
93
806
220
255
347
126
928
823
83
375
88
323
222
805
252
985
610
104
28
862
182
744
799
953
810
143
413
811
606
885
894
979
479
794
159
932
937
6
916
320
478
868
137
855
350
702
43
352
962
986
154
543
86
448
7
5
74
510
281
51
573
670
62
121
638
917
861
73
258
570
79
94
772
605
97
858
987
194
134
906
354
854
173
919
733
637
157
317
905
757
153
30
264
140
742
809
946
482
244
737
117
90
283
867
27
669
512
544
380
925
537
35
411
342
247
14
1019
253
381
549
414
982
978
225
797
574
327
291
838
450
577
667
857
389
344
285
643
886
379
321
672
103
668
449
822
514
106
416
632
646
739
47
138
998
990
25
58
91
357
804
279
958
907
604
84
871
77
957
474
839
224
603
316
926
981
961
922
970
318
304
955
644
358
924
950
710
578
705
841
135
215
790
141
704
221
353
740
593
13
332
927
297
296
384
701
645
483
826
60
677
162
707
938
166
551
132
305
326
678
179
348
312
232
829
869
105
233
870
238
170
52
75
213
813
568
200
46
214
874
59
453
872
322
650
949
142
765
284
675
481
825
840
61
195
147
695
149
635
1018
136
423
148
169
771
798
878
422
875
89
792
513
286
85
26
359
12
729
991
192
821
994
766
910
789
29
163
830
266
15
44
394
908
374
697
760
181
971
659
199
0
256
960
226
278
310
652
939
569
456
245
844
611
712
837
45
246
651
234
876
227
57
647
265
600
818
743
3
693
993
167
370
201
842
457
973
202
180
470
168
845
505
627
506
843
133
959
556
761
311
711
1006
788
538
877
300
793
390
992
343
975
4
273
616
664
208
679
849
372
696
488
629
303
648
434
519
728
846
680
661
660
406
468
455
469
597
685
495
207
649
555
725
814
787
426
331
622
402
686
438
270
398
486
974
784
848
586
619
365
847
489
518
753
487
371
585
817
364
405
435
272
271
653
239
786
691
599
722
436
663
437
656
815
528
403
756
692
816
240
785
662
618
397
404
631
427
363
617
458
598
429
755
630
724
490
396
395
754
494
526
428
654
527
723
461
560
591
624
559
459
523
655
592
525
460
623
491
524
493
492
