334
306
670
642
362
276
277
724
248
675
305
88
723
197
449
722
46
136
477
104
42
72
249
251
221
41
304
106
769
105
761
38
92
43
73
137
96
422
335
421
585
741
719
674
74
75
333
284
505
717
392
709
193
247
110
45
223
703
639
647
78
94
592
138
37
420
743
108
278
312
40
669
450
641
713
90
71
747
556
220
49
194
753
773
534
97
393
371
394
102
12
113
750
686
648
538
718
34
707
47
107
712
710
39
63
62
98
437
472
536
716
443
173
688
169
690
676
133
721
416
275
685
613
595
765
50
369
279
376
224
711
779
649
582
499
166
715
444
569
337
638
123
109
91
610
535
682
165
367
135
568
130
311
310
250
768
370
48
679
103
435
746
744
572
659
150
689
99
599
87
533
457
497
587
267
596
678
222
95
455
76
591
160
339
708
36
764
778
619
706
288
684
570
348
273
661
552
158
510
342
636
163
633
149
35
441
573
396
79
61
600
13
51
424
3
780
609
58
593
465
598
9
101
364
33
597
634
1
571
470
645
608
781
522
431
651
57
23
314
157
782
289
783
398
660
604
6
537
436
60
540
159
161
85
134
185
469
11
666
207
129
550
677
19
2
260
762
5
206
205
727
772
245
561
763
316
543
653
368
640
332
487
725
59
774
544
