769
773
253
281
277
703
394
422
761
335
310
366
276
305
766
533
145
309
338
534
772
677
227
363
304
760
173
337
307
765
280
252
116
336
42
504
775
362
770
371
530
778
750
256
420
248
308
774
722
279
372
393
219
133
779
136
293
505
477
574
278
194
743
273
49
12
131
559
532
468
771
320
344
709
364
411
370
675
777
146
38
587
135
318
306
506
585
421
245
586
704
392
688
321
343
649
558
228
199
572
724
284
103
412
246
334
41
490
317
678
674
762
373
13
114
34
676
231
222
217
747
255
602
489
190
434
78
201
216
242
588
613
767
117
442
518
593
374
88
347
456
546
270
342
443
155
768
269
427
621
707
440
397
254
50
679
736
289
271
204
244
712
725
723
229
739
517
735
62
294
617
764
319
287
247
154
290
322
164
462
711
345
776
414
737
600
187
299
753
438
272
620
502
512
213
400
721
385
339
670
260
3
200
630
36
645
407
215
71
214
86
125
716
230
476
174
729
384
52
107
191
315
781
435
467
4
741
132
626
105
448
644
496
258
599
463
27
106
134
469
129
149
180
37
130
82
225
524
654
541
369
16
282
525
192
55
615
311
274
758
128
413
415
63
396
301
35
32
616
395
643
410
426
497
642
172
461
733
156
202
26
326
302
291
651
465
29
237
243
441
123
40
379
601
579
573
142
628
300
780
656
515
740
543
401
261
126
680
551
75
596
259
24
69
594
708
101
327
687
782
598
346
755
686
39
182
197
491
531
113
431
331
752
11
570
738
744
153
185
577
333
423
9
28
624
189
157
275
430
466
562
382
550
122
378
671
57
127
323
575
416
629
672
188
241
545
240
140
112
152
547
351
715
519
494
625
486
681
104
522
635
292
25
120
606
332
604
701
683
700
633
449
208
176
268
257
207
432
124
650
196
622
386
297
605
520
498
560
746
159
238
632
399
513
661
262
21
455
406
389
368
239
168
233
70
263
516
495
17
361
175
759
179
234
375
348
742
549
2
365
552
84
603
754
141
714
186
250
718
285
470
540
83
544
312
218
433
264
436
576
198
398
457
568
354
514
178
383
571
660
325
658
685
316
535
655
30
380
10
137
526
0
499
7
521
757
5
61
728
6
232
684
439
653
634
749
350
53
492
324
111
20
699
548
627
236
177
265
429
713
730
85
19
493
54
682
464
203
226
148
756
428
110
657
751
328
220
58
341
169
48
288
353
158
352
641
298
745
459
623
673
94
487
60
161
480
209
138
212
437
1
727
147
121
691
783
23
211
183
33
119
31
56
542
206
181
118
18
313
22
539
330
500
698
405
484
458
170
357
424
329
706
454
355
143
286
483
488
748
511
485
507
115
726
340
