632
205
463
988
165
30
713
445
807
264
676
281
151
774
270
388
1017
196
964
652
293
63
102
298
387
33
211
42
1001
37
257
229
882
21
685
171
38
32
648
382
983
187
409
303
791
70
76
238
276
897
241
800
177
824
131
22
828
736
966
969
28
968
942
111
547
20
71
553
536
1021
204
64
152
419
1008
377
880
883
600
457
940
952
934
694
185
909
860
295
299
345
250
866
418
999
349
671
819
456
24
984
511
223
665
566
383
243
172
128
885
6
941
640
308
376
19
565
467
333
801
757
219
150
209
1013
833
386
501
972
808
304
1011
831
762
184
776
249
865
294
727
425
741
516
633
164
1000
827
853
186
602
145
8
101
851
778
601
935
289
99
197
899
407
931
1016
722
1002
282
39
123
178
615
470
683
218
10
1
1004
832
263
753
23
777
554
933
684
812
408
703
210
275
306
268
267
262
779
466
415
583
274
504
269
864
759
370
567
852
989
658
216
242
305
795
302
420
440
588
393
228
522
563
124
590
521
780
360
745
439
301
31
424
746
361
715
340
392
758
472
782
783
714
500
620
338
471
502
530
781
498
726
534
687
533
431
307
690
747
464
716
339
752
535
503
497
499
748
337
717
657
366
721
532
334
564
749
621
401
589
531
336
689
751
433
335
399
718
465
750
688
369
367
719
432
368
720
400
