493
492
525
560
494
524
559
592
461
527
460
526
528
623
591
395
363
491
624
396
364
495
429
397
428
655
617
593
654
523
462
459
618
585
427
436
374
561
630
598
394
663
595
594
597
404
992
627
631
403
650
405
724
437
817
662
406
728
426
458
993
723
331
816
622
994
1006
430
342
180
3
347
815
147
586
837
311
785
284
629
57
558
85
574
168
15
653
286
793
974
1018
247
435
842
373
221
490
696
390
998
848
651
872
246
869
960
384
468
162
316
556
656
343
843
959
761
453
664
348
365
132
756
649
946
279
4
707
318
89
214
628
103
380
955
179
149
679
766
105
322
626
310
332
675
573
278
619
104
599
569
798
997
321
148
372
240
283
486
265
116
870
52
189
611
201
379
644
755
136
826
695
596
979
375
469
543
362
661
804
847
315
106
192
67
234
705
711
0
605
839
90
353
792
1019
398
191
357
578
740
12
422
138
625
371
677
575
312
606
701
668
874
118
181
986
505
84
253
74
754
266
157
167
73
875
25
411
957
29
115
352
134
557
297
910
97
871
194
678
1007
55
389
245
296
224
765
692
878
841
86
34
91
518
830
200
256
743
840
922
975
786
448
825
637
924
455
117
991
58
906
962
680
202
478
636
788
166
510
771
700
414
135
487
987
47
927
729
514
159
990
291
473
141
608
26
88
169
981
829
277
443
287
213
867
667
537
939
285
938
712
496
222
354
635
44
529
227
916
133
139
130
925
68
907
65
1009
838
858
474
46
945
818
142
226
646
638
95
613
645
421
271
725
48
288
760
161
996
309
75
978
610
158
674
949
809
672
643
233
77
670
258
704
239
868
943
358
604
477
958
849
413
252
479
772
913
737
555
603
732
821
669
215
948
731
280
325
489
890
961
568
83
35
49
170
244
706
963
739
434
193
356
889
359
953
806
72
857
1022
51
876
789
378
914
544
248
861
16
45
36
709
562
976
59
13
402
506
98
235
320
520
770
1023
82
416
977
980
225
693
254
482
153
895
545
17
814
488
863
61
681
609
973
513
259
836
108
846
735
708
220
154
854
319
190
324
926
965
449
805
423
954
844
143
538
355
552
207
742
156
873
412
66
317
923
447
733
790
845
146
175
476
121
140
673
199
947
572
970
163
441
483
290
576
767
738
607
794
886
346
915
350
137
446
877
60
255
894
950
710
1020
79
272
539
699
908
122
967
584
519
176
107
1005
54
232
734
78
546
160
273
541
936
542
484
341
642
323
893
551
174
62
580
888
862
697
956
195
744
438
512
702
902
182
203
571
475
344
481
43
796
113
385
329
698
822
260
971
577
859
410
835
581
549
944
442
995
188
485
892
616
14
452
540
261
634
904
1003
614
879
144
682
120
450
985
850
905
326
509
351
891
823
114
94
40
328
231
730
900
212
768
41
1015
903
300
813
56
208
887
810
125
515
251
454
775
11
919
855
327
451
898
417
951
508
50
928
773
109
112
803
236
2
381
587
237
550
982
183
9
507
217
444
582
896
198
884
119
639
313
612
129
480
173
764
81
1012
155
802
517
937
391
647
69
1010
230
834
901
784
5
811
126
918
932
763
1014
579
881
570
641
660
96
110
691
292
917
799
787
769
127
929
87
921
27
911
206
314
856
797
18
7
912
92
80
659
330
53
686
920
820
666
930
548
93
100
