705
734
368
771
733
731
396
677
172
116
338
336
144
446
370
358
562
602
737
397
751
308
343
770
330
506
398
732
774
561
736
418
329
282
738
148
369
366
735
772
359
745
344
283
132
399
385
448
255
423
371
372
249
310
425
768
400
355
221
706
410
374
500
695
316
254
345
686
442
501
430
746
357
417
412
535
601
424
226
419
656
383
198
776
356
574
411
220
725
342
164
175
15
373
530
466
743
752
603
295
151
401
525
504
196
712
388
547
643
146
534
684
323
24
697
707
630
429
546
708
575
360
657
720
200
257
680
202
615
7
744
163
685
22
241
403
31
351
111
386
384
152
227
402
443
327
502
83
478
651
189
778
440
173
4
629
14
234
439
26
767
756
387
341
704
682
679
237
194
174
415
315
438
199
395
431
414
185
264
0
165
112
263
428
700
339
236
232
290
245
721
455
496
673
456
84
29
279
471
433
181
459
718
376
55
289
59
265
644
322
672
28
628
210
54
134
184
261
519
490
626
694
317
676
176
269
759
20
710
141
460
781
324
553
183
18
208
57
230
470
222
476
179
258
520
458
665
404
56
296
145
332
427
240
729
16
238
711
573
21
272
149
382
658
180
188
182
53
9
755
11
467
713
350
445
171
499
177
233
749
766
631
235
1
32
331
730
757
186
213
620
748
239
23
187
754
27
242
492
727
739
524
19
207
619
652
206
17
475
560
551
267
52
699
205
2
624
494
563
271
301
468
434
667
474
782
461
140
777
469
426
589
564
377
253
262
212
678
302
314
683
406
231
6
280
447
147
130
728
131
270
511
522
627
85
521
201
493
363
413
154
645
10
167
576
153
681
692
211
783
497
609
554
393
378
168
150
432
473
82
321
214
291
5
119
518
661
773
229
365
285
219
559
248
292
715
61
780
462
405
612
584
216
129
600
81
297
691
655
457
454
352
217
597
191
203
300
483
340
709
593
8
328
259
33
436
348
260
489
25
268
266
548
579
218
243
693
441
617
503
120
758
654
273
616
452
354
135
215
701
688
465
625
294
252
125
155
552
545
209
178
416
671
763
159
587
228
437
523
636
510
349
139
527
133
170
375
298
303
586
287
485
664
660
565
30
526
121
779
716
204
659
244
632
246
337
588
361
550
160
137
305
532
668
453
623
717
162
640
635
596
648
367
379
702
690
495
598
3
714
542
637
326
274
157
463
750
577
533
286
741
319
307
346
311
80
480
594
390
293
58
622
604
537
599
762
608
689
288
558
539
190
484
742
491
333
740
687
543
517
481
389
407
653
639
60
13
581
663
509
101
662
638
313
110
507
487
136
634
488
498
381
582
124
464
514
320
606
486
512
571
42
409
86
482
570
281
592
555
578
114
309
123
325
647
158
275
102
364
666
107
62
106
304
34
35
703
39
276
420
63
722
48
40
41
