75
330
506
307
743
646
508
479
318
770
677
72
38
344
377
628
118
372
781
285
446
373
769
721
361
47
749
200
282
599
146
742
390
319
221
374
451
745
753
528
746
739
736
346
74
474
491
339
93
538
347
585
556
740
696
367
488
592
701
408
387
224
249
613
676
529
773
25
165
380
222
758
4
352
250
366
765
669
395
698
358
68
760
58
435
92
560
782
557
558
503
279
561
169
562
671
82
518
405
533
449
418
477
588
761
505
463
615
768
502
407
774
772
386
450
334
516
306
675
517
433
379
65
461
489
351
378
462
350
406
490
434
