71
67
670
642
72
334
70
75
46
450
97
69
94
422
93
306
78
66
76
74
68
73
142
96
613
277
505
477
65
724
557
278
92
90
50
769
364
585
48
223
64
77
225
35
588
122
250
118
47
765
86
559
568
51
635
99
760
161
764
95
753
293
529
195
766
224
326
567
162
193
434
622
294
192
461
625
547
227
133
354
663
393
120
215
433
709
432
194
653
671
30
394
660
107
656
513
337
159
624
217
214
229
755
659
273
542
268
27
763
691
20
630
486
476
586
690
5
781
149
10
235
239
164
487
309
290
644
365
515
291
54
265
319
366
172
345
317
344
736
