868
374
725
429
661
859
309
17
258
328
945
71
428
865
627
580
66
851
693
993
999
286
193
944
541
353
555
238
293
207
49
889
341
84
695
295
727
227
875
590
863
641
413
165
874
299
129
716
776
884
997
144
544
861
308
23
814
525
650
177
425
683
206
897
139
977
509
231
745
817
649
176
804
582
57
209
910
682
866
397
700
151
422
145
603
440
953
216
712
70
380
792
888
170
905
833
867
58
18
974
13
74
65
346
280
759
934
105
779
217
248
702
9
919
679
111
321
32
773
81
1010
819
1009
22
33
857
34
178
892
827
567
408
547
476
375
612
196
24
150
64
89
647
816
475
218
247
377
135
515
38
294
995
554
232
120
877
516
175
67
63
325
50
190
423
539
878
709
870
95
581
202
762
359
818
62
140
611
376
172
1001
409
890
824
126
758
707
53
876
41
853
969
610
799
243
461
764
205
230
900
774
546
7
326
815
955
864
761
869
184
793
696
173
923
12
844
858
56
297
199
134
811
542
274
828
794
25
856
2
871
791
1
902
296
796
820
938
203
6
90
158
263
680
464
920
943
778
8
268
937
842
909
331
88
37
1017
831
266
142
705
929
964
845
141
39
249
507
970
279
350
841
40
744
622
55
130
42
614
931
15
760
103
276
310
11
185
213
455
388
385
965
634
672
483
946
936
899
684
253
968
798
407
143
118
549
728
973
102
930
210
327
942
742
147
75
901
508
313
978
895
994
307
312
548
87
344
571
5
660
373
927
697
356
214
246
922
10
478
954
174
862
153
211
992
948
729
1019
659
921
3
730
204
731
988
154
947
0
829
420
639
584
345
35
963
962
46
183
583
966
843
110
823
887
598
14
732
891
658
839
736
651
68
441
343
967
604
517
317
795
904
320
906
907
838
357
898
512
550
499
171
21
872
852
235
99
932
212
896
215
442
915
316
201
602
790
757
738
663
664
200
830
625
763
633
45
960
91
30
164
924
916
454
465
903
825
777
789
182
961
36
854
122
85
699
162
665
292
278
378
106
1018
114
813
424
277
347
96
957
152
124
1003
826
809
613
821
72
387
855
20
163
44
739
737
710
233
646
389
939
234
180
928
591
390
332
935
472
751
167
245
743
270
132
410
412
698
893
82
717
780
244
121
666
54
59
484
159
358
69
257
933
453
133
984
474
986
443
980
311
886
704
348
4
812
179
302
987
670
83
264
146
300
113
405
719
485
421
138
281
840
486
985
810
674
653
452
711
60
131
708
835
285
570
873
908
181
43
222
51
601
926
802
885
630
287
411
822
504
324
768
418
918
701
648
949
78
104
677
128
588
97
318
1008
169
519
86
93
678
560
61
958
419
470
265
917
451
101
416
632
618
600
73
654
715
524
115
518
354
783
19
384
340
553
26
386
168
521
383
834
976
254
473
127
951
522
349
538
109
469
506
273
226
471
983
166
406
537
379
269
439
536
372
788
667
644
787
192
284
520
676
352
223
645
635
493
505
771
569
551
117
982
1002
972
749
692
675
617
482
136
720
668
52
941
77
940
437
733
288
685
765
76
100
750
224
301
252
27
116
950
975
137
365
971
797
652
487
786
766
781
108
446
801
1006
642
552
585
636
568
431
371
306
587
148
669
339
259
449
256
481
290
981
784
149
338
450
616
621
638
415
291
369
370
381
718
586
271
333
479
398
513
382
756
523
631
355
433
488
92
457
637
432
456
28
1007
782
803
225
438
606
689
785
401
255
510
272
29
480
47
514
599
724
740
489
686
687
334
404
414
458
337
322
623
335
688
690
303
657
772
511
466
400
619
752
691
770
721
468
323
305
490
304
620
368
592
459
336
755
366
460
722
367
399
436
434
402
655
753
403
754
492
467
656
723
491
624
435
