369
401
370
432
400
371
368
720
336
688
689
721
619
722
687
587
337
690
367
338
339
335
622
657
366
652
620
717
334
685
719
750
718
621
403
402
752
653
656
753
723
399
471
754
751
503
470
755
586
590
686
555
502
684
588
457
691
305
654
756
655
424
438
554
439
749
724
535
392
456
431
618
306
716
489
20
648
589
307
651
302
783
212
19
972
787
885
186
786
185
748
853
599
522
404
425
757
940
345
649
349
782
213
360
303
469
490
173
184
725
415
377
971
21
219
784
852
600
269
534
381
831
982
264
10
172
268
933
941
8
11
263
556
24
111
313
23
481
899
301
267
747
327
983
797
238
218
932
383
550
583
515
39
616
6
382
909
43
567
513
123
799
4
908
468
602
274
785
917
931
7
579
886
304
795
344
60
61
372
800
262
387
110
131
124
192
683
601
178
294
697
272
181
937
407
833
676
483
825
53
855
109
984
376
28
195
647
822
632
440
692
450
27
13
950
570
666
59
762
270
623
289
930
271
256
801
472
791
45
126
40
393
187
703
864
206
832
959
323
650
989
196
76
458
281
776
199
409
420
150
282
823
928
275
827
174
326
295
1002
794
549
781
598
14
949
631
964
359
451
866
511
482
128
163
1008
164
900
512
160
968
33
101
30
547
378
939
100
905
485
736
830
224
517
985
243
876
293
211
663
769
449
467
824
52
340
26
51
94
702
391
506
226
225
464
671
167
418
774
351
538
856
121
730
328
229
991
245
414
803
670
348
488
926
634
777
255
680
519
615
1
133
31
22
487
203
350
410
205
99
265
142
244
577
140
780
408
154
5
733
934
480
137
180
918
973
838
516
546
227
188
966
231
155
117
919
292
617
857
771
79
317
442
904
887
42
223
829
551
956
9
171
639
204
151
41
669
711
860
143
127
239
62
484
544
927
741
726
386
660
250
673
125
865
83
734
790
197
812
320
175
0
419
929
232
152
635
452
193
970
37
257
413
773
182
698
233
811
444
990
25
642
32
296
667
38
273
936
84
77
835
710
12
324
437
454
828
891
743
71
1016
161
715
69
704
478
249
93
514
767
165
796
806
898
995
447
862
765
775
643
958
504
251
969
548
645
446
479
241
920
159
988
416
576
877
122
640
299
436
254
770
417
523
202
859
921
499
641
198
884
536
509
237
388
584
135
288
935
72
518
816
539
54
207
261
276
169
894
805
91
286
611
665
170
912
153
64
952
300
290
1007
216
423
298
120
145
896
148
778
156
228
729
297
672
129
764
162
63
694
821
854
44
834
810
220
883
638
312
112
699
863
901
788
542
738
361
314
897
168
319
924
701
510
664
70
2
445
285
242
541
92
967
815
380
36
108
758
861
214
607
836
566
760
545
961
603
571
951
78
353
141
942
46
907
166
735
659
731
817
916
766
346
763
818
29
1004
957
975
768
981
291
612
938
739
802
581
505
234
793
358
543
637
813
568
475
742
102
893
412
826
814
252
130
179
582
82
948
871
668
604
68
681
700
208
708
215
253
580
820
1015
222
732
965
633
925
521
675
3
779
183
149
808
477
819
761
840
266
585
744
609
50
867
246
158
858
114
474
915
789
677
873
35
630
230
58
138
75
325
136
96
507
678
194
712
421
287
107
1003
355
1005
895
695
737
411
902
772
745
157
552
714
132
85
1017
1013
190
922
868
47
636
176
963
705
953
709
892
605
872
954
235
476
443
385
614
980
807
679
441
906
354
870
217
845
139
66
144
508
644
379
352
572
903
682
553
613
89
646
16
258
248
56
201
18
1021
987
280
115
1018
318
134
606
955
86
1001
308
240
65
191
911
491
578
1022
707
1011
537
259
486
146
1014
67
923
706
356
839
1012
844
322
119
177
798
209
113
837
95
759
792
882
740
236
889
80
87
658
960
947
57
804
34
448
90
453
851
105
880
610
809
962
435
869
575
674
200
875
283
316
540
1000
888
662
890
1023
569
910
944
976
389
88
17
696
116
247
73
384
996
574
321
520
284
473
608
118
357
260
147
74
365
210
728
727
846
874
103
106
221
97
48
986
629
455
693
914
843
55
573
999
849
15
1006
1010
500
881
974
978
49
333
81
1019
422
104
943
1009
841
1020
501
278
405
913
277
850
713
994
189
426
279
746
993
597
315
979
98
390
375
977
998
842
945
398
946
992
997
628
406
347
878
661
624
343
463
557
459
879
848
329
565
533
330
433
847
311
596
591
627
430
309
373
564
524
374
310
341
496
332
532
394
558
427
342
397
460
625
331
531
362
429
492
462
465
595
626
428
592
396
364
434
498
461
497
563
466
525
395
363
495
530
559
493
593
594
528
560
494
526
529
562
561
527
