-0.16242075
-0.089577675
-0.05441332
0.15656519
-0.027990341
-0.044168472
-0.08397055
-0.16926098
0.1296606
-0.0060987473
0.059052944
-0.22497892
0.032841682
-0.24042511
-0.07008886
-0.08177233
0.07731533
0.12724447
-0.12643242
0.04184389
0.021955013
0.0969944
0.019702911
0.10688782
0.0849967
0.06695795
0.06624746
0.084852695
-0.009311676
0.072827816
0.07138109
-0.1716938
-0.10108471
-0.18674326
-0.22873354
-0.50824594
-0.15907717
0.40449858
-0.14350224
-0.76512337
-0.58169174
-0.50708485
0.6572294
0.23382902
-0.49015045
-0.5710745
-0.6528492
-0.6632023
-0.39051485
-0.12704897
-0.025866508
-0.377316
0.06483936
-0.04999876
-0.023816586
0.0693655
-0.11847687
0.018847942
-0.27490664
-0.8058305
-0.6458945
-0.19636536
-0.21937847
-0.6148238
-0.22165775
0.15941954
0.12501001
0.43318653
0.025912762
1.0111108
0.99648905
1.3529234
1.1322393
0.44367886
0.78210783
0.39135075
0.5270138
-0.048064232
0.19751453
-0.67390394
-0.010552883
0.35266066
0.16294241
0.077457905
-0.053613663
-0.17216253
0.61742496
-0.5903721
0.06288195
0.4158597
0.7710037
0.14612389
0.3647189
0.3809514
0.40397406
0.19015741
0.8637147
0.25179148
0.43123627
0.46599674
0.68237257
0.4245658
0.2550702
0.17667103
0.9501581
0.26140022
0.18217134
0.012424946
0.4587326
0.85883665
0.048793793
-0.082194805
0.07460499
0.5700064
1.6843114
0.7992511
-0.07519531
0.8553581
0.22613525
0.17135
0.27150965
-0.27881193
0.38074255
0.04002428
0.1803236
0.22995758
0.065935135
-0.049040318
0.09113836
0.006281376
0.3290658
0.3081565
0.3486042
0.08704901
-0.05150175
-0.3083334
1.1007314
0.8084669
1.0960517
-0.54982376
-0.08638048
0.020206928
0.80411625
1.0655642
0.34463453
1.0156555
0.3898015
0.4138031
-0.3966837
-0.25190735
-0.4871359
-0.31127548
-0.047801495
0.39193535
0.21376944
-0.067204475
0.05082941
0.31374264
0.15822315
0.0010323524
0.03146124
0.21643972
0.3704214
0.37279177
0.46071625
-0.14429617
0.23168087
-0.46998692
-0.105784416
0.706069
0.3080287
0.46472025
0.04489994
0.1757946
0.30193377
-0.096259594
0.115814686
0.3990569
0.11592388
-0.04213047
0.1154747
0.21152878
0.25263834
0.024926186
0.0029044151
0.17474937
-0.10938072
0.05840397
-0.017947197
-0.037727356
-0.1659379
0.20671368
0.55005693
0.9665823
1.4503298
0.44999743
-0.080528736
2.1074994
0.04640007
0.44298267
0.15687656
0.072926044
0.06418848
0.102656364
0.14397097
0.11615324
0.032351017
0.24217701
0.14965248
0.09415007
0.05052471
-0.09650898
0.12005234
-0.02035904
0.082769394
-0.014680386
0.008587837
0.052369595
0.041220665
0.31094313
-0.14059877
0.68940353
1.7132292
0.39578676
-0.67494106
0.63112974
0.3192978
0.02210331
0.29533863
0.20502138
0.2462883
0.17591333
-0.11809969
0.004536152
-0.10850525
-0.09017086
-0.09916639
0.0211339
-0.06598091
-0.34159946
-0.43387938
0.013201714
-0.0849247
-0.15988493
-0.016810417
0.094481945
0.3412528
-0.033648968
0.4347167
1.1756067
1.8245158
0.75954676
0.45810556
1.3683777
0.43373203
0.06514835
0.31402016
-0.22031212
0.11826038
0.43060207
0.34917116
-0.097307205
0.120064735
-0.16647482
0.041826725
-0.19395924
-0.04448986
-0.037216187
0.049280167
0.17900372
-0.040714264
0.07015896
-0.015687466
0.17802715
0.2928009
-0.1286807
0.3109336
1.7464857
1.7910132
0.3036933
0.34860468
0.94275904
-0.08947897
-0.16436386
0.2975359
-0.07898426
0.062047005
0.20710897
0.11237478
0.16411352
-0.016162395
0.21017313
-0.07918215
0.037135124
0.35924244
0.33013582
0.33967972
0.11049271
-0.037169456
-0.2661147
0.3615446
-0.0068941116
0.14135885
-0.11295271
0.2496748
0.8020878
1.4369512
0.70892954
0.0052261353
-0.6224656
0.13742638
0.93299055
0.613461
0.39542866
-0.03641939
0.028154373
-0.004047394
0.08612108
0.23673439
0.040893555
-0.110323906
0.1499672
0.743876
0.85410166
0.33108854
0.3801055
0.05745697
-0.0089674
0.034217834
0.37057924
-0.2680645
0.16395903
-0.007100582
0.6632123
2.247579
1.3329806
-0.1308608
0.13268518
0.18324518
0.2259469
0.29440784
0.50920963
-0.11549854
0.006275654
0.46308565
0.40599918
0.21416473
0.05281496
-0.2058444
-0.09064484
0.62294006
0.5385275
0.36873436
0.08077669
0.09307289
0.16140175
0.364182
0.2281928
-0.26339293
-0.39899063
-0.391932
0.88133097
2.2342005
0.94151306
0.25693178
-0.17562342
0.12497425
0.28419352
-0.13037205
-0.23620892
-0.16272831
-0.02422905
0.18563557
0.19077682
0.60750484
-0.15263748
0.079577446
0.23976612
0.3053131
0.3577013
0.22429562
0.30198145
0.08687019
0.097670555
-0.34038448
0.03033638
-0.546556
-0.6881814
-0.2944317
0.7756648
1.3867493
0.30352736
-0.13526297
0.63030386
-0.16298437
-0.1548686
0.27816486
-0.46108818
-0.42238283
0.031306744
0.17858315
0.1735177
0.094110966
0.046973705
0.185565
0.32554674
0.3611002
0.33719873
0.49938822
0.1510582
-0.09510851
-0.124816895
0.1307149
0.003273964
-0.14808846
-0.6372819
-0.7271142
0.39750147
0.5785122
-0.007601738
-0.43622446
0.80885315
0.49005985
-0.09429121
-0.03389454
-0.40894032
0.11646652
0.015247345
0.34195185
0.3967023
0.25646257
0.15391827
0.28535318
0.3251853
0.41039562
0.39440584
0.28860044
0.081484795
0.0742898
0.012442589
0.18207455
-0.117222786
0.17393827
-0.32159424
-0.57857275
-0.7913656
0.18538666
0.19873619
0.29949284
1.0731778
0.7109151
0.5637102
0.18754339
-0.20776367
0.13261509
0.025513649
0.2875805
0.123432636
0.02811718
0.069215775
0.26135635
0.4564681
0.5666156
0.33219433
0.3929801
0.010369301
0.19494581
0.1102829
0.1033082
-0.12322378
-0.123343945
-0.07296276
0.15948153
-0.63256454
0.25206423
0.009919167
0.0012636185
1.5602608
0.4616971
1.0971117
0.67520475
-0.10213041
0.14119577
0.09660816
0.029004574
0.22348166
0.2290678
0.03413248
0.21796131
0.4971428
0.652339
0.36827087
-0.030035973
0.20793343
0.24102926
0.025362492
0.05711174
0.095089436
0.016462326
0.036684036
-0.3016615
-0.478899
0.49963808
-0.5882163
-0.144135
1.6782079
0.6657591
0.961473
0.12853813
0.2640772
0.2576599
-0.021833897
0.13943386
0.041663647
0.22443724
0.0063881874
0.11415291
0.34601355
0.22907591
0.19022131
0.14706326
0.31136084
0.14547491
0.10406256
0.008050919
0.23639393
-0.04227352
-0.12800884
0.20966244
-0.24776173
0.4491663
0.8222985
0.46749973
-0.14035845
0.3743024
0.5613656
0.26601362
0.052984715
0.15911627
-0.026526928
0.117396355
0.015002251
0.09204817
0.106903076
-0.23026896
0.15569448
0.031425953
-0.035107136
-0.00081443787
-0.0034165382
0.061012268
0.013481617
-0.029058933
-0.036975384
-0.23753881
0.277555
0.5263052
0.8076415
1.4487305
1.1185212
0.07673788
-1.2008023
-0.07829189
0.20756865
-0.098665714
-0.7086263
0.16321468
-0.024075031
0.006228447
0.22113705
0.21373749
0.16104269
-0.35083294
-0.23325205
0.06428814
0.12026501
0.09336996
-0.13313437
0.077185154
0.26107025
0.041862965
-0.15546274
-0.083316326
0.04300165
0.13362265
0.055226803
1.4429231
0.47592926
0.9862957
0.18727684
0.7786999
-0.06798029
0.0033650398
-0.2153678
0.28523445
0.10339594
-0.030435085
0.18094063
0.16729116
0.10696411
0.14987278
0.07523394
0.10280943
0.099274635
0.08210611
-0.047564983
-0.08791876
0.07241917
0.009287357
0.15219069
-0.22133684
-0.44351387
-0.18070602
0.1733756
-0.89718485
-0.21163559
0.63093376
0.60267496
0.4023986
-0.40216112
0.10016394
0.2135539
0.17723036
-0.015734196
-0.075525284
0.07915211
0.13058233
0.28679276
0.24576616
0.35125446
0.048172474
0.005323887
-0.07075119
0.07568312
0.0014243126
0.21414328
0.20635939
0.3868599
-0.09153986
-0.04890728
-0.107237816
0.29596853
0.9209604
-0.31330442
-0.15363741
-0.046188354
0.45494175
-0.49637365
0.061304092
0.021102905
-0.246593
-0.06793785
-0.16668415
0.07797241
-0.08938646
0.22111368
0.081097126
0.02144003
-0.21715498
0.05747366
0.07324314
-0.053055763
0.09969568
0.2678609
0.024149895
0.30088377
-0.53838253
-0.27293634
-0.16742373
-0.11029911
2.1475906
0.05692482
0.08212042
0.054615974
0.3665824
0.20858908
0.35506582
-0.13966656
0.3197484
0.11892462
0.17074776
0.10450792
0.17104053
0.2497015
-0.07404375
0.42381763
0.462893
0.39882612
0.040612698
-0.003765583
-0.1737032
0.03207779
0.16192722
0.3052907
-0.35014153
-0.0520339
0.1671009
0.31797218
0.52515507
-0.23904848
0.04904604
0.11001778
0.0748744
-0.05941868
-0.22198105
0.30963993
0.77395535
0.9555664
1.0568495
0.78622246
0.49305105
0.11378145
0.7821188
0.5751567
0.106775284
0.28717995
0.15177107
0.6729293
0.3721571
0.13087273
-0.15178967
-0.22540855
0.21289635
0.074100494
1.046802
0.107334614
0.45256805
-0.09499073
0.18101501
-0.10677862
0.038560867
-0.18593645
0.06899166
0.07432222
0.095068455
0.2387991
0.39242983
0.48009634
0.80204964
0.4192505
-0.27103424
0.71743774
0.78156376
0.41087818
0.63337517
1.0249996
0.7585821
0.49691534
0.08347702
0.15299177
-0.00532341
0.077429295
-0.15473223
0.52447224
0.00865078
-0.09169674
-0.114892006
0.105121136
0.25725842
-5.00679e-05
0.705245
0.9718642
0.051136017
-0.1109519
0.08784008
0.42902517
0.52608776
0.32723236
0.03843212
0.96171
0.32612944
0.032993793
0.3705206
0.0058202744
0.18126631
0.8371873
0.00237751
0.43880463
0.0829463
0.67773914
-0.13329124
0.06839275
0.037826538
0.13701344
