189
123
58
483
492
544
452
400
432
260
68
649
398
401
459
28
458
52
61
344
375
482
621
370
585
537
438
6
293
265
301
411
431
73
296
262
404
722
437
701
271
150
409
348
430
218
601
154
261
274
111
244
343
125
485
246
269
186
755
413
5
289
32
19
481
178
627
243
206
214
297
131
520
679
461
512
159
325
330
780
182
484
654
245
181
581
460
209
365
591
33
445
44
187
124
782
224
607
644
552
631
103
263
242
161
597
464
435
162
266
605
669
628
757
645
227
611
233
493
371
580
553
217
781
163
626
699
354
549
547
85
489
395
31
476
236
526
517
140
406
97
541
487
655
133
638
98
232
273
681
439
210
453
205
268
84
602
1
234
509
0
320
291
18
380
508
392
623
410
538
213
407
382
381
267
653
153
634
524
25
346
149
30
160
629
157
56
574
353
347
298
635
7
208
721
613
203
426
606
158
540
383
436
402
759
536
373
288
632
167
671
237
151
238
548
241
756
578
355
515
326
29
372
135
327
201
22
188
575
729
104
516
408
610
514
550
643
356
488
472
725
292
442
473
388
495
152
79
11
497
300
15
577
239
412
433
615
420
496
317
422
337
14
576
156
179
652
319
646
498
637
396
678
466
318
316
414
513
732
180
579
134
564
726
345
423
118
562
595
703
424
618
648
522
200
647
467
299
510
172
698
702
434
561
290
494
622
523
397
308
450
603
256
328
504
309
594
604
440
173
563
65
740
394
443
521
199
733
705
254
441
773
59
415
590
614
612
170
529
417
416
338
468
677
279
470
559
478
80
558
283
425
469
336
501
675
171
310
676
734
444
282
419
226
704
391
198
475
447
531
474
697
446
418
