560
363
428
460
491
364
395
661
461
492
427
559
630
527
692
396
493
528
394
662
459
331
429
366
362
398
592
754
397
332
365
561
593
426
660
691
598
311
406
724
399
122
458
659
693
333
283
847
390
526
756
315
373
303
227
625
240
723
4
816
272
234
490
435
529
271
220
347
57
316
437
384
284
755
357
389
848
403
845
232
221
73
266
35
626
846
343
342
753
960
103
704
658
104
842
436
843
374
737
75
679
728
434
974
246
97
74
321
265
367
993
58
26
15
279
1006
992
494
304
844
998
233
201
850
486
711
297
404
631
469
422
961
785
248
705
959
760
278
840
65
817
869
878
310
877
820
163
405
910
215
793
258
252
330
875
849
29
89
300
90
819
870
354
678
594
148
170
47
379
251
815
646
16
189
149
761
245
296
938
740
994
105
876
837
202
768
180
247
874
786
809
599
518
239
1005
416
48
200
991
784
448
226
939
291
302
977
2
352
962
706
322
788
810
473
743
672
798
455
44
59
624
538
306
264
353
841
259
358
613
792
27
326
505
438
49
481
88
821
386
91
61
611
710
818
1009
908
814
614
270
736
253
136
169
513
581
46
273
766
196
470
141
3
346
157
30
194
744
235
301
17
945
965
325
217
872
498
95
45
804
896
578
98
356
735
80
106
6
139
811
282
450
512
926
453
60
131
709
441
167
973
647
829
318
133
922
868
830
742
181
199
627
147
839
523
970
765
606
483
907
707
573
913
797
375
487
421
978
153
93
214
294
207
168
286
950
256
452
644
799
549
1018
183
701
677
946
928
519
569
663
506
290
162
385
320
411
85
645
772
121
79
924
350
796
610
919
787
222
604
582
309
826
166
979
975
675
771
639
208
643
329
823
865
958
668
328
510
920
712
37
536
540
867
729
932
739
934
575
1003
767
813
182
142
94
317
696
667
476
859
544
62
851
113
789
895
551
132
28
702
574
730
14
891
118
324
700
854
577
190
479
925
981
725
280
84
576
138
1019
126
159
674
1004
140
982
1022
955
889
580
603
81
31
987
124
949
898
5
127
929
918
572
967
67
942
125
858
108
894
423
263
861
137
231
260
927
285
673
1010
508
488
680
957
261
775
474
152
608
951
92
192
731
738
112
537
834
262
892
539
906
629
734
635
637
879
866
605
857
468
825
953
676
86
12
888
807
697
466
732
990
863
191
277
63
299
638
543
143
640
997
698
708
800
699
443
292
862
116
287
976
822
903
733
77
893
937
184
764
514
1015
1001
917
855
897
135
853
656
524
890
25
776
930
454
612
206
158
568
115
477
68
440
971
478
722
921
1013
0
341
520
195
444
886
941
146
55
281
669
447
348
76
1014
860
914
254
1023
542
828
244
449
213
885
509
372
882
134
986
636
873
642
570
703
255
418
902
887
380
109
355
607
298
916
794
571
904
831
359
900
923
150
319
871
550
511
230
641
769
881
78
763
475
671
954
197
634
442
899
915
305
229
670
293
216
13
541
412
185
836
579
288
314
225
936
391
943
179
980
752
312
351
83
806
741
66
387
507
117
790
935
323
762
909
546
985
824
54
609
413
501
130
905
504
802
52
835
795
808
173
439
484
1012
880
783
548
615
100
388
237
827
952
883
176
856
948
694
111
472
947
956
1017
901
1007
591
517
940
911
774
144
1020
223
1016
107
36
884
963
525
984
968
171
1011
381
583
241
944
110
119
782
791
803
912
600
414
327
19
151
376
344
972
407
773
228
485
120
983
164
238
628
204
852
446
205
114
999
18
154
50
409
198
43
445
408
145
969
1021
545
515
812
175
417
269
666
933
988
757
41
383
203
664
82
378
410
1002
695
236
156
467
160
56
349
451
32
402
516
838
482
616
51
165
377
713
33
177
21
267
864
53
188
456
257
1
174
308
801
11
212
931
274
295
779
781
289
382
552
20
632
770
64
633
1000
497
313
42
101
243
72
805
780
648
547
99
276
420
996
209
102
96
989
655
361
681
250
777
275
87
178
172
480
