492
493
460
428
434
491
435
397
560
662
395
396
661
429
436
459
363
527
427
461
403
466
404
398
437
630
592
528
364
561
693
692
240
593
728
816
365
405
626
660
847
631
659
494
663
272
331
598
402
394
399
468
974
655
756
271
529
754
467
624
1006
599
469
362
406
817
785
819
559
366
526
848
815
724
311
679
846
760
239
793
342
761
696
343
849
842
372
843
814
992
784
711
438
374
820
332
818
850
788
755
789
910
845
960
373
310
878
371
723
821
57
877
426
303
270
1005
390
844
422
594
786
486
455
330
678
300
315
273
875
753
743
710
704
695
874
458
266
792
691
207
664
29
304
284
993
518
58
729
283
333
487
809
278
246
347
840
75
375
201
685
742
490
234
15
841
180
473
869
798
813
977
16
519
737
316
568
384
647
959
725
623
148
973
215
876
938
870
279
908
4
787
646
810
790
536
1009
232
149
89
48
309
505
939
357
975
879
265
227
90
379
945
59
208
221
321
744
581
26
837
766
367
302
829
994
297
389
322
705
922
538
49
27
926
47
709
830
569
680
45
122
245
329
613
765
614
3
44
913
65
970
202
153
306
233
74
141
252
998
654
189
851
88
961
991
658
248
247
978
352
979
353
797
354
253
17
61
60
811
46
712
677
645
611
582
697
625
551
573
924
537
606
416
604
740
907
147
822
35
30
701
95
946
826
296
644
470
423
235
301
454
872
707
799
91
549
358
823
506
735
93
868
259
453
80
1003
299
796
346
706
919
540
318
258
133
73
181
291
804
103
421
1004
668
896
286
134
452
600
157
105
958
448
170
104
895
106
513
839
6
97
481
136
214
341
653
200
578
859
854
950
1010
643
675
925
5
386
194
575
639
672
891
920
441
976
927
942
504
962
85
132
121
2
498
627
199
350
28
139
169
476
610
92
163
317
206
359
411
488
305
981
730
94
226
118
68
142
694
183
152
285
889
220
882
356
928
385
196
739
702
277
510
222
328
700
62
31
36
84
574
894
767
736
162
168
244
126
1018
867
320
858
137
192
113
865
771
182
98
159
572
1022
37
918
903
632
853
479
256
949
881
861
282
81
167
550
138
603
629
892
190
135
166
324
982
667
264
1019
391
544
450
638
825
514
66
407
508
775
768
298
185
637
154
674
953
483
79
955
100
63
987
195
957
772
217
834
698
125
143
116
