250
742
278
334
194
738
362
253
222
707
670
745
769
708
42
741
706
746
770
306
737
363
766
277
145
335
197
71
114
765
743
709
477
586
736
775
735
744
747
739
772
505
768
771
588
305
193
249
773
281
138
767
422
307
712
642
507
678
279
616
717
525
408
587
393
762
718
144
390
558
72
764
724
450
679
381
676
115
225
136
70
634
617
117
354
421
705
251
343
142
675
341
352
143
559
312
380
516
43
146
761
464
171
459
86
502
535
199
96
449
382
156
436
353
585
530
104
620
713
116
221
340
192
410
633
752
632
698
534
409
763
100
110
411
779
154
710
532
491
677
310
497
479
703
749
384
674
760
325
98
99
318
750
753
109
290
621
216
748
524
316
606
557
448
287
166
276
431
180
555
259
660
263
172
371
164
255
719
113
122
495
90
545
137
177
260
315
722
711
437
716
342
438
313
592
366
723
594
81
234
776
573
131
349
370
649
97
69
602
629
605
603
383
480
517
333
319
94
311
280
680
536
435
108
504
89
630
130
758
75
213
648
101
348
179
324
714
88
631
396
235
622
726
442
556
463
526
506
195
291
27
133
338
186
582
364
147
552
372
155
412
217
499
120
82
288
458
215
560
584
646
725
701
658
751
103
106
783
317
132
3
28
8
754
107
214
128
546
682
252
715
392
125
326
781
740
223
26
548
523
531
20
73
24
289
522
487
731
659
601
337
672
21
575
551
19
105
613
596
468
17
361
314
169
52
645
550
173
176
624
730
112
492
208
262
394
466
518
782
470
92
74
777
657
385
163
547
673
355
597
700
693
76
126
95
757
178
420
248
9
55
439
574
261
774
185
465
671
344
54
206
242
284
519
598
196
102
413
553
10
618
23
521
230
494
119
211
685
246
57
604
544
661
153
404
376
181
170
29
579
440
292
236
264
267
212
320
407
687
379
351
683
656
182
22
187
496
441
728
286
589
727
686
162
4
283
6
528
577
152
16
619
755
93
578
651
165
149
78
84
254
576
296
488
472
733
373
424
563
184
414
321
759
239
327
168
467
129
500
123
14
345
219
549
140
721
1
367
0
498
652
118
2
12
734
681
469
243
83
111
593
626
273
30
227
653
160
188
15
654
493
141
599
729
595
692
452
457
256
127
244
183
233
5
231
402
590
554
175
644
368
476
53
56
7
650
609
245
205
346
641
625
655
426
688
486
258
756
451
159
580
31
336
282
148
780
134
32
25
62
395
369
704
174
161
702
232
269
401
207
356
204
568
58
121
34
443
11
430
691
572
241
191
189
85
417
400
403
583
389
229
623
304
209
474
432
720
423
627
374
732
564
508
515
600
490
50
124
274
628
33
198
391
478
190
285
699
240
135
460
158
375
18
529
77
308
49
608
527
347
570
607
689
200
520
635
226
567
643
636
299
328
591
778
462
471
427
61
38
295
663
542
581
405
453
150
203
569
265
538
571
377
489
80
218
690
541
537
447
539
566
268
228
669
