401
281
522
962
1018
480
960
455
690
900
546
635
199
645
972
632
991
761
939
322
621
327
392
896
239
44
27
77
232
294
611
551
207
201
918
684
91
130
701
438
188
609
313
601
819
175
29
224
479
358
707
433
699
677
729
680
1011
128
646
181
957
740
583
978
831
829
148
830
622
856
732
151
183
945
121
344
872
881
907
550
770
59
813
932
238
518
230
262
82
914
893
2
192
196
0
891
577
182
76
552
212
742
921
167
586
835
110
698
1009
117
482
584
142
673
449
478
86
600
3
639
350
269
10
169
155
994
359
407
318
99
641
976
472
180
47
908
253
696
143
571
408
83
521
48
255
1019
513
73
354
61
578
672
541
774
838
233
390
163
794
52
644
663
882
839
227
28
1007
877
901
87
270
843
951
822
679
985
926
904
986
235
501
802
670
840
870
360
391
124
917
875
849
801
560
737
11
793
1023
895
876
983
790
789
859
93
398
49
664
780
111
739
712
54
92
676
164
214
312
208
909
249
399
381
545
845
517
990
256
149
610
349
873
287
100
454
864
581
382
412
697
486
198
41
423
871
820
1006
202
651
933
85
834
485
414
844
519
949
534
122
197
857
987
649
400
667
79
166
958
170
285
842
132
421
213
771
244
60
176
862
728
50
174
916
108
386
425
206
902
36
15
25
209
218
146
568
284
931
841
375
316
104
204
544
950
772
211
21
133
922
114
582
447
168
159
290
888
74
78
261
757
687
5
848
7
210
185
760
567
869
814
365
852
812
355
963
234
328
30
106
72
413
858
101
474
614
638
508
223
203
136
837
919
251
141
325
700
55
533
773
988
915
536
113
809
53
828
288
20
665
903
353
804
597
867
90
934
1003
806
195
302
736
51
286
116
850
894
9
410
576
887
613
966
103
8
314
397
615
245
229
45
75
547
257
935
930
920
579
777
81
791
19
377
231
35
906
811
71
219
97
606
970
968
84
744
70
549
193
187
40
158
105
539
415
165
666
668
162
1008
969
604
416
984
855
810
792
938
821
874
125
1016
763
282
68
953
266
14
89
846
936
762
379
451
383
380
293
42
6
1017
369
265
643
965
119
250
66
135
297
948
781
955
981
995
102
147
134
453
65
735
236
222
704
367
706
228
884
237
39
178
937
775
422
515
878
832
1
127
805
69
428
95
241
387
851
150
1020
861
173
277
999
62
139
484
671
258
389
80
292
38
378
276
16
156
997
296
268
542
892
46
636
37
923
243
982
913
123
548
32
967
426
808
205
115
346
954
964
64
118
512
120
465
98
138
657
767
640
776
442
177
126
708
311
989
543
145
157
929
905
745
443
898
12
26
836
998
320
441
796
758
734
880
427
446
17
343
1000
634
96
713
833
709
730
703
823
417
738
799
409
189
693
1022
452
868
924
352
319
731
137
33
504
88
824
300
979
274
1015
242
769
67
883
324
759
890
602
444
450
347
847
267
980
217
338
18
248
22
24
301
172
705
259
580
718
974
633
356
278
853
56
947
553
221
879
897
280
807
34
140
681
889
315
432
112
605
1001
627
295
910
943
516
388
854
612
575
866
973
260
608
727
476
107
572
419
1012
741
779
246
23
1021
507
306
31
63
993
445
190
717
483
184
372
751
795
695
357
310
865
778
329
216
351
603
996
764
768
573
283
144
860
750
220
607
385
420
952
418
525
191
429
57
309
863
396
461
321
299
912
540
129
393
628
13
650
800
289
574
411
475
1004
335
749
406
1013
1014
725
715
448
716
298
275
827
752
554
368
683
956
279
339
337
58
160
626
588
625
559
161
942
334
431
1005
361
587
247
333
944
726
336
747
662
405
682
746
308
555
748
509
430
307
721
689
477
714
688
589
911
528
719
394
535
395
340
526
362
498
527
364
331
332
363
556
464
330
503
374
557
342
497
590
494
500
720
529
499
694
561
373
341
558
462
593
496
463
495
530
596
562
594
531
532
595
564
563
