607
150
637
676
747
337
760
159
137
632
441
549
589
663
717
598
743
552
274
119
100
173
499
154
650
773
256
715
126
508
118
311
125
68
629
273
121
124
645
348
767
498
194
497
365
426
546
701
489
65
494
394
779
86
540
131
470
163
467
548
372
401
400
201
427
149
52
628
283
768
671
523
319
153
685
758
142
604
588
520
363
518
469
468
373
782
460
434
462
729
415
490
687
576
451
309
655
521
399
535
225
321
624
526
237
413
476
140
664
766
1
431
414
267
2
152
89
699
428
680
32
711
265
781
181
168
718
721
290
56
28
25
16
269
292
320
750
524
207
120
754
281
310
543
139
708
294
522
279
227
707
235
240
459
519
9
728
744
239
208
375
644
432
749
188
203
180
206
268
264
402
287
370
730
318
245
11
266
615
471
651
270
554
291
213
272
0
345
367
6
658
234
539
541
626
204
263
453
20
755
145
657
112
231
29
238
545
303
510
461
84
236
398
307
560
55
479
777
214
374
344
10
763
496
230
183
614
212
185
710
457
672
259
440
17
492
347
397
438
706
436
656
683
740
53
342
493
134
778
673
643
665
458
339
218
280
425
555
179
759
534
66
261
748
693
135
423
176
18
241
229
271
430
678
116
59
147
509
4
396
205
544
343
216
184
233
746
382
386
302
439
682
551
405
424
346
709
482
22
384
700
630
512
575
481
561
315
756
640
369
114
542
314
24
172
151
286
679
244
293
31
385
528
525
26
677
533
466
631
714
252
491
7
772
255
731
258
215
684
527
211
395
217
220
486
478
111
463
456
547
301
177
83
262
354
412
317
322
356
232
407
190
442
300
243
383
513
174
14
517
775
381
480
454
379
511
488
219
326
725
253
285
435
146
196
409
295
695
452
316
465
209
202
681
455
327
297
148
738
387
192
191
366
298
313
352
408
411
504
175
500
340
132
484
325
776
296
341
15
228
336
603
380
562
323
353
331
770
170
514
483
531
357
515
351
745
324
81
410
355
464
282
559
485
752
506
584
516
735
199
437
299
737
80
774
308
388
171
254
200
257
448
338
144
736
742
705
771
329
474
328
503
502
447
501
733
391
390
361
226
330
368
751
358
530
198
359
389
417
475
734
697
360
419
586
558
446
418
