622
433
465
653
401
654
369
685
687
652
686
718
432
402
464
590
371
720
621
370
717
719
688
471
339
684
657
751
689
503
623
651
466
750
400
336
620
497
368
470
690
619
403
338
467
468
438
655
334
335
683
722
372
337
340
439
434
721
755
404
425
502
752
656
436
424
431
469
499
435
307
749
498
691
723
587
463
658
302
716
885
457
659
756
456
437
393
392
301
305
405
753
853
852
660
754
20
306
367
366
583
725
650
186
783
184
724
791
360
535
787
886
726
776
24
21
19
782
23
472
748
415
648
430
1008
618
917
383
941
212
823
757
123
908
303
387
378
909
591
715
440
381
500
178
185
349
269
822
308
53
327
519
382
940
666
323
647
43
39
109
855
111
487
615
365
173
824
192
268
333
267
825
446
550
912
274
76
84
602
121
345
377
887
59
551
52
496
972
211
982
124
949
856
7
8
918
11
40
83
51
775
423
122
407
117
410
187
418
26
304
884
172
160
883
25
391
511
649
794
79
213
154
27
289
950
420
181
295
300
313
762
71
45
131
128
219
515
13
361
795
174
711
205
451
983
6
399
256
206
857
238
110
293
784
481
204
984
1016
161
351
899
33
28
933
1015
831
786
294
264
774
299
971
419
270
60
485
126
504
478
919
275
450
624
328
801
454
324
931
743
1007
542
290
667
930
932
341
948
916
346
77
676
10
937
703
964
641
579
350
682
968
981
99
710
218
959
763
159
731
673
833
175
320
698
989
16
777
483
31
203
928
671
517
827
225
694
207
224
601
900
808
63
806
915
773
484
800
864
100
506
516
832
32
4
704
538
12
348
1002
359
702
975
934
288
263
326
904
730
513
188
47
171
980
237
973
969
150
547
226
670
799
444
373
951
866
414
797
796
479
926
292
262
243
640
736
838
1013
127
182
769
991
199
549
865
544
112
155
214
229
672
956
512
952
164
929
261
442
61
281
233
137
1011
223
859
985
70
936
282
699
130
927
643
858
216
988
764
14
891
271
30
767
586
445
510
734
449
888
1014
639
162
125
1
140
860
94
143
177
41
828
830
153
9
541
1017
634
898
935
958
965
990
545
570
452
543
518
142
642
901
741
236
255
768
829
896
482
480
291
905
18
101
826
588
413
890
227
939
709
902
897
1004
700
421
589
733
314
242
580
44
129
257
645
803
546
244
252
250
249
995
64
921
967
447
265
576
72
732
1012
924
708
220
785
922
254
548
635
638
317
957
863
668
966
970
805
514
298
253
62
870
222
251
889
920
872
577
611
156
867
190
276
163
1005
871
894
509
195
876
231
135
193
232
834
228
923
158
1001
501
954
386
196
475
963
409
835
907
607
169
772
230
151
637
139
612
1021
198
296
770
735
197
539
807
96
606
925
675
507
861
297
248
953
747
868
1003
781
167
765
869
892
669
152
942
737
42
738
22
802
961
636
893
962
771
319
259
911
839
862
903
836
705
235
180
245
202
217
58
613
914
678
742
1022
260
141
979
706
644
605
157
5
955
91
1023
938
168
234
170
707
581
417
280
176
215
286
287
239
578
241
145
701
766
987
609
406
895
571
882
854
194
138
69
739
840
837
283
144
285
804
0
92
986
46
582
947
960
677
603
247
486
258
165
674
740
600
1018
798
604
416
148
73
996
358
608
344
266
692
1000
1020
35
574
221
93
873
201
38
209
575
477
790
353
246
573
273
95
380
572
610
455
312
105
189
78
37
279
508
999
29
191
453
108
284
1006
74
36
994
388
476
325
906
65
809
210
208
488
67
107
120
34
540
646
697
398
66
166
17
1019
277
355
2
411
136
133
272
443
132
974
998
80
200
330
179
997
85
68
758
993
316
318
680
616
352
106
408
102
82
115
474
278
992
614
448
536
851
15
821
385
113
75
841
426
3
54
714
240
134
462
793
329
943
505
104
354
315
534
48
412
1010
422
810
379
820
679
183
97
321
978
50
913
976
874
629
146
309
56
149
356
625
567
665
745
103
322
780
628
778
729
49
760
116
357
57
376
744
489
390
389
114
681
788
98
89
90
88
632
441
384
147
877
880
712
779
881
944
119
633
87
473
792
910
311
599
759
761
693
875
86
584
310
627
1009
568
617
850
537
81
811
55
946
347
397
332
118
554
945
569
812
815
746
842
813
819
555
663
552
977
814
375
626
789
713
695
520
343
727
844
342
631
845
818
458
374
662
394
661
521
331
843
664
816
846
879
429
630
817
558
362
490
531
585
598
553
728
878
849
696
566
522
597
396
592
557
364
556
848
533
530
529
427
532
847
596
495
428
459
565
564
363
395
593
528
461
595
523
561
594
560
563
460
491
559
562
494
524
525
526
493
492
527
