46
47
473
48
167
445
66
67
35
697
38
732
224
63
60
139
87
637
619
611
422
51
397
387
79
365
59
62
68
647
50
64
478
34
65
416
501
49
45
420
73
429
107
61
423
392
75
172
591
399
166
321
685
428
77
110
322
36
427
223
78
425
614
725
374
135
103
398
179
13
350
529
702
208
88
41
648
76
665
703
610
163
360
386
401
593
564
561
444
372
236
58
159
553
646
180
657
157
373
454
565
293
655
426
686
370
638
511
195
158
527
455
563
161
536
470
456
554
91
396
33
562
37
191
102
508
336
14
483
400
656
643
615
443
731
699
124
415
756
160
414
220
447
39
116
612
388
371
22
226
499
664
417
190
18
52
740
757
15
755
345
119
644
7
476
5
729
156
29
537
121
0
472
175
19
645
453
471
11
218
93
509
111
405
498
704
32
759
726
1
201
344
149
618
489
309
481
526
780
31
482
85
531
200
56
140
728
25
53
84
589
203
419
6
461
442
424
677
118
734
308
283
