493
492
461
460
524
525
624
592
560
494
618
623
630
429
662
617
527
559
491
598
585
428
655
591
650
397
526
395
523
396
528
631
363
405
364
495
404
406
311
426
459
436
599
728
724
458
462
994
427
723
558
663
437
992
435
586
331
651
654
490
843
374
246
403
1006
365
372
279
278
430
679
993
390
332
761
371
848
422
711
597
622
240
869
343
486
342
872
394
754
842
785
870
468
729
792
310
743
245
312
974
373
593
847
760
661
556
844
878
627
692
557
793
265
489
247
266
1018
817
453
207
518
297
649
755
960
438
998
997
596
821
180
277
979
646
628
837
271
455
629
981
574
678
871
179
284
712
619
816
693
147
234
398
625
474
809
756
347
595
946
239
487
635
362
296
996
411
316
520
845
375
653
443
975
849
1007
488
15
815
696
57
1019
910
286
214
841
3
85
168
875
552
573
569
959
221
149
877
379
244
667
384
213
318
469
874
322
89
675
162
707
916
766
725
826
348
798
978
786
949
603
358
605
606
846
543
505
876
473
1009
357
986
955
710
575
380
839
668
744
359
321
148
272
644
677
938
175
132
636
838
90
283
309
389
103
962
611
680
116
626
201
192
868
945
701
115
4
84
74
906
134
118
189
804
52
637
105
765
136
104
948
578
181
25
830
315
448
943
253
840
510
67
12
825
514
0
353
97
117
478
922
867
604
55
705
106
414
34
176
858
740
194
285
939
141
191
879
555
927
73
224
157
291
987
47
58
235
991
352
421
138
700
287
506
142
990
638
88
200
822
537
829
924
167
252
65
771
423
957
907
976
48
135
29
222
86
256
91
697
227
68
354
174
75
26
479
608
549
670
130
669
169
913
643
434
143
674
656
46
288
610
980
77
159
925
133
280
226
139
202
44
193
953
737
378
977
161
166
477
300
413
731
95
645
890
613
854
568
973
732
1022
704
806
158
258
215
49
356
538
153
1005
482
889
325
83
873
254
59
857
82
16
664
320
958
416
772
248
706
742
513
861
672
259
72
739
545
154
170
836
45
733
324
225
233
121
544
790
449
51
36
805
190
61
709
66
770
35
220
775
708
317
146
895
319
609
441
156
447
43
476
607
355
17
208
160
735
923
98
961
1023
402
519
572
483
140
412
954
576
255
137
54
794
894
108
122
546
107
970
446
350
60
908
496
738
926
484
695
13
947
163
863
323
788
195
1010
944
950
290
541
914
62
581
120
859
129
673
94
892
956
642
144
273
203
584
303
199
385
862
767
893
188
512
182
56
114
835
699
891
734
542
79
810
886
481
452
11
450
260
40
509
702
50
517
888
69
2
261
351
9
78
126
217
577
539
125
346
119
818
417
155
698
92
796
773
963
113
5
127
451
232
14
109
803
41
63
410
540
87
634
551
652
614
485
475
381
183
93
27
444
442
768
18
480
30
112
850
329
774
7
915
70
911
515
53
571
251
38
81
579
445
919
102
28
799
257
902
454
580
20
42
96
807
37
198
151
32
647
797
769
21
71
292
110
887
33
22
80
802
763
230
196
971
165
921
1003
641
171
639
508
187
131
764
237
388
231
281
967
128
229
730
612
314
152
64
6
900
24
344
566
185
387
223
681
1012
173
920
100
828
985
682
341
898
917
676
236
800
912
789
250
855
856
111
382
587
834
550
736
1020
811
19
293
553
76
823
582
349
860
881
936
951
905
901
784
39
419
1
547
896
249
965
418
8
988
386
219
150
928
918
391
172
808
330
206
186
383
640
99
212
164
101
511
548
123
1015
270
10
326
801
23
741
184
827
218
831
289
671
304
313
903
616
909
942
932
1008
31
282
904
507
457
197
570
1014
327
124
833
333
940
882
145
952
205
177
941
1001
328
565
929
832
1017
982
415
820
897
660
216
228
501
995
263
787
294
814
703
762
880
813
884
937
516
262
713
295
264
238
795
866
824
776
1011
298
456
536
930
561
659
983
694
666
972
241
420
966
989
999
969
204
865
276
791
632
968
899
463
883
1002
308
600
425
299
409
984
964
211
648
685
1000
757
665
885
1021
594
178
934
819
864
1004
243
407
305
1013
408
615
376
691
1016
601
470
778
306
302
851
633
504
753
440
779
931
529
722
377
853
209
583
812
727
345
933
567
370
602
686
777
393
301
268
267
269
274
467
275
852
745
620
759
554
780
746
439
782
472
242
521
935
533
424
783
210
360
658
758
714
340
715
588
361
683
781
522
684
466
726
497
392
747
307
338
500
590
748
431
471
339
502
562
752
534
465
498
749
337
716
563
464
564
532
334
535
366
721
401
433
687
503
621
690
530
499
657
751
717
336
750
335
399
718
589
689
369
531
432
367
688
719
368
720
400
