463
431
399
589
464
398
432
497
658
690
465
659
430
496
691
495
428
660
684
462
367
427
692
368
433
396
621
809
626
397
400
1002
661
336
337
689
777
776
716
1001
693
529
395
498
434
1003
466
683
335
338
629
501
393
745
717
530
744
783
366
392
533
657
240
750
746
429
749
715
435
394
713
652
426
362
714
880
782
977
500
184
847
468
751
748
239
747
369
588
971
339
779
361
304
425
784
733
305
879
467
303
565
603
778
334
241
208
436
216
271
340
878
183
816
945
344
848
604
849
538
682
272
594
572
562
764
845
969
775
627
72
300
125
209
1016
701
1009
620
424
302
712
78
306
888
765
101
743
1017
720
817
781
420
68
330
719
602
853
846
456
881
814
102
681
360
403
404
688
439
957
80
152
685
71
869
39
79
984
852
573
452
944
812
780
124
985
976
885
710
827
835
69
70
93
215
150
190
808
577
244
242
22
249
207
329
737
151
81
309
610
569
446
65
612
803
983
285
270
313
314
282
988
315
718
165
484
1004
407
702
736
232
345
913
873
100
177
628
946
94
877
937
935
583
516
307
191
371
388
123
176
171
987
155
10
67
359
815
36
321
548
46
662
30
642
830
919
418
273
804
978
111
333
258
700
66
785
912
483
768
290
997
677
105
608
376
545
609
262
415
389
1000
92
274
112
574
630
172
222
941
200
1008
951
226
884
12
834
537
73
331
667
266
353
364
38
641
217
605
952
886
13
201
801
894
726
818
636
990
121
832
601
455
210
797
254
243
936
796
519
635
866
228
211
61
802
954
813
665
126
883
828
965
438
298
296
666
763
196
487
640
419
546
986
698
505
59
837
1018
421
829
1015
876
1019
325
674
326
752
40
923
644
130
114
699
370
633
882
142
286
762
204
551
506
819
844
909
514
800
580
223
943
98
346
250
2
406
903
999
265
668
836
910
385
673
391
97
280
35
678
365
195
942
33
297
328
411
478
520
508
259
103
188
386
187
482
898
357
911
865
896
279
706
897
704
301
927
584
62
864
27
91
966
11
110
133
469
958
956
994
477
860
381
859
874
119
90
29
457
154
843
294
488
21
120
277
1022
363
131
925
820
167
37
332
998
412
281
696
863
939
312
968
23
905
918
248
129
115
950
257
576
851
145
871
327
709
41
850
982
578
144
380
203
278
299
707
989
933
472
316
34
7
924
354
341
175
634
893
76
805
938
53
322
186
867
9
377
798
854
417
515
233
19
260
104
185
45
995
261
289
742
293
88
77
471
887
74
922
940
908
539
143
731
769
861
197
347
308
318
1
540
132
901
60
862
82
192
170
1020
8
14
972
174
547
1023
402
963
383
358
680
443
868
947
730
448
1021
295
140
166
727
721
194
921
28
992
738
970
317
513
122
149
158
235
263
224
54
234
485
892
47
842
202
607
0
705
445
934
479
218
189
164
453
255
283
450
579
213
534
287
664
153
351
24
960
238
517
643
245
356
549
679
920
138
895
711
212
499
182
384
996
914
770
772
906
481
904
732
930
669
87
615
162
229
795
56
967
179
227
237
408
902
833
268
141
991
99
676
964
89
390
148
953
568
169
288
113
786
311
43
900
581
512
256
981
116
915
416
645
5
451
840
139
387
20
319
518
26
422
236
251
961
959
413
147
50
246
178
993
932
163
980
480
225
231
109
1014
504
198
811
423
1010
58
475
773
348
206
157
858
570
193
106
872
949
409
275
875
161
173
51
962
264
96
95
979
375
606
135
64
926
444
672
810
632
899
136
276
948
440
789
83
63
75
253
146
541
437
931
49
807
929
697
741
740
180
758
324
675
571
401
382
181
55
379
108
611
973
841
838
219
292
247
1012
735
907
205
32
85
486
728
771
544
349
975
1013
52
159
86
542
355
552
788
350
670
214
597
343
291
806
42
84
637
509
373
107
284
137
955
476
128
310
57
708
614
230
18
759
252
694
790
473
550
536
928
6
31
449
118
269
44
414
616
374
891
48
454
766
974
1007
267
199
739
507
582
221
156
890
3
25
1011
839
916
134
127
648
474
441
638
117
831
695
342
826
787
320
405
323
168
613
4
566
757
352
917
503
447
220
774
767
378
799
649
647
1005
160
15
410
553
510
1006
870
458
821
729
489
600
734
794
598
722
521
511
532
646
442
502
543
889
372
590
857
585
17
470
528
575
725
822
651
16
663
671
617
723
823
855
753
703
564
650
761
459
653
687
760
639
756
631
856
561
461
531
791
625
754
494
724
686
825
755
567
563
599
586
793
824
535
618
595
554
557
460
490
622
587
596
619
792
522
593
527
558
654
656
555
559
560
556
526
591
655
491
493
623
523
624
592
492
525
524
