501
360
551
503
476
859
866
762
828
197
96
972
736
737
71
39
421
190
112
386
676
189
933
35
475
228
775
778
473
18
764
713
248
706
810
131
283
639
427
17
49
888
98
276
511
259
508
928
698
735
709
446
672
205
832
425
445
864
290
507
261
700
531
38
252
943
902
650
124
853
383
536
731
983
122
470
745
418
542
935
615
47
242
823
673
500
747
782
807
426
516
931
796
980
641
703
63
31
315
48
583
984
781
819
801
419
704
897
746
640
462
139
237
979
204
16
407
393
693
80
759
883
982
230
934
912
439
471
768
440
298
236
974
309
671
791
795
941
809
689
346
338
973
627
395
969
1012
930
820
882
911
751
1014
1011
748
899
726
275
504
750
694
336
777
342
361
763
396
1016
1001
499
268
397
942
398
306
661
472
914
850
267
496
852
329
370
776
687
394
686
331
808
1013
714
720
362
719
300
274
688
749
299
1004
438
330
269
363
865
851
430
1005
1015
374
332
463
660
302
594
654
371
364
366
399
406
369
718
335
651
308
715
301
682
333
437
622
367
530
498
368
469
365
339
334
657
653
431
436
562
717
468
652
404
400
307
341
405
685
529
659
716
497
435
464
373
403
593
372
340
625
683
432
561
684
658
467
401
402
626
434
433
466
465
