590
474
197
670
446
362
171
618
96
283
646
390
477
676
696
449
418
114
647
115
311
505
675
143
705
306
169
557
531
44
472
589
708
473
89
450
563
334
335
221
421
648
447
706
305
137
363
535
591
80
256
566
92
678
95
529
81
118
702
707
117
282
43
558
391
170
109
361
130
144
556
251
471
222
726
712
744
564
333
91
710
165
507
74
72
693
724
451
668
350
475
199
138
779
583
145
94
506
669
444
123
388
709
704
651
228
279
193
559
502
698
745
174
86
610
127
255
741
389
125
249
425
713
254
268
124
443
614
748
113
528
98
525
619
747
316
682
119
90
142
650
162
567
307
679
733
653
99
288
743
201
126
611
243
767
470
377
176
97
711
681
202
746
448
108
424
753
565
100
452
274
697
717
194
372
592
580
393
718
749
120
478
642
344
441
719
378
714
186
396
738
346
267
173
654
93
76
503
728
323
16
56
128
192
104
223
272
122
430
677
617
536
310
216
652
177
499
673
348
581
683
766
674
538
172
289
649
509
440
42
300
230
296
582
14
147
299
636
604
469
742
246
551
239
198
302
498
71
479
537
158
680
671
639
237
594
684
415
345
554
497
716
442
404
399
553
1
663
765
437
236
520
630
595
571
782
25
200
373
205
758
459
588
715
730
163
150
156
376
287
777
667
510
244
82
55
295
257
700
720
315
284
188
148
131
343
463
322
573
238
757
160
226
30
121
623
552
301
141
634
701
598
768
22
4
406
73
540
754
31
260
371
349
408
149
596
232
629
84
353
134
685
626
367
26
185
628
783
624
549
328
206
414
250
203
526
740
258
24
380
737
501
735
352
576
29
225
15
480
759
189
18
555
7
65
229
8
695
527
324
286
519
562
752
146
419
584
616
17
351
330
385
384
227
338
734
622
621
770
771
83
70
491
132
545
329
379
736
175
775
417
530
454
586
331
511
488
69
67
518
358
68
751
360
359
