746
398
288
177
567
633
103
637
605
688
685
243
163
230
741
568
215
679
569
408
518
353
379
298
547
425
23
271
247
522
602
467
208
440
485
100
159
126
544
158
330
672
146
659
302
129
181
155
188
221
438
161
624
435
6
487
656
519
24
285
132
381
576
718
187
3
384
213
542
413
326
403
574
781
255
466
461
9
21
468
486
218
596
492
182
606
244
727
437
613
635
453
424
674
85
160
767
261
592
511
577
214
168
233
491
582
719
483
476
649
20
327
52
260
266
300
573
684
764
411
459
205
206
140
499
328
537
211
275
532
463
340
101
131
634
665
516
625
752
121
102
164
112
357
628
185
77
540
517
7
175
28
638
303
626
599
54
645
465
231
462
258
27
661
654
627
520
481
2
111
57
385
339
598
376
301
0
42
538
272
652
608
234
729
179
600
439
436
75
755
79
284
667
313
196
687
639
249
33
604
32
597
756
364
686
548
644
402
629
770
454
780
490
772
216
428
274
105
720
246
316
452
354
299
290
464
148
619
149
496
395
37
204
410
178
289
305
609
539
294
240
620
423
150
400
666
375
699
500
430
58
456
265
343
162
691
349
156
227
401
64
762
61
695
541
331
763
510
286
348
572
429
399
488
130
694
743
482
358
751
127
365
690
549
128
319
346
489
166
51
615
317
172
750
360
66
220
427
587
293
373
509
593
771
259
291
585
422
768
292
366
643
387
769
732
224
445
677
642
392
725
416
12
281
534
139
78
308
277
321
59
774
106
36
344
60
374
13
110
87
372
722
740
345
318
721
386
309
320
731
347
332
49
45
336
34
533
50
359
561
723
88
420
116
38
371
773
62
167
35
304
135
107
41
40
39
394
248
47
63
48
276
703
46
