418
474
391
446
473
697
475
447
501
419
171
529
198
590
65
702
226
528
390
80
584
67
696
170
558
417
557
531
389
503
451
89
618
66
583
115
91
646
614
726
555
139
195
68
361
556
388
564
478
611
527
698
14
360
81
445
479
591
143
340
586
734
554
144
452
507
523
472
563
44
732
142
619
225
485
693
612
706
165
15
553
559
471
454
118
733
93
509
525
685
502
377
566
580
425
581
200
448
457
355
64
354
100
95
483
735
748
668
695
286
282
508
450
254
98
602
574
537
114
565
199
667
76
96
404
99
736
184
526
358
763
500
752
751
511
589
522
549
97
228
205
705
484
22
567
453
79
77
542
410
92
582
405
403
313
328
629
651
539
7
524
330
573
383
167
759
8
728
19
737
624
176
742
738
196
6
535
53
83
0
482
175
424
481
25
521
494
441
725
754
261
520
172
731
442
359
430
455
506
657
499
326
601
349
232
699
771
102
174
61
412
202
679
561
776
376
402
428
213
429
299
489
462
287
461
456
375
289
615
401
300
336
374
774
677
318
443
137
338
135
220
