511
501
777
137
401
346
183
410
484
154
568
291
599
614
465
572
598
629
399
500
356
416
657
316
179
689
190
498
149
539
523
263
626
56
274
289
59
347
210
457
453
668
720
383
300
482
551
214
520
25
329
400
454
369
233
32
213
430
168
494
524
153
204
317
85
6
180
438
181
125
483
696
234
579
589
206
497
354
423
600
492
427
628
543
658
481
625
22
284
694
728
571
297
780
522
321
184
18
0
540
654
1
265
355
211
632
413
573
243
659
156
320
294
661
109
455
385
382
495
546
10
244
327
496
624
644
541
701
464
519
151
655
374
567
719
261
716
14
169
247
633
755
526
264
414
187
699
685
17
593
563
288
136
604
318
319
112
724
682
623
544
262
542
545
101
207
315
217
322
645
19
28
386
57
674
698
235
574
236
2
21
375
130
5
486
686
182
757
478
727
218
188
343
731
669
44
129
124
152
681
426
208
371
52
150
402
493
411
683
348
726
260
512
521
660
715
3
398
314
634
606
491
162
463
710
242
687
713
23
33
741
341
54
753
566
684
431
275
537
241
653
420
564
326
466
147
471
622
439
467
331
344
238
458
209
441
469
312
298
8
456
662
293
164
505
509
239
103
516
783
488
538
552
240
436
276
271
39
157
594
266
404
460
510
123
692
303
378
268
648
350
499
508
248
587
121
763
163
128
666
387
635
717
553
113
461
119
607
328
40
120
267
609
220
158
299
406
359
529
58
688
403
412
364
652
618
702
269
595
191
507
616
379
304
536
449
557
333
468
270
690
638
527
663
106
691
487
105
160
581
99
554
61
472
43
12
636
459
159
306
161
392
365
665
100
98
405
102
95
608
580
434
221
664
479
377
13
440
462
192
732
142
695
422
197
432
376
138
332
584
610
349
637
620
360
89
41
647
433
451
582
108
450
165
723
167
277
592
670
45
590
646
60
139
104
583
122
528
49
555
96
224
93
79
87
62
445
65
253
34
94
97
110
667
63
591
36
619
639
611
77
556
88
92
249
51
278
73
107
35
773
76
74
504
69
642
473
50
75
366
251
334
70
195
68
37
223
78
64
91
250
38
193
166
90
72
47
48
66
71
46
67
