248
277
276
334
249
278
304
250
642
193
107
40
332
88
41
742
723
746
745
251
39
221
741
78
37
38
136
166
46
48
50
90
738
110
47
63
62
587
331
639
769
341
743
709
724
306
138
106
744
284
770
717
36
315
34
35
722
45
713
534
707
369
247
303
739
220
333
667
49
312
71
343
585
342
281
703
253
359
137
685
371
12
223
368
768
305
767
42
13
108
533
362
165
764
708
747
297
710
763
641
712
761
64
674
737
69
582
716
771
91
684
43
123
715
339
556
652
192
753
72
116
420
592
718
219
180
194
195
87
706
670
322
370
122
51
335
686
367
762
357
656
386
620
731
604
340
532
392
135
657
666
766
721
719
94
588
356
275
555
520
449
457
150
92
152
695
750
394
321
483
682
760
230
773
680
608
288
714
668
752
490
70
252
765
153
151
191
499
398
316
519
132
314
89
349
360
687
224
683
622
480
287
54
222
364
27
484
669
772
491
113
505
120
654
77
460
653
477
456
121
294
675
60
179
546
147
464
313
463
576
518
616
23
57
455
694
539
735
778
619
751
296
583
112
485
58
156
376
774
486
548
3
384
630
435
479
422
96
289
566
500
126
280
672
613
241
21
260
298
609
541
627
168
547
93
44
324
273
780
383
720
66
658
482
638
437
461
511
307
617
700
95
711
454
270
679
97
647
2
197
146
692
727
528
20
776
61
775
393
462
229
749
395
421
748
552
428
628
561
736
73
655
459
119
385
8
208
149
124
154
145
269
701
164
32
127
344
6
645
139
272
299
167
492
10
699
626
413
301
158
268
28
409
352
777
52
543
33
488
82
181
238
79
574
573
264
358
542
255
215
404
649
575
148
234
348
603
754
365
140
636
436
381
516
429
643
584
206
629
327
239
9
689
644
74
271
465
554
755
100
399
783
99
216
403
309
602
782
196
274
131
487
512
632
593
758
85
569
577
662
366
98
76
337
781
177
243
445
204
103
17
354
623
245
681
141
665
4
227
458
427
526
664
189
75
597
599
109
328
431
377
606
355
493
549
634
521
218
302
560
258
240
262
551
242
640
363
740
570
430
407
209
295
471
387
0
24
267
527
489
111
572
286
382
5
601
605
101
1
598
235
217
19
246
481
624
402
635
176
438
155
263
476
663
125
374
615
408
236
536
397
157
161
730
329
375
361
178
175
650
515
159
596
190
416
84
326
729
443
581
380
182
53
213
259
600
524
580
400
410
231
659
610
568
567
115
232
16
544
163
317
300
56
325
210
205
537
725
207
426
401
244
591
30
233
472
31
540
169
117
265
86
756
350
611
261
495
497
266
607
757
26
434
633
688
162
83
509
510
396
514
133
671
453
7
553
728
414
214
504
129
186
323
18
372
631
285
538
11
496
507
452
732
673
625
134
759
130
25
187
225
517
578
55
173
648
184
160
433
513
290
494
29
188
432
211
621
411
102
423
424
212
550
67
203
498
378
128
22
594
571
174
310
439
508
412
545
353
68
535
415
373
293
330
467
237
351
451
406
201
441
311
525
579
440
779
660
379
202
142
346
279
661
691
308
143
114
562
15
172
291
144
320
14
336
448
586
257
503
473
388
733
502
530
390
702
200
557
81
389
65
228
506
734
199
254
170
529
417
478
559
80
501
558
171
419
226
391
198
697
