65
259
287
260
261
289
249
290
234
291
315
221
716
288
285
675
366
408
235
236
232
286
233
316
258
292
265
262
263
74
314
686
92
257
774
721
772
685
264
317
237
306
687
683
380
409
660
72
502
284
165
242
192
740
659
615
220
75
773
743
243
231
658
334
688
739
38
381
67
266
684
293
742
449
222
354
671
194
768
503
68
560
250
353
677
676
505
200
36
341
311
760
712
169
450
463
244
682
204
657
746
761
562
588
474
545
736
4
382
39
477
745
533
436
395
82
561
592
432
206
355
418
499
208
698
229
782
254
652
681
377
479
339
435
352
557
460
464
205
689
765
544
680
40
690
25
216
445
451
58
318
410
193
713
170
278
556
572
661
528
758
245
340
282
294
653
711
272
587
207
238
654
770
669
356
558
526
270
279
491
166
367
228
273
600
214
769
271
215
217
168
224
753
527
507
230
362
183
535
129
662
390
646
321
506
139
573
501
709
534
23
333
37
679
203
563
133
325
106
307
313
701
492
696
752
717
529
43
446
361
383
630
710
81
16
471
497
274
389
197
384
252
417
256
268
319
52
655
349
500
650
17
209
246
3
280
438
157
624
160
248
335
239
227
411
146
476
47
326
195
708
118
725
57
473
437
85
749
780
299
104
613
626
623
714
487
300
184
105
50
141
28
103
663
301
585
601
554
69
488
135
180
622
775
405
281
724
645
519
364
779
42
672
715
555
524
525
188
518
46
751
225
728
508
143
115
312
631
718
496
182
648
337
298
627
138
161
327
490
186
113
54
691
269
14
10
131
625
465
201
443
632
404
218
27
546
706
551
767
641
523
651
620
703
738
731
132
596
163
574
277
762
470
633
185
629
202
735
422
176
32
365
522
619
771
329
267
590
8
628
363
324
102
71
504
602
21
181
472
297
521
494
189
302
439
493
766
634
498
459
744
187
158
595
733
2
296
240
44
643
412
597
20
781
295
452
552
93
134
692
520
241
119
48
704
179
322
407
336
130
763
495
419
664
594
177
385
1
548
734
586
466
547
110
764
100
550
162
579
73
34
599
416
447
136
101
413
707
56
156
11
678
22
178
515
726
759
159
376
442
415
444
164
635
213
86
87
344
128
603
30
226
536
423
94
593
516
697
59
549
76
700
559
99
345
469
598
553
198
565
253
392
350
582
49
24
212
564
191
414
537
393
517
441
636
730
175
468
431
152
575
275
26
276
369
174
330
531
750
618
343
114
70
604
581
95
425
98
783
642
210
64
607
702
567
127
440
589
120
424
84
304
342
125
609
153
748
15
126
96
578
112
29
606
303
394
665
729
31
173
580
338
481
5
649
608
219
116
478
147
741
66
610
9
196
331
79
397
90
308
755
155
403
475
60
705
605
539
776
467
583
33
448
140
747
577
77
480
63
55
617
754
388
97
614
247
41
45
616
111
149
756
372
666
124
693
621
637
121
310
305
211
346
154
483
778
332
18
148
255
360
0
190
737
373
420
674
644
568
62
576
722
137
83
283
699
88
61
402
368
7
396
720
509
485
510
611
639
667
426
584
719
309
453
732
638
117
482
401
89
78
511
694
80
357
532
359
569
167
540
566
727
391
484
486
6
387
142
151
13
512
123
570
541
53
723
172
171
656
251
145
513
150
399
122
19
462
35
400
91
612
673
514
640
530
199
223
144
542
538
668
348
433
757
427
571
108
320
695
12
51
328
109
358
591
428
374
107
421
670
777
398
375
457
430
386
454
489
458
455
347
429
647
456
371
543
461
379
434
370
323
406
378
351
