240
239
817
186
816
154
188
927
238
565
194
691
652
991
686
870
648
48
992
271
653
900
872
702
611
818
815
82
197
925
392
669
546
629
1010
959
167
577
218
784
960
928
899
609
199
272
569
510
1023
533
249
440
384
537
786
505
273
921
469
785
962
766
230
616
826
27
153
437
787
932
348
481
733
29
198
360
838
946
83
424
254
196
637
152
408
597
489
765
961
155
901
514
896
487
578
907
788
798
455
91
2
458
457
654
621
623
859
837
73
839
642
523
674
675
803
49
918
660
724
831
830
692
659
696
456
434
317
130
990
783
407
225
480
376
44
819
756
241
151
252
439
971
685
61
939
871
707
690
93
598
261
501
473
466
124
43
224
551
585
893
291
59
919
207
673
251
187
79
583
701
619
904
576
226
269
86
488
994
270
545
110
77
52
732
902
774
131
3
250
710
513
0
782
566
520
100
282
391
76
891
1011
617
538
829
888
375
631
1002
522
945
41
166
972
678
881
797
111
183
951
743
740
121
99
402
1018
304
471
227
620
482
1009
109
711
646
208
322
345
175
869
584
305
128
54
599
541
192
511
423
318
680
670
802
327
977
840
25
789
479
645
856
770
506
359
639
303
10
237
957
664
933
470
591
47
326
354
737
253
11
658
447
641
849
630
835
550
328
350
344
975
179
281
858
570
468
908
490
804
877
219
729
622
502
677
534
87
894
876
524
761
672
875
679
579
581
9
182
404
28
663
773
632
206
50
882
649
914
978
895
661
459
171
843
30
825
313
518
635
909
517
148
986
1019
493
699
235
149
618
814
644
449
1003
209
601
684
195
142
552
478
1006
212
790
848
1007
60
169
742
820
390
794
700
739
857
521
358
780
886
176
844
885
850
571
366
143
926
560
426
425
122
813
887
698
164
712
985
170
181
771
983
547
845
421
412
655
970
185
958
472
371
236
755
264
548
163
580
976
262
438
651
582
757
567
822
397
92
913
174
600
263
454
370
117
949
697
141
204
915
806
294
586
21
508
1016
486
801
168
485
200
544
210
842
614
180
7
728
353
215
433
382
613
203
834
549
211
398
667
539
880
852
647
873
114
302
214
989
229
32
312
244
90
314
706
922
377
676
760
988
234
159
201
146
828
66
97
874
365
297
722
615
884
286
232
775
94
846
452
125
987
979
791
177
401
465
410
474
793
256
612
916
610
389
604
325
841
213
119
592
323
139
53
515
668
931
662
984
296
178
917
74
386
287
519
145
202
851
811
293
173
55
444
626
864
572
867
217
147
665
484
693
792
777
812
982
5
223
266
938
744
416
855
243
575
205
379
734
443
4
1021
231
980
453
15
767
106
808
442
388
883
1020
912
955
981
245
963
233
242
255
666
745
172
627
1017
650
193
422
809
378
920
346
516
821
372
910
731
643
776
853
35
257
72
1000
930
140
420
274
451
934
878
636
602
132
8
536
540
999
413
394
862
414
634
441
847
409
393
89
316
762
879
113
295
476
133
525
288
85
343
713
824
810
277
1008
861
603
311
671
144
633
246
997
265
1015
763
248
709
64
1012
33
364
995
703
823
1001
953
854
417
969
941
940
507
363
104
150
319
406
162
998
357
730
75
759
95
356
65
268
136
380
258
943
396
1
300
683
278
280
735
108
387
165
290
36
460
411
923
276
568
736
415
640
497
681
948
542
695
405
906
964
105
687
101
430
781
349
779
475
605
427
285
158
362
80
483
16
19
247
78
116
836
123
974
758
81
301
428
20
512
40
504
120
355
42
1022
45
347
606
892
320
373
799
221
911
228
608
112
51
832
954
284
403
944
84
638
628
279
573
103
156
6
383
868
138
973
543
381
753
1004
399
98
71
704
467
796
529
590
950
778
772
754
738
216
929
395
553
535
118
222
419
494
126
315
751
968
833
1013
62
625
594
70
965
498
306
903
324
14
12
310
88
718
805
993
127
561
937
559
947
292
898
283
727
157
189
17
966
352
558
574
267
46
461
26
503
96
717
1005
436
725
807
338
135
429
526
723
369
34
562
462
593
1014
31
184
657
450
708
400
329
769
764
924
191
890
750
860
190
866
367
68
56
935
897
67
299
795
530
57
554
889
865
361
129
333
446
38
289
22
656
335
339
705
492
936
749
63
37
309
18
334
741
682
23
259
716
220
137
321
69
996
115
24
134
418
275
107
102
432
607
905
385
827
445
435
768
39
555
863
160
340
752
726
491
746
624
337
747
332
587
956
161
260
351
748
448
715
719
331
800
298
336
528
307
58
368
13
588
942
527
374
967
308
952
688
714
431
694
330
721
477
509
342
689
500
341
499
556
557
720
564
464
589
596
496
532
595
563
531
463
495
