750
55
273
742
325
308
391
730
642
280
386
673
686
776
749
726
192
339
574
141
535
84
87
33
247
739
674
576
16
614
41
447
700
22
116
53
274
740
487
338
295
224
117
4
655
51
304
668
503
746
25
474
615
307
271
745
118
782
277
773
658
534
146
43
755
305
276
367
656
676
451
657
297
560
561
736
660
268
395
507
698
659
402
588
696
58
390
262
760
298
165
769
82
774
770
669
646
282
701
758
761
558
361
613
299
169
502
505
671
457
533
506
449
765
250
244
768
477
289
279
772
243
222
323
270
418
296
242
562
362
429
269
430
334
450
486
675
458
306
