253
750
574
721
216
297
406
372
440
236
535
235
411
271
407
55
217
244
257
215
341
628
232
506
366
356
490
754
298
769
562
134
519
775
4
370
261
270
405
560
704
84
492
374
399
684
184
206
547
400
330
383
258
299
176
243
643
463
709
439
245
109
172
379
322
602
116
268
650
294
53
521
194
16
685
657
317
367
626
290
438
335
462
285
385
329
430
658
344
296
263
168
6
681
480
82
671
9
470
683
371
711
774
200
654
653
495
269
627
782
323
493
149
327
295
615
656
593
321
729
289
436
630
431
781
30
489
292
465
701
520
202
758
345
11
649
228
210
429
497
599
435
241
17
348
434
442
287
441
293
324
288
395
494
311
175
313
413
174
377
780
318
699
301
280
140
256
246
496
25
453
728
59
185
320
380
585
204
242
382
319
252
291
534
487
352
604
682
476
205
350
467
548
426
468
52
325
469
491
428
231
32
423
328
369
437
779
410
485
218
773
655
169
230
454
486
274
532
99
326
214
264
3
575
302
131
777
117
544
614
568
339
355
227
456
778
455
571
514
393
414
154
409
427
710
669
686
498
278
312
537
378
101
483
641
577
464
633
397
237
137
415
508
240
190
509
536
353
421
381
133
156
351
613
515
408
197
753
570
135
213
281
333
265
203
364
510
220
331
505
275
484
631
113
603
540
443
362
266
211
229
219
267
477
538
541
239
386
444
760
61
481
365
337
354
173
533
212
482
102
513
305
284
191
724
238
512
108
543
449
723
309
703
674
70
93
192
247
51
387
91
248
103
13
675
516
166
60
12
69
65
76
201
106
722
416
136
39
223
394
92
71
277
45
392
420
670
36
64
107
72
276
34
62
75
105
304
74
40
63
41
90
35
104
68
73
306
50
88
422
642
78
761
224
49
66
48
37
47
67
334
38
46
