375
191
454
328
137
167
611
735
423
766
62
534
140
6
756
665
420
226
219
9
198
426
723
729
644
35
112
253
704
15
327
91
414
616
83
111
7
355
699
107
13
727
617
337
364
233
744
29
492
0
728
14
80
590
645
11
748
694
476
610
475
195
734
113
18
88
767
60
54
504
464
23
196
388
425
28
725
751
780
225
738
779
444
3
695
639
413
50
309
260
389
468
278
708
71
139
254
752
75
335
109
261
163
85
455
311
52
287
37
532
775
166
232
641
483
197
168
17
741
584
640
386
143
57
587
387
36
664
262
737
421
732
251
194
678
397
707
234
32
170
235
709
138
132
142
681
193
288
284
39
38
333
446
289
347
385
354
484
363
203
221
422
223
442
637
406
469
10
40
110
366
415
89
231
757
518
115
743
612
356
205
299
206
133
453
72
358
21
441
603
670
263
647
771
703
108
103
359
227
105
20
134
638
643
187
604
162
19
682
763
731
362
649
679
636
710
365
46
440
472
264
600
762
724
602
192
680
48
586
591
131
705
634
609
520
45
8
417
61
336
281
419
67
374
160
247
164
443
265
777
601
482
49
576
648
575
660
412
2
507
578
733
465
416
672
290
34
204
550
81
376
292
188
764
90
574
633
620
714
382
244
135
291
27
186
519
236
200
580
369
42
581
713
599
683
74
689
172
207
583
104
635
159
360
548
383
608
230
215
300
368
631
485
273
229
551
711
552
651
445
549
312
343
384
523
381
106
632
606
684
470
380
185
214
177
607
712
324
274
317
158
246
257
522
301
474
719
546
352
340
547
436
650
517
271
344
316
346
621
495
715
666
593
424
102
348
659
272
241
663
379
256
690
496
677
237
373
661
202
243
521
652
275
579
216
770
157
76
285
716
685
218
326
605
307
577
184
220
217
506
16
720
43
553
555
404
653
573
141
249
627
646
471
630
213
341
662
228
497
280
769
69
686
282
403
628
259
582
626
488
325
654
201
130
479
252
353
319
493
500
330
178
245
176
129
667
721
524
73
329
487
238
303
283
629
491
136
161
498
407
396
439
598
332
242
692
687
486
405
302
480
94
753
398
361
331
525
345
624
189
12
66
208
51
528
481
357
433
149
658
554
411
783
742
408
183
434
556
451
410
270
718
101
79
655
527
435
87
589
148
267
739
315
310
378
722
501
510
494
318
759
30
625
432
313
86
668
351
59
338
70
717
691
673
597
622
114
394
128
409
390
395
460
22
750
297
531
509
174
467
564
688
255
175
78
559
730
447
179
511
747
656
778
119
431
33
190
55
24
623
173
258
269
618
726
116
182
47
100
473
393
146
1
526
706
209
53
499
56
266
84
448
392
596
657
63
614
697
776
571
308
391
700
298
151
64
77
342
536
702
530
26
31
452
268
367
41
740
642
44
211
239
240
5
293
539
754
438
459
377
212
371
147
674
545
92
248
295
736
95
118
755
503
537
145
516
127
565
478
585
563
180
749
120
489
466
572
372
693
461
592
150
746
696
669
210
296
370
250
339
533
152
323
561
557
773
314
181
761
538
277
25
117
535
529
4
155
58
772
449
171
199
594
512
613
758
768
99
615
305
782
156
570
144
619
745
165
760
505
320
477
515
508
224
437
121
304
765
154
698
458
65
588
781
96
169
774
279
671
676
513
349
558
595
560
93
322
399
153
334
276
463
430
82
306
97
400
566
675
462
68
450
401
402
542
124
126
562
701
222
502
321
418
350
286
427
540
125
294
569
514
98
541
567
568
