-0.014323235
-0.14830971
0.002333641
-0.12430382
0.09451103
0.010736465
-0.06468296
0.17465687
0.09046078
-0.098677635
0.1430769
-0.13026142
-0.5101509
-0.23937607
0.30259323
0.3745203
-0.010346413
0.13950825
0.03452301
0.020825386
0.00518322
0.1545639
0.0761528
-0.03289795
0.12917423
0.0021944046
0.22443676
0.02047062
0.010569572
0.098965645
-0.09253311
0.16815948
-0.15099812
-0.17413425
-0.49966717
-0.33109665
-0.47765446
-0.67772675
-0.880949
-1.0172405
-0.9671898
-1.1756945
-0.7638645
-0.9114361
-0.65484905
-1.0434046
-1.3420296
-0.67622757
-0.38269138
-0.59267807
-0.4019537
-0.23539925
-0.08749485
0.07422352
-0.04392147
0.038152695
-0.12200832
-0.0673933
-0.18294144
0.0063791275
-0.20894527
-0.19937515
-0.38184547
-0.7128725
-0.07031345
0.8750143
0.9828243
0.46658516
0.86609745
0.5653019
0.2518053
-0.49892998
-1.0022526
-0.8083248
-0.7439785
-0.8322973
-0.323534
-0.020026207
-0.7597847
-0.5575237
0.7445307
0.6680918
-0.12002659
0.24726105
-0.012137413
-0.11579895
0.16371536
-0.37262344
-1.2024279
-0.0034017563
-0.558898
-0.44046593
-0.92174244
-0.12827778
-0.6862631
-0.40838623
-0.81778145
-0.62266445
-0.4402542
-0.2314434
0.04389286
-0.07776737
-0.39783573
-0.21638107
-0.8383341
-0.75321674
-0.7043648
-0.40944195
-0.83747387
-0.24620152
-0.636384
0.1732769
0.005270958
-0.46485996
0.8380575
0.14844894
-0.16816616
0.023176193
0.06884098
-0.199049
0.28334332
-0.06852913
-0.029348373
-0.3768692
-0.037294388
0.012274742
0.03244877
-0.16905975
-0.040590286
-0.03637314
-0.28621197
-0.07521248
0.45234108
-0.34201622
-0.12251949
-0.3211279
-0.48931313
-0.4196272
-0.38953114
0.24349594
-0.22067165
0.029047966
1.0001564
0.15277672
0.96655846
0.35729027
0.60850143
0.23937511
0.17086601
-0.26342487
-0.6075134
0.026741982
-0.00860405
-0.13151073
-0.18792057
-0.03676033
-0.34955597
-0.24756336
-0.40076065
-0.13148499
-0.23863888
-0.080592155
-0.17686081
-0.15224743
-0.07762146
-0.41937542
-0.20228958
-0.050782204
-0.13280773
-0.50876045
0.85248566
1.006217
0.09191704
-0.37213993
0.21824169
0.32056332
0.014713287
0.1962986
0.008684158
-0.056744576
-0.04677677
0.02495575
0.16106224
-0.023414612
0.18412876
0.008838654
-0.028097153
-0.0056180954
-0.018363953
0.097322464
-0.47192192
-0.37142944
-0.80294514
-1.1422405
-0.033929825
0.26802254
0.2667408
-0.87640953
1.6836767
1.0183659
1.1154108
-0.26132393
0.30245495
-0.015111923
-0.01826191
-0.06104374
-0.042591095
0.11248016
0.08292675
-0.09863949
0.15752983
-0.20511436
-0.018639565
-0.048944473
-0.08315277
-0.07194233
0.015237808
-0.10384369
-0.09404278
-0.39617634
-0.5469427
-0.5692892
0.08730698
-0.5775156
-0.8392782
0.51091766
1.4991703
0.095173836
1.0983238
0.30028057
0.022539139
0.019221306
-0.1702795
-0.12500572
-0.107748985
0.0027942657
0.06498909
0.07316017
0.07922268
0.0026607513
0.09070587
-0.0076351166
0.18577862
-0.16763115
-0.18639755
0.063399315
-0.038607597
-0.7397251
-0.94348145
-0.49599934
0.25631046
-0.71972466
0.31832695
0.7563057
0.90806293
0.46578693
-0.032978058
0.6653509
0.16005993
-0.20977116
-0.07851982
-0.061328888
0.23396015
0.027795792
0.008851051
0.015867233
0.035957336
0.28516865
-0.01627636
-0.2187624
-0.05286026
0.090483665
-0.10814762
-0.20914936
-0.24226665
-0.4823637
-1.2650137
-1.0813408
-0.068247795
-0.08919811
0.13426685
-0.020853043
0.32159615
-0.18912506
-0.6852293
0.09443855
0.038049698
0.06811905
0.13925076
-0.017098427
0.010971069
-0.101667404
-0.11530781
-0.47278786
0.060028076
0.24331474
0.56923676
0.074168205
0.28831673
0.71815205
0.07995796
0.24197769
0.07020283
0.09853935
-1.0845747
-1.0679865
-1.4970789
0.052001
0.6493187
-0.33455467
-0.14060593
-0.18879795
-0.4909029
0.5612478
-0.012036324
-0.039936066
-0.1270628
0.21963406
-0.08077526
0.032030106
-0.23814583
-0.21788025
0.4359455
0.5497427
0.44540882
0.51941776
0.31180954
0.47856808
1.0878258
0.8101988
1.1204462
0.6631689
0.32981777
-0.6196852
-1.8254147
-0.5800848
0.46077156
-0.41112518
0.4040947
-0.20257282
0.52083874
0.50938225
0.097789764
-0.037664413
-0.0058813095
-0.09082031
-0.4094019
-0.41697788
-0.42216682
-0.22554111
0.12220764
0.5928602
0.49551582
0.40605736
0.23395157
0.59043026
0.10689354
0.63514423
1.3517275
1.41154
1.9228754
1.4709711
-0.7135639
-0.024765015
-0.15522003
-0.09185314
0.22976303
-0.1697464
0.52447987
-0.29917908
0.40216923
0.5161772
-0.005534172
-0.08781147
-0.28968716
-0.2376976
-0.3195486
0.020379066
0.20913982
0.442317
0.55950546
0.5039387
0.18980503
0.21109867
0.33422565
0.12085819
-0.101631165
0.3803854
0.5411091
1.802
1.0009413
1.1318865
-0.7278795
-0.39737606
-0.5147486
-0.09532833
-0.13947201
-0.2799511
0.132411
0.4541464
0.37923908
-0.04726219
-0.14365482
0.2569208
-0.055872917
-0.026762962
-0.033744812
-0.2267561
-0.3470497
-0.22063255
-0.2885599
0.13291836
0.06832218
-0.09455395
-0.21302128
-0.3680191
-0.62413025
1.4338245
3.1160583
1.3594294
-0.86235905
-0.6845398
-0.8402977
-0.07888031
-0.15730858
-0.13557243
-0.17160797
0.27150345
0.21167088
0.42692757
-0.11489296
-0.0048246384
0.22036934
-0.20606804
-0.2682972
-0.4394741
-0.195405
-0.46582127
0.10241032
0.06966114
0.13329315
-0.34497643
0.16474438
-0.5118246
-0.7208481
-0.07620144
1.6666327
1.0723696
0.8188019
-1.0647869
-0.9293909
0.16384315
0.26071262
-0.089006424
0.41342163
0.21757126
-0.03679943
-0.0030593872
-0.0037794113
-0.0019140244
-0.081059456
-0.11870575
-0.14257717
0.14096165
0.45901394
0.15428066
0.07372475
0.112981796
0.30505848
-0.18694592
-0.20727634
-0.25963402
-0.7406359
0.024747849
0.6680517
1.8319063
-0.035137177
-0.85967255
0.35680008
0.3562851
0.46877956
0.036984444
-0.046236992
0.4762535
0.6196966
0.710948
0.45302486
0.45828342
0.718235
0.7991371
0.6035366
0.37647724
0.029470444
-0.16585827
-0.28792953
0.37896824
0.07750988
0.10424042
-0.24333954
-0.3351984
0.27903557
1.1642427
0.9347162
1.2763977
0.26712513
-0.7782421
0.5468979
0.27571106
-0.051628113
0.03355503
-0.13117695
0.43942833
0.18005085
0.4911871
0.6366215
0.7626877
0.8724766
0.7919769
0.5281553
0.12738132
-0.15714836
-0.19028568
0.07639885
0.054100037
-0.03928089
0.030211449
-0.054961205
0.3030777
0.30412388
0.42865276
1.8493214
1.0283813
-0.012158394
-0.20142174
-0.20621586
-0.16526031
-0.55512047
-0.2012558
-0.552845
0.2376709
-0.09509373
0.26286697
0.43237495
0.11964798
0.36312103
0.27613068
-0.20289707
-0.018749237
-0.03591442
-0.064912796
-0.025732994
-0.3008995
0.28508663
-0.008605957
0.12645912
0.35886097
-0.4055004
0.19875145
2.373148
1.3002415
0.052480698
-0.30961895
0.08351898
-0.15741539
-0.20210457
-0.46924496
-0.32779598
-0.39444447
-0.37570286
-0.5709219
-0.32362747
-0.3357563
-0.5532141
-0.32169724
-0.27533245
-0.21720505
0.018634796
-0.24198627
0.020615578
-0.06896591
0.28083515
-0.08444595
-0.2935934
-0.07077026
0.96889114
-0.6960497
2.2078753
-0.06459427
0.30529308
-0.3085575
-0.20927429
-0.47871685
-0.6465225
-0.29655743
-0.0047035217
-0.45134354
-0.41761494
-0.15513515
-0.22885418
-0.35299015
-0.37218094
-0.03409195
-0.30353832
-0.46268559
-0.13742256
-0.23892975
0.2443943
0.10488701
0.14714909
-0.15133
-0.6411009
-0.23664665
0.19253063
-0.40537834
-0.057354927
-0.23230553
0.32823086
0.013835907
-0.20722485
-0.36625385
-0.045207977
0.69007206
0.2547102
0.14795208
0.07874203
-0.17145348
0.13227558
-0.2629795
-0.25508595
-0.250041
-0.06149006
-0.3833952
-0.23256111
-0.25524902
0.2100687
0.43519115
0.20135403
-0.13897514
-0.5967598
-0.65950966
0.28154945
-0.6374788
-1.5608873
-0.21520996
0.018380165
-0.14103794
-0.38192272
-1.0216522
-0.62676716
-0.40214825
-0.5621691
-0.022153854
-0.2347107
-0.25798416
-0.4359064
-0.24724197
-0.048220634
0.120028496
-0.11415005
-0.30798244
-0.11351299
-0.22268295
-0.0005540848
0.122101784
-0.023474693
0.23740101
-0.13458729
0.039456367
-0.2932167
-0.7988949
-1.2787304
-0.09232521
0.045171738
0.0344944
-0.8751888
-1.371357
-0.30979824
0.02614975
-0.20660686
-0.32852554
-0.026540756
-0.35606956
-0.23420429
0.032203674
-0.25732803
-0.24902725
-0.38188648
0.094270706
-0.34599304
-0.516098
0.20629883
0.11013985
0.079366684
0.19199657
-0.18018436
0.5891075
-0.07996464
1.5397673
0.17116451
-0.16936684
0.09902477
-0.2018919
0.26502228
-0.7296009
-0.55772305
0.4970789
0.085567474
-0.22278786
0.09470749
-0.50656986
-0.27381802
-0.27836704
-0.21201229
-0.3528242
0.14148903
-0.22399426
-0.28926277
-0.3937559
-0.2683096
0.6338291
0.054862976
-0.33678246
-0.8963213
-1.1073446
-1.0752478
0.4033203
0.09820366
0.08284378
-0.016690254
-0.17030525
0.04120922
-0.01902771
0.03417301
0.6519394
0.95458794
0.9112501
1.3172379
0.944335
0.40183163
0.199193
-0.078588486
-0.391778
0.8253298
-0.36228275
0.012588501
0.6581907
0.16098976
-0.39873123
0.1695385
0.005396843
-0.29929733
1.2971096
0.5875654
-0.5654812
-0.13867378
0.08891201
0.071829796
0.037711143
-0.019742012
0.14557171
-0.14354229
-0.86224556
0.15183258
0.27270794
-0.16275406
-0.3431387
0.063305855
-0.045366287
-0.16669178
-0.6679354
1.0342817
0.8700371
0.29319382
-0.49705982
0.5327196
0.90687656
0.21605587
-0.11155319
-0.18496323
-0.19699383
-0.1994524
-0.07770634
-0.13790894
-0.058220863
