128
315
246
124
456
155
129
601
194
256
23
122
405
550
664
183
281
77
212
188
204
289
728
268
203
532
84
314
553
152
344
187
372
431
594
458
89
457
459
662
25
2
239
235
112
178
185
5
290
125
744
216
644
576
231
377
27
578
230
473
181
151
263
141
492
525
319
683
126
509
18
481
757
286
55
667
730
100
672
307
560
523
720
294
245
236
287
412
439
302
756
237
466
297
53
22
522
496
624
238
692
300
727
208
562
222
755
8
271
240
172
687
285
4
227
189
342
726
303
29
700
438
497
356
207
467
543
657
385
350
554
519
24
626
398
411
440
280
17
463
714
10
759
608
623
115
762
143
465
21
210
258
746
182
86
451
31
748
698
111
7
512
184
242
382
693
612
177
557
739
636
690
378
634
383
428
776
455
174
317
432
26
366
262
665
539
147
301
295
139
606
83
70
622
250
403
452
541
196
504
195
427
763
507
545
500
580
640
120
552
267
298
772
229
202
14
527
528
468
588
326
252
175
282
616
332
384
479
145
555
544
15
491
495
400
387
738
370
725
353
454
429
542
635
322
511
379
324
132
486
399
487
464
336
255
67
480
483
327
513
352
381
341
225
371
325
340
368
518
774
388
506
323
380
313
69
296
752
695
355
351
490
146
484
719
357
514
308
745
331
257
474
81
621
485
299
488
80
253
515
517
489
329
448
742
114
170
68
771
516
65
775
254
735
502
737
734
144
584
66
142
390
171
199
531
770
447
328
228
200
330
391
501
503
751
559
736
358
419
359
417
361
226
697
446
198
389
475
530
360
586
558
418
