611
137
627
473
363
383
653
90
331
276
387
763
717
167
365
667
66
164
157
177
45
498
714
575
385
201
538
487
535
472
515
685
35
683
207
206
723
152
703
686
494
77
684
108
643
424
687
76
438
510
150
601
436
688
492
202
771
511
582
353
572
692
315
637
110
71
715
416
718
744
719
665
381
444
149
583
410
695
403
238
277
30
591
180
483
64
173
544
332
602
26
179
411
246
245
84
730
546
283
482
466
651
303
178
700
295
255
759
564
41
638
33
478
392
453
693
619
536
674
654
5
393
737
516
359
79
24
247
316
726
305
63
573
87
304
267
642
91
448
702
493
394
747
748
614
244
114
338
31
116
120
464
302
512
308
147
409
151
425
754
430
301
274
401
480
391
317
368
273
243
720
458
55
275
145
776
294
326
53
266
755
78
355
545
325
750
778
402
269
172
574
310
271
518
242
668
174
396
722
356
407
647
741
272
51
144
530
655
375
437
297
117
397
171
400
199
465
300
490
12
486
318
330
673
426
517
484
513
429
298
428
329
454
777
399
342
270
322
421
457
369
373
386
327
514
357
319
398
372
489
374
427
299
343
485
344
455
358
461
323
379
345
456
347
371
370
328
462
351
346
378
406
350
434
