675
306
450
334
418
772
477
562
117
505
533
267
588
279
395
614
776
668
647
761
778
674
755
750
448
338
754
768
765
82
701
367
561
55
116
295
308
24
31
33
328
12
41
394
114
391
503
613
5
84
53
250
700
530
696
393
87
673
758
642
58
449
171
535
327
730
726
63
79
702
310
671
30
392
26
169
478
759
774
411
144
782
174
25
224
669
558
742
437
760
502
619
585
323
698
4
299
147
773
78
749
563
745
64
615
557
410
715
222
707
120
243
282
294
741
736
283
266
201
165
362
51
769
529
202
676
564
740
121
536
173
770
560
438
737
255
256
506
66
739
651
123
271
777
465
199
307
646
339
355
746
122
693
474
421
118
268
305
717
710
396
280
711
172
361
439
145
16
244
68
146
629
657
252
709
356
678
43
708
239
277
718
466
76
534
473
602
326
70
141
720
649
93
101
480
354
714
124
747
329
452
722
679
102
592
96
440
621
705
357
692
98
312
507
100
149
688
230
178
97
125
687
498
103
300
368
467
412
73
416
104
424
630
682
272
95
69
631
451
99
680
738
681
667
501
583
179
555
517
638
500
575
105
601
441
228
384
683
126
409
92
175
658
176
150
589
753
531
340
468
217
148
177
231
180
783
108
545
447
383
493
1
22
559
469
382
232
59
44
301
56
604
528
215
499
574
185
494
86
690
653
127
697
273
666
184
397
603
390
624
216
490
442
582
183
618
119
471
240
472
593
181
426
706
565
351
398
245
47
556
519
524
128
724
654
203
659
547
526
385
497
322
218
520
712
407
164
652
443
182
495
689
151
302
293
623
200
246
413
744
8
522
743
625
470
771
304
365
650
521
523
626
733
330
214
525
573
415
637
492
46
408
496
363
399
32
313
115
238
229
220
422
138
274
10
622
236
237
537
703
419
716
435
281
762
336
684
131
358
643
27
677
20
227
781
42
764
130
656
186
655
332
2
298
425
71
265
21
192
110
444
731
414
691
379
48
49
34
242
672
548
546
518
591
270
685
686
763
527
586
400
81
554
510
235
511
628
129
544
632
321
381
627
341
453
463
45
205
189
77
509
233
508
704
663
661
258
491
152
234
594
206
620
360
369
204
581
380
734
609
213
65
464
211
94
549
386
462
489
454
735
551
721
482
445
479
259
257
427
577
648
153
481
436
516
311
207
552
662
359
660
423
136
331
483
319
572
576
539
90
303
318
608
579
387
512
190
580
553
285
372
713
597
135
607
550
187
296
317
210
188
212
605
596
275
664
161
160
719
208
388
353
598
401
446
600
155
373
633
417
264
455
324
543
209
371
766
247
159
143
345
344
515
540
254
316
162
241
154
314
261
194
260
291
665
315
226
292
320
587
36
488
278
263
91
198
484
11
542
457
366
38
456
611
748
428
343
290
504
513
262
286
342
370
166
39
485
287
514
487
289
333
137
288
486
