659
691
660
492
598
711
743
692
491
710
459
565
653
566
723
678
490
685
654
460
630
629
240
592
679
817
849
239
469
272
652
271
207
816
648
533
686
696
754
712
646
848
493
658
458
742
457
436
597
661
818
208
238
435
611
376
359
815
755
850
881
785
616
680
403
327
345
819
206
313
470
534
624
655
489
392
437
729
344
175
281
774
645
609
838
188
784
647
29
722
761
631
391
179
583
186
786
870
577
273
837
623
505
501
502
642
599
674
797
675
212
402
82
235
803
304
468
440
408
896
677
360
424
578
560
404
249
407
707
439
787
312
882
684
154
851
326
728
569
724
83
928
241
328
619
210
880
845
673
487
783
756
537
264
847
550
690
455
434
697
620
269
473
209
852
788
270
204
199
538
813
856
585
551
171
176
358
581
456
946
305
471
110
48
570
518
839
230
617
211
218
733
846
826
27
142
237
702
844
877
789
814
885
180
825
375
886
215
546
236
506
520
977
49
200
244
205
61
181
584
740
878
155
820
263
143
669
488
481
843
975
802
348
234
93
194
438
782
91
77
875
914
921
1010
243
510
522
664
262
591
384
766
480
576
167
153
872
840
699
423
698
124
467
790
294
197
152
864
635
760
876
303
187
649
296
641
737
913
770
1018
43
52
202
44
317
637
182
109
918
945
842
282
871
618
793
822
371
545
198
213
1002
201
960
203
59
765
233
804
390
798
701
663
225
302
111
835
514
511
232
73
377
254
151
651
859
919
582
250
672
76
773
251
794
523
902
323
4
971
927
541
830
925
1009
513
579
2
252
174
196
183
79
86
831
992
907
888
214
297
900
370
224
1007
732
192
899
811
962
941
261
425
991
986
219
314
961
656
744
853
978
0
571
291
951
169
10
11
54
665
524
932
544
274
884
901
130
521
170
940
318
50
812
166
322
632
128
28
670
121
700
1011
891
739
1023
858
25
1019
829
780
148
801
883
908
354
893
959
482
47
934
30
990
517
855
985
100
1006
41
841
485
449
3
87
350
242
994
771
983
939
227
149
909
567
253
976
586
226
447
60
933
972
479
857
185
245
486
74
806
809
552
894
1003
757
92
280
508
887
114
295
472
412
122
117
895
131
248
601
610
9
195
869
7
217
99
639
547
21
958
229
478
989
930
66
904
949
966
164
926
300
90
931
325
734
1016
353
15
854
35
163
916
970
957
575
828
382
231
97
995
879
963
72
753
823
168
119
277
397
94
343
938
834
922
32
106
193
256
265
706
178
621
466
5
159
287
604
55
964
474
1022
821
125
416
53
36
874
792
257
929
988
386
288
539
862
767
8
415
861
979
141
293
132
832
808
915
965
16
165
1012
873
920
948
993
762
987
414
955
668
108
104
89
973
906
608
997
600
286
80
935
85
65
515
133
917
33
228
542
644
150
413
258
980
898
417
519
162
64
95
316
703
923
421
136
543
105
75
266
42
268
671
1
996
953
969
365
223
380
173
292
101
383
999
366
255
320
319
536
634
892
640
667
306
981
615
68
387
410
454
276
146
897
1020
1004
606
67
451
355
799
512
103
6
950
45
290
40
984
614
70
763
98
638
867
1021
574
120
34
113
1017
998
548
81
283
442
947
356
775
118
409
796
123
315
974
71
735
605
982
284
388
549
37
954
1013
1000
285
379
484
12
580
138
260
1005
158
246
78
666
177
96
643
602
777
389
791
568
781
572
444
1015
324
352
349
127
88
69
147
139
301
135
731
216
1008
810
607
860
863
937
446
311
426
419
633
452
450
516
910
422
924
764
943
681
20
116
676
441
398
868
26
890
221
650
622
381
912
378
730
636
824
172
137
795
14
38
84
156
17
129
357
483
967
1001
134
889
346
19
57
102
968
62
259
573
31
51
56
126
687
46
827
418
184
347
338
758
420
160
289
800
39
504
453
107
905
718
736
63
476
22
140
776
222
321
603
627
540
24
23
942
443
112
779
385
161
157
372
717
145
189
865
936
445
836
299
833
267
751
866
613
275
1014
503
191
944
351
475
220
903
956
58
535
278
309
190
329
704
713
448
727
683
411
952
393
247
507
553
695
406
738
310
396
333
477
401
772
331
509
364
18
725
693
399
433
13
768
682
554
337
367
279
805
339
745
369
334
115
759
335
428
525
308
332
307
405
911
626
769
336
559
587
400
750
144
778
465
427
662
708
330
719
716
361
340
807
298
657
555
363
374
628
625
752
342
432
368
373
705
749
612
362
588
726
461
741
709
341
715
394
498
429
721
431
748
720
526
556
688
590
589
747
497
499
527
395
430
528
714
557
464
593
500
694
689
529
558
561
746
530
564
494
496
594
562
596
531
463
532
595
563
495
462
