418
446
697
474
475
447
391
529
501
473
531
419
65
80
702
590
226
696
198
171
503
611
614
557
584
67
139
734
612
558
79
68
618
170
733
388
44
81
360
591
66
646
583
389
695
425
417
564
668
565
14
528
282
173
451
610
445
64
118
228
142
566
726
283
167
199
740
523
257
651
662
454
748
638
254
158
76
330
286
184
647
650
225
195
7
553
655
759
561
98
94
56
551
752
751
526
189
0
428
512
436
736
29
153
727
359
463
83
308
687
336
757
148
492
652
600
11
631
525
132
593
203
552
699
455
483
10
731
500
489
141
783
2
763
429
430
6
628
725
426
524
19
377
327
61
150
517
729
519
234
615
187
28
149
403
217
185
461
541
374
397
316
291
289
75
762
771
768
344
78
372
135
41
