595
596
318
347
217
183
566
735
151
528
1020
575
228
250
134
847
669
248
187
149
572
196
191
185
98
93
445
414
230
1019
759
152
184
604
218
1021
671
232
106
895
316
448
732
38
565
661
999
114
219
282
119
262
263
997
610
285
946
996
81
195
1023
315
118
380
345
993
803
210
249
989
1000
861
892
145
923
216
104
727
55
120
75
17
739
953
475
805
68
86
95
862
674
549
834
376
9
92
573
738
888
42
548
746
836
705
966
321
356
105
1022
902
103
412
998
866
701
545
389
925
50
741
477
317
509
706
774
897
990
961
87
875
955
609
903
893
802
927
963
612
742
960
107
636
416
744
804
644
225
419
835
935
247
812
832
547
540
828
771
292
956
476
777
177
78
258
186
259
221
2
574
325
1004
116
848
868
772
1
143
127
778
452
577
122
878
379
944
82
668
541
384
954
581
922
779
54
22
420
608
96
385
642
1001
193
992
764
15
136
614
920
319
845
985
934
811
29
113
72
869
979
158
740
67
611
71
640
450
154
745
646
83
865
770
197
906
864
967
386
952
34
516
209
800
66
798
898
49
801
286
287
870
220
942
62
907
896
570
1018
713
977
482
965
707
30
768
995
176
99
322
837
901
1017
994
958
672
910
69
637
181
867
578
844
255
182
53
115
710
352
962
807
643
974
964
56
353
64
88
512
949
161
810
357
891
708
905
355
894
37
1013
101
1005
929
921
418
454
737
874
507
871
388
80
126
846
1006
860
676
451
1012
162
18
422
769
926
198
310
201
736
969
3
508
10
257
856
188
991
775
514
792
200
673
544
74
983
189
517
417
890
1003
27
939
108
224
73
843
515
546
65
36
854
513
889
485
480
933
773
605
986
796
229
936
97
48
351
700
876
833
128
35
677
223
747
121
808
484
951
838
150
678
839
842
978
765
421
806
576
165
937
320
14
873
146
94
1002
633
539
675
288
291
1011
917
148
641
579
354
580
863
231
743
32
628
63
251
208
709
880
613
909
693
733
607
1009
46
938
323
1014
84
180
110
900
194
85
970
849
799
987
841
453
4
704
23
486
261
449
40
879
899
45
76
483
914
679
129
294
70
877
290
289
776
957
447
797
199
324
102
33
887
47
227
57
988
100
809
932
916
681
52
51
945
908
813
682
495
569
615
931
314
160
0
872
550
260
481
712
89
552
680
940
928
8
582
911
520
780
947
603
924
144
387
984
313
130
77
766
214
192
968
455
16
283
26
31
1010
980
616
390
714
584
645
125
79
571
859
981
973
943
443
487
664
41
647
634
930
959
976
855
156
853
919
711
904
648
763
827
28
518
667
155
639
117
1016
831
168
629
606
948
346
1007
350
25
159
519
971
649
793
112
534
734
19
1015
91
474
256
597
918
6
553
13
215
375
551
972
21
413
538
941
7
58
829
840
950
281
583
881
886
171
695
90
206
374
174
39
857
204
982
975
912
602
190
699
585
226
20
762
830
638
131
814
280
441
821
137
133
5
44
670
824
617
24
343
124
758
885
147
295
167
748
43
233
123
409
510
491
473
12
383
795
178
444
141
715
635
523
790
109
381
703
632
203
202
767
140
650
169
252
760
537
698
542
858
132
1008
59
506
884
666
731
730
883
781
284
478
850
135
213
236
882
173
348
411
791
794
170
458
479
138
816
359
761
446
630
242
361
179
408
61
328
377
391
153
820
665
246
326
851
222
915
822
660
235
166
818
60
142
702
692
11
253
254
211
825
662
207
522
296
716
913
415
593
852
823
293
358
598
175
329
164
243
696
392
423
382
244
410
789
543
163
312
234
521
697
264
212
172
266
535
601
360
237
826
524
327
729
440
349
728
311
819
205
817
265
663
492
241
331
139
488
588
363
240
442
558
784
489
724
344
504
568
536
342
490
278
683
461
511
378
407
456
245
554
556
505
425
460
757
787
157
472
567
394
815
749
502
751
395
239
788
393
694
555
459
718
719
782
618
439
783
471
725
426
276
599
279
589
726
557
298
238
621
297
752
600
503
111
651
267
786
686
785
427
457
631
756
620
364
309
750
717
424
586
277
755
684
587
627
501
362
625
428
332
396
659
720
723
685
275
564
533
373
299
653
462
272
594
652
654
429
273
592
463
619
687
330
500
691
470
496
268
300
626
397
563
406
753
690
754
308
333
301
688
274
269
304
270
341
398
532
721
438
271
560
622
307
372
365
302
334
306
305
689
658
469
340
405
722
657
336
437
525
590
430
303
431
338
655
529
656
559
337
339
531
464
434
624
499
591
335
467
435
562
369
366
468
370
404
497
561
436
368
623
432
530
466
403
433
498
465
371
402
399
493
400
367
494
401
526
527
