565
533
597
534
564
566
562
850
849
594
532
596
848
880
395
561
629
396
847
502
529
881
846
628
530
879
208
394
819
817
501
563
207
462
408
494
526
660
206
209
240
661
242
241
531
595
177
818
239
495
426
913
392
626
376
48
593
659
816
527
598
662
581
627
393
176
430
695
364
362
882
851
175
409
236
237
558
528
463
727
440
427
582
535
1004
1000
912
360
883
726
712
679
1005
243
713
815
503
580
608
429
549
295
210
16
238
820
759
363
425
745
397
144
681
497
441
391
329
814
496
422
516
776
696
746
614
361
327
548
758
602
262
878
779
359
375
911
615
650
328
377
845
17
728
500
80
775
914
112
576
178
633
282
250
575
647
205
664
760
330
203
251
694
844
811
744
197
445
49
860
889
539
261
577
790
211
791
314
693
658
517
342
145
326
428
734
630
540
612
671
1015
680
837
808
296
747
821
789
267
188
574
859
235
877
204
875
228
79
344
729
836
219
229
470
474
852
186
703
692
174
578
1020
579
559
57
868
567
195
649
1021
194
570
66
767
187
315
172
572
905
952
173
309
319
888
283
874
263
475
777
1023
884
1022
9
991
545
989
170
778
444
865
996
605
925
990
897
573
294
98
761
448
32
345
609
571
198
275
910
89
13
919
231
876
221
65
832
993
33
792
477
107
601
280
959
894
653
260
945
640
407
697
343
111
613
867
725
1010
702
249
218
81
934
998
1013
217
293
1012
684
857
757
129
807
700
683
611
900
31
956
297
71
202
84
741
673
863
120
892
351
230
34
358
161
974
289
191
390
6
866
64
706
735
646
800
603
160
417
196
227
139
154
870
1011
165
853
423
157
447
298
199
310
193
420
643
248
41
541
953
544
141
286
546
806
842
266
858
123
312
37
970
50
18
812
253
189
24
665
353
346
442
937
641
7
258
995
507
997
246
1016
861
969
53
25
74
798
827
707
999
313
380
213
216
140
67
119
38
833
639
70
155
135
938
247
547
125
828
212
909
388
22
23
992
864
843
709
142
710
890
793
831
672
476
95
550
804
805
899
130
182
762
955
994
413
276
508
58
794
607
171
316
610
923
56
350
453
1001
234
764
91
962
274
55
40
278
325
799
856
151
515
871
2
105
711
277
542
543
454
634
773
478
90
674
190
604
143
384
42
12
742
737
902
964
739
920
124
931
185
114
63
979
824
88
869
670
75
927
321
232
738
39
99
147
802
893
929
736
150
320
796
512
156
110
103
584
106
257
944
988
774
20
21
354
829
930
162
163
164
862
1019
159
87
287
705
117
841
220
663
317
583
963
960
82
94
385
30
648
701
299
126
270
244
675
839
743
158
416
215
356
279
318
678
895
226
965
85
509
386
771
704
153
93
96
932
455
134
224
8
412
184
699
1003
387
281
83
822
76
538
183
292
357
192
484
223
961
118
245
901
896
1
102
62
122
921
214
252
383
891
714
642
482
461
769
481
922
254
46
389
669
730
968
418
421
97
54
68
801
288
716
928
52
668
954
973
924
352
768
907
1017
872
44
731
926
72
854
347
73
698
11
966
424
449
138
915
766
823
483
887
59
14
977
898
838
795
29
651
513
348
682
378
116
957
708
10
676
167
943
51
830
410
268
0
939
732
256
152
1009
45
291
835
984
654
510
290
115
311
472
479
201
255
121
169
35
936
1018
233
803
181
131
127
132
180
43
128
113
200
415
3
149
133
168
419
5
942
480
637
225
840
1014
69
855
86
78
166
108
625
978
446
15
813
826
382
222
324
557
666
834
885
987
514
136
452
636
733
947
638
264
451
946
302
450
284
958
61
506
1008
765
986
985
748
19
285
273
27
473
810
606
763
632
308
644
740
137
60
322
104
780
101
259
906
28
100
916
797
379
590
904
809
933
349
146
948
770
374
677
26
537
36
783
331
443
355
825
645
179
411
148
1002
980
486
667
511
967
414
787
269
300
886
92
109
635
751
982
873
983
788
772
498
908
949
265
77
600
323
518
903
951
717
485
940
4
341
471
918
622
976
381
439
271
917
618
520
560
935
617
521
504
569
685
719
332
519
551
554
941
47
981
522
307
487
505
975
616
950
556
1006
589
555
971
972
536
786
272
301
553
784
691
585
373
365
464
756
749
398
715
552
591
686
781
652
750
720
406
499
631
1007
465
525
687
621
469
782
785
306
586
718
689
456
488
431
588
724
688
657
457
489
568
690
405
466
340
587
599
458
333
438
493
460
468
523
490
303
437
459
619
367
620
592
524
335
334
623
304
338
755
434
336
432
372
305
655
752
399
339
721
491
467
366
722
368
337
404
433
371
402
656
435
400
624
403
754
436
369
401
723
370
753
492
