712
129
459
491
228
599
627
649
636
23
371
302
467
470
557
399
476
57
589
436
782
469
660
260
783
487
488
638
465
350
626
263
442
141
634
633
492
17
645
322
352
172
698
564
400
463
596
327
1
604
701
563
200
56
25
190
241
293
702
495
575
152
691
158
582
635
497
713
85
520
295
406
175
620
298
233
650
160
159
18
571
760
652
550
547
43
266
372
685
466
462
52
364
539
330
696
127
460
275
728
273
552
548
379
205
151
5
137
296
234
653
664
149
232
153
425
301
240
608
418
191
118
32
373
565
429
356
230
157
161
269
197
264
543
566
428
54
449
479
398
169
501
637
208
206
117
607
345
239
346
606
597
450
207
667
461
639
437
237
598
526
490
126
378
369
147
726
267
265
411
440
300
553
156
618
407
154
235
464
397
578
536
324
409
417
192
489
124
236
120
688
99
113
554
540
753
128
581
542
98
329
538
333
590
323
220
410
541
435
580
675
100
511
211
592
648
549
498
537
33
508
165
568
210
670
123
561
412
510
122
347
229
605
595
422
509
213
119
303
555
212
304
583
761
357
499
723
569
471
238
121
674
408
570
386
351
209
150
58
646
388
669
284
102
359
348
619
567
365
70
201
724
69
331
556
44
12
445
451
529
528
610
306
61
13
96
110
332
251
527
104
71
108
195
611
139
95
193
472
167
360
89
591
97
387
77
34
41
334
76
72
36
166
73
62
75
647
94
39
642
60
74
87
223
614
88
51
63
40
93
473
35
78
79
49
65
45
92
37
50
68
224
38
91
90
64
48
46
47
66
67
