-0.069150925
-0.17492104
0.053612947
0.12654305
-0.16477966
0.06152153
-0.020356178
-0.07911062
0.11802578
0.12911773
0.08883405
0.021662712
0.040039778
0.43706894
-0.13828087
0.048556328
-0.20469522
0.12711358
0.11029601
0.15578914
-0.00890255
0.1728127
-0.017973423
0.16944933
0.013184071
-0.036124706
-0.046746254
0.060168028
0.017026424
0.027975082
-0.025277615
-0.12176943
0.025356293
-0.010669708
0.41963434
0.64621925
0.30645108
0.28293037
0.57430863
0.13101959
0.08523655
0.35300112
-0.27017212
-0.97796965
-1.4483232
-0.2852373
0.44836974
0.5613408
0.63421106
0.1964562
0.34313273
0.10542607
0.005297661
0.09615326
-0.03615713
-0.06291628
-0.28942394
0.028758049
0.064691305
0.26538324
0.25662732
0.20262241
0.76843286
0.5953629
-0.20498371
0.03235984
0.861356
0.24006057
0.65941954
0.49708605
0.25701094
-0.29665518
-0.6037297
-0.0025935173
-0.6678386
-0.23222446
-0.32000828
0.59731483
0.36939788
-0.4488063
-0.6077428
-0.57183695
-0.10733938
0.22309875
-0.07707119
-0.07209396
-0.5038924
0.15037656
0.17362905
-1.136025
-0.7603502
-0.9142022
-1.1869588
-0.66204643
-0.89909124
-1.0346227
-1.7114639
-0.6251683
-0.3882432
-0.24388695
-0.13070488
0.1966002
0.20629859
0.90101266
0.06592512
0.70618033
0.6639924
1.2034609
-0.36403322
-0.4091587
0.44949841
0.18196607
0.14487839
-0.3043952
-1.1756301
-1.1679764
-0.027758598
-0.8871355
-0.8580966
-0.4334097
-0.44362497
-0.3704257
-0.35386133
-0.79617643
-0.35869646
0.032265425
0.24000049
0.11399698
-0.112885475
0.1766591
-0.60356474
-0.0452013
0.34317875
0.48825836
0.06663227
1.277715
0.55490875
-0.707901
-0.58652496
0.33666587
-0.013226986
-0.10893059
-0.37107658
-1.1434097
-0.8125496
-0.7223158
-0.10770035
-0.1756568
-0.25361824
-0.27238798
-0.32391977
0.3388152
0.31566358
0.36162376
0.050062895
0.07404876
0.25660682
0.19587278
-0.03256321
0.12457943
0.07177663
0.49480057
-0.17287922
0.13460088
0.3654673
-0.43987513
0.6168523
0.57159996
-0.0082530975
-1.0692248
-0.5248275
-1.3531489
-0.3476324
-0.241045
-0.4104576
0.24280405
-0.10299015
0.28174353
0.2272048
-0.09715366
-0.20752478
-0.58723164
-0.36349392
0.08871174
0.36655068
-0.018630505
-0.31451988
0.1814189
-0.010045528
-0.019722462
-0.03363943
0.5480256
0.085608244
-0.44243622
0.20927405
0.35704422
0.24959564
-1.5696316
0.0070405006
-0.55705166
-0.105713844
-0.30301094
-0.17979288
0.06574535
-0.030693531
0.075601816
0.1251769
-0.02608347
0.0008997917
-0.23184347
0.08796787
-0.025614262
0.23895788
-0.083434105
-0.024529934
0.17066932
-0.20438623
0.04213476
0.3081801
0.34699512
0.18026495
-0.8952875
-0.07208967
-0.26464653
0.0723505
-0.032648087
0.18105006
-0.104268074
-0.5296793
-0.047163486
-0.23402786
-0.16288471
0.1080482
0.15446448
-0.09300232
-0.007966995
0.06739569
0.19056869
0.18895555
0.40922475
0.23958325
-0.17825651
-0.015241623
-0.21360064
-0.030080795
0.34773254
-0.087228775
0.38486886
-0.088116646
-0.2686553
0.106936455
-0.92728424
0.3901224
0.1642828
-0.17948532
-0.8627796
-1.0239964
-0.027708054
0.10396361
-0.09709597
0.15655279
0.04564619
0.1827929
0.5612073
0.0572958
-0.104733944
0.49235296
0.67861843
0.4327147
-0.06413221
-0.10265064
0.11349106
-0.0674324
0.20979548
-0.102148056
0.1147306
0.35925364
-0.42449856
-0.2961812
-0.6769037
0.14050817
0.45739198
-0.8476052
-1.6045146
-0.38349152
0.3868184
0.17506862
0.551563
0.57819414
0.8088653
0.48608637
0.48940706
0.2840886
0.25598168
0.43172836
0.2738793
0.06337643
0.06786251
0.014008522
0.11530018
-0.08881664
0.026475906
0.0025467873
-0.05199194
0.19269466
-1.0977297
-1.4425597
-0.53232193
0.44251323
0.15464401
-0.46725368
-1.005815
0.026247978
1.0787017
0.37349343
0.39153385
0.4051335
0.73113346
0.35327244
-0.072622776
-0.29865026
0.28235483
0.29892612
0.1356132
-0.20834589
0.05397749
-0.017121315
0.068721294
0.02660942
0.15754151
0.10718703
0.14997268
0.17572689
-0.92582226
-1.5343661
-1.3603096
0.29874754
0.05699539
0.05952096
-0.1458993
0.22576213
0.7389004
0.36661744
0.0381279
0.019110203
-0.15058756
-0.35912085
-0.14510584
-0.08482456
0.073738575
0.5821693
-0.15465689
-0.14550495
-0.022459984
-0.097468376
0.28955722
0.014722109
0.6804645
0.7546675
1.0790505
0.9764719
-0.5136986
-1.747139
-1.0225587
0.12893724
0.5904553
0.17549944
-0.11412716
0.39389563
0.18096662
-0.047932148
-0.032523632
0.049376488
-0.06571865
-0.1530385
0.11776233
-0.004728794
0.32271314
-0.0453825
0.2966087
-0.0027694702
-0.019348145
-0.008451939
0.33557606
0.27294254
0.08237791
0.5772393
0.6282244
-0.49284172
0.06468773
-0.87449026
-0.15434647
0.5636749
-0.03788662
0.72568464
0.4977305
-0.11785221
0.1548934
0.09936333
-0.24467754
-0.28428888
-0.0041041374
0.12473774
-0.13664436
0.0036513805
-0.036312103
-0.19135761
0.1046195
0.22360206
-0.069580555
-0.016637325
0.11797714
0.05766487
-0.092391014
-0.04595518
-0.41801214
-0.20345354
0.6785021
-0.78227663
0.41303277
0.6445453
-0.78743887
0.28999662
0.421592
-0.04282713
-0.43173313
0.18724823
0.47247648
0.36034727
0.14105773
0.11017299
-0.123734474
-0.016971588
0.03842807
0.051785946
0.039393425
0.087486744
0.1013515
0.054058313
0.1175046
-0.23361778
-0.33683205
-0.019129276
-0.6109581
-0.62090015
0.19925809
-1.2919188
-0.56731415
-0.15697479
-1.0948744
-0.8032532
-0.14722967
-0.027763844
0.24315524
0.7738569
1.08581
0.9392488
0.23947
-0.09617233
-0.26395464
0.13082242
0.013054371
0.16246414
0.4864912
0.52525115
-0.00082731247
0.006145239
0.30750775
-0.014909267
-0.09447479
-0.26302814
-0.542284
-1.1221666
-1.0748086
-1.7114692
-0.371655
0.080604315
-1.2316833
0.21693611
0.27743745
0.29432344
0.64225936
0.722147
0.9744115
1.27508
0.6187899
-1.3120499
-0.85477877
0.37482834
0.70537376
0.7433026
0.37522244
0.26365042
0.023984194
0.024582386
0.2845428
-0.1429429
-0.15229893
-0.19792509
-0.32482624
0.20755935
-0.05546093
-0.4497633
-0.40767336
0.07638097
-1.1073709
-0.06921768
-0.18289185
0.2740295
0.3087659
0.29748535
0.65714216
0.79235005
-0.65494156
-1.2365284
-0.38192606
1.4023435
1.2258799
0.6369984
0.23823237
0.076670885
0.054159164
-0.0068879128
0.17369866
-0.03211546
-0.3705883
-0.16127205
0.08336353
-0.16201973
-0.96249056
0.30875278
-0.8612585
0.101489305
0.2377429
0.44243836
-0.51861715
0.0571115
0.2614591
0.07637644
0.16665435
-0.008322716
-0.22703314
-0.3272853
0.08432007
0.50921345
0.27066255
0.2351296
0.1335752
0.17379355
-0.006685257
-0.051986217
-0.19059896
-0.029116154
-0.025532246
-0.1884017
0.10260558
-0.54247665
-0.9391575
-0.12244463
-0.30516005
0.034895897
-0.31621504
0.16169143
-0.73989534
-0.37303686
-0.14630365
-0.5868678
-0.47415495
0.12291479
0.58305025
0.28765202
-0.27919054
-0.17812157
-0.32652807
-0.059762478
0.01439333
0.011790514
-0.06312704
0.12076068
-0.035630703
-0.2978511
-0.15426683
-0.39001036
-0.5107012
0.242517
-0.07337284
0.86331797
0.27259278
-0.13287878
-0.9649949
-1.70227
-0.89419556
-0.40092325
0.20195127
-0.3311429
-0.2283063
0.019485235
0.19414496
0.14837146
-0.034341335
-0.13528538
-0.0007305145
0.035499096
0.06517863
0.10205436
-0.17411375
0.0058557987
-0.24522543
0.11397505
0.08003926
-0.46823454
-0.32329226
0.3612845
0.01974535
-0.6382985
0.1675961
0.116306305
-0.14211845
-1.2798014
-0.6764331
-0.12530899
-0.12847185
-0.038147926
-0.07611704
-0.13214779
0.096996546
-0.0021834373
0.24350691
-0.00824976
0.05817461
-0.08521414
0.11612725
0.0042726994
-0.03655529
0.13294435
0.047982216
-0.09316397
0.48355198
0.1274507
-0.23338175
0.36247778
-0.25791407
-0.767262
0.2887411
0.069692135
-0.10294676
-1.2458158
-1.3196645
-0.9662399
-0.46354675
-0.6297898
-0.6015272
-0.3423376
-0.45438766
-0.15999794
0.046849012
0.07431698
0.03132391
-0.091590405
-0.32451057
-0.0021138191
-0.03869295
-0.15652561
0.00936985
0.33491325
0.6781099
0.33868027
-0.23880911
-0.8021889
-0.6884012
-1.869566
-0.14484406
0.013577461
-0.15190792
-0.3425994
-1.3112106
-1.3990474
-0.576519
-0.75401783
-0.46683073
-0.1080699
-0.21461344
-0.3543086
-0.06854248
-0.3123207
-0.4216051
-0.2734189
0.106945515
-0.09713364
-0.5232668
0.3213699
0.42229724
0.33013153
-0.34969378
0.20698309
-0.08666992
-1.4044175
0.14660025
-0.36404562
0.15423703
-0.1585412
-0.16290236
-0.62213564
1.3887007
-0.5966544
-1.2965469
-0.7536702
-0.8626251
-1.1662312
-0.7476597
-0.48838186
-0.29403543
-0.6873307
-0.34986877
-0.26279783
0.0055191517
-0.25020266
-0.39614582
-0.51596403
-0.6421466
-0.26354885
0.18038249
0.26259303
-0.0561738
-1.3150039
0.8337834
-0.40952444
0.12490201
-0.14746714
-0.0076150894
-0.12511969
-0.35254765
0.51235414
-0.4688697
0.13275099
-0.08722448
0.1592679
-0.11532879
-0.33633947
-0.24033546
-0.46019125
-0.71339226
-0.45111465
-0.91717815
-0.94432354
-0.6740227
-0.6321573
-0.7275343
-0.5216284
-0.42989445
0.33075738
0.7645519
-0.40813732
-0.4318323
-0.11742878
0.20886254
0.21616554
-0.0056777
-0.094419956
0.085920334
-0.06757259
0.0035512447
0.46691036
0.493757
0.023511648
-0.25829172
-0.6495719
-0.636878
-0.43419123
-0.4307971
-0.4685378
-0.36179066
0.07385707
0.13951373
1.1087072
0.38883185
0.2195692
-0.11185217
-0.2794671
-0.3919387
0.100235224
0.05611539
-0.19536209
0.03216195
