561
59
39
167
501
740
397
734
40
697
139
732
614
336
63
445
47
446
46
612
309
135
79
41
45
418
731
360
703
398
35
425
48
368
611
416
694
87
387
60
473
308
419
415
224
503
643
666
704
721
695
444
733
44
394
370
150
359
615
562
420
725
533
369
667
148
475
640
282
619
500
151
64
720
423
14
51
273
15
116
756
384
638
274
647
751
207
246
7
504
342
49
699
121
257
388
371
62
58
399
365
443
514
149
529
344
153
50
198
226
131
510
554
34
0
13
690
130
447
752
33
610
31
594
181
11
668
283
658
644
486
395
36
172
332
196
61
509
774
85
152
773
604
665
729
154
566
780
677
750
632
453
111
396
538
22
220
634
581
338
232
637
763
496
216
386
289
18
302
417
544
301
702
165
755
609
543
56
669
32
80
262
639
168
759
161
727
1
527
664
661
276
622
285
630
519
768
6
38
621
470
411
582
549
495
424
606
83
212
66
107
175
209
469
392
684
723
441
569
542
140
315
214
316
605
2
162
271
547
53
84
294
343
295
264
595
237
414
776
537
482
548
355
551
298
771
310
270
77
645
29
244
188
526
128
208
180
88
653
4
584
5
314
778
591
410
160
134
304
518
233
471
515
513
439
576
159
317
272
585
552
459
54
481
608
483
689
553
454
129
28
438
570
579
426
403
187
476
458
596
523
303
629
247
55
564
275
603
631
268
656
592
512
133
679
680
545
132
681
215
620
522
155
156
413
484
290
241
186
236
9
754
218
12
248
597
649
546
464
366
327
550
385
602
571
648
437
68
141
183
227
345
492
57
691
20
474
478
217
383
123
730
331
539
468
583
782
498
580
567
349
568
536
376
524
491
200
722
678
321
300
245
659
762
487
705
110
636
700
540
26
382
409
184
623
328
671
607
508
660
210
206
10
511
24
457
633
19
235
286
688
25
30
673
269
255
574
560
27
635
467
202
682
672
112
499
353
52
319
781
575
16
719
219
213
339
601
485
431
430
465
599
748
78
182
372
764
291
158
701
655
628
106
577
711
21
190
662
757
263
297
714
326
267
201
203
520
23
375
412
103
402
293
292
598
440
258
497
578
176
205
516
261
8
163
716
17
178
654
391
696
692
266
238
348
82
657
613
563
783
455
3
124
427
65
400
749
404
337
466
191
463
95
541
626
354
204
318
185
401
91
373
683
127
377
119
287
472
493
243
728
494
173
663
231
346
652
736
118
442
320
367
651
242
179
125
234
435
624
43
528
452
460
641
299
356
284
288
521
97
436
102
600
364
229
448
589
490
189
120
157
488
650
265
525
534
126
555
211
573
758
254
296
735
105
228
770
380
572
517
381
715
174
93
230
256
324
675
164
743
405
358
144
279
240
166
718
330
432
456
627
587
260
625
407
340
685
767
378
322
676
122
693
146
170
101
433
772
530
687
67
239
357
408
280
618
252
428
147
674
81
75
347
532
98
94
766
37
406
92
429
462
531
502
199
171
389
559
361
558
