66
62
360
78
90
18
106
64
387
107
91
12
46
40
20
386
70
8
6
34
94
36
68
542
41
331
38
570
47
63
48
92
50
79
67
22
76
215
37
93
65
39
95
51
416
35
359
10
358
597
49
626
214
72
402
74
209
628
45
213
261
167
212
44
238
166
96
9
82
19
501
88
388
69
663
98
403
21
348
13
97
368
642
184
116
71
89
598
102
165
665
321
596
186
187
23
103
239
624
500
210
75
541
555
664
16
580
211
662
223
414
168
77
547
512
7
110
464
216
599
237
288
224
376
60
99
540
17
260
636
330
112
607
222
725
425
404
228
138
185
571
467
375
554
317
670
767
11
473
643
444
83
361
132
346
196
182
347
759
656
219
111
43
240
701
431
218
194
441
374
157
435
55
139
615
758
377
765
647
27
197
320
73
775
408
104
188
193
349
671
614
373
195
766
752
217
309
492
440
637
345
528
413
754
755
80
54
751
513
529
169
635
415
372
779
135
417
420
433
724
421
405
569
732
482
560
750
498
412
774
504
518
611
61
780
673
26
499
581
676
763
252
281
778
700
762
56
344
493
477
42
472
646
3
225
189
336
100
729
401
730
2
183
705
113
434
543
497
704
764
552
465
677
749
105
308
57
156
619
28
658
200
491
760
476
496
777
172
731
397
287
191
625
539
449
140
781
341
551
291
468
190
783
616
407
657
448
133
253
181
29
364
32
117
81
149
753
553
385
445
432
131
24
511
469
490
201
617
233
4
453
527
108
495
697
627
15
52
289
400
314
782
514
633
389
148
588
134
538
524
241
30
506
58
737
776
31
733
141
25
748
561
761
59
0
221
659
583
525
523
365
290
689
53
773
550
33
337
660
173
161
470
579
505
461
771
702
532
129
734
303
728
610
409
471
707
769
293
392
587
319
489
618
567
84
109
757
698
629
703
466
393
608
519
121
220
644
398
352
739
546
357
735
439
371
85
399
436
483
674
101
430
86
130
577
384
316
548
507
488
232
589
1
118
280
699
672
87
645
534
634
119
510
122
229
606
318
369
442
586
411
533
5
747
494
675
460
463
383
741
164
329
207
127
128
756
535
155
576
137
180
726
426
455
609
120
443
236
438
177
273
176
343
160
380
696
515
245
427
262
143
457
204
727
353
575
772
591
706
768
661
231
745
770
649
717
382
256
370
556
328
679
234
738
379
479
481
158
315
557
526
259
14
142
652
126
179
235
462
381
205
395
115
208
144
340
746
406
736
585
521
206
342
595
743
520
437
600
590
351
713
312
125
175
146
355
159
285
631
573
304
327
531
428
301
123
378
313
154
451
255
356
716
227
147
410
171
429
272
669
721
509
563
632
284
568
257
723
653
549
565
456
613
630
299
203
199
454
145
688
654
478
265
582
114
258
695
247
263
594
294
693
150
325
719
517
136
124
604
242
537
484
545
295
243
605
162
264
566
740
522
297
612
394
578
202
163
326
691
324
423
198
621
339
292
641
503
283
254
687
559
648
354
639
667
267
603
251
152
422
153
678
311
544
485
475
623
151
564
305
744
459
655
286
722
480
275
718
584
715
300
178
170
424
562
536
367
712
266
685
419
458
174
244
322
192
230
602
350
720
666
274
742
601
450
279
366
709
310
226
323
307
363
711
558
332
271
572
249
668
338
270
447
502
296
681
246
574
516
486
268
298
651
714
592
278
530
335
269
694
593
487
333
508
452
396
446
391
282
690
277
638
708
692
302
276
620
250
683
334
418
650
710
474
686
390
684
248
640
680
306
622
362
682
