436
435
466
529
592
467
465
561
593
497
653
433
560
468
363
437
364
464
498
652
373
404
625
651
622
429
434
341
430
463
624
591
469
496
623
626
397
405
374
340
365
406
528
402
462
331
372
394
650
682
683
654
342
428
403
659
530
332
401
431
396
655
715
362
395
495
684
627
658
300
714
559
308
333
594
371
974
562
283
307
309
716
1015
427
979
398
914
330
315
499
139
15
252
299
685
1005
432
329
438
763
301
455
1006
47
494
122
850
189
573
872
347
261
58
16
851
820
302
694
487
63
346
473
1007
253
370
660
247
426
869
269
551
700
159
911
704
661
504
237
221
236
72
841
807
726
882
519
158
17
943
709
190
1012
839
731
973
542
713
316
339
49
980
48
975
248
809
819
672
922
233
230
40
204
606
390
103
284
276
794
505
681
813
104
874
425
574
67
806
147
746
446
1013
888
1014
90
768
981
80
686
393
907
934
423
910
148
808
375
775
73
38
858
57
379
18
112
113
1011
84
946
510
643
268
220
256
679
883
796
222
541
95
826
840
644
613
902
912
825
673
279
705
823
35
232
161
445
34
357
792
115
678
321
859
205
461
298
605
291
137
324
890
795
590
130
580
543
116
127
536
764
575
668
628
384
857
641
870
478
199
748
290
192
1016
735
1001
732
821
1004
760
288
476
842
421
71
266
162
662
194
270
98
422
149
965
526
235
717
706
65
229
479
352
913
259
214
350
135
982
776
131
411
85
138
389
693
260
959
708
711
865
351
742
380
74
994
737
545
88
889
924
698
407
12
477
856
383
39
153
500
667
244
873
157
915
838
983
83
141
960
891
297
59
25
26
801
947
20
930
126
791
89
544
962
773
121
378
942
453
615
928
647
991
486
484
868
180
311
1023
583
637
892
828
320
355
727
356
774
707
896
75
134
96
275
1022
845
926
46
292
168
969
325
353
927
264
671
160
767
511
656
854
777
197
251
837
13
710
217
899
323
267
702
91
198
271
287
225
184
674
328
475
670
743
847
447
990
277
472
929
611
493
306
443
234
485
440
676
31
829
675
639
640
125
925
452
799
201
310
173
123
867
804
649
124
638
385
238
419
822
44
508
518
852
354
97
213
642
319
932
52
730
569
744
191
958
129
515
41
206
937
507
703
154
646
881
900
33
904
501
117
957
846
418
810
607
578
618
976
102
875
66
963
227
99
79
906
448
898
576
258
242
70
132
226
107
246
171
740
666
451
908
140
945
36
984
203
177
68
21
956
314
901
212
550
516
897
391
814
879
108
450
517
118
318
793
734
933
936
1020
762
317
128
136
895
866
55
608
454
830
322
193
32
416
514
800
8
211
296
992
64
629
27
2
358
781
871
481
274
527
824
931
265
77
778
996
903
293
414
105
1021
712
886
993
699
243
509
695
818
215
941
273
106
245
163
81
152
109
790
581
219
223
386
831
183
884
772
736
612
988
3
636
645
56
6
759
441
916
224
146
295
701
677
280
188
1010
196
745
1003
548
334
144
887
413
955
860
439
43
938
833
207
549
120
92
142
348
950
610
76
832
182
119
387
769
954
923
827
728
1
470
798
537
1009
101
257
761
939
179
410
738
540
254
964
289
167
143
166
175
156
417
878
951
19
848
30
572
797
803
919
634
582
961
444
181
546
729
37
415
538
176
9
512
525
609
202
178
185
765
187
250
733
989
286
880
14
513
749
788
861
978
1017
633
86
894
844
53
45
843
133
169
834
853
151
995
24
657
747
69
766
87
449
482
0
172
893
836
343
987
579
51
770
170
577
779
164
780
7
62
28
42
255
864
835
442
614
82
174
539
782
952
54
604
918
23
216
200
967
680
94
506
228
935
210
855
361
480
313
11
739
285
60
359
195
802
303
849
282
547
474
4
635
972
669
997
145
771
863
603
953
338
885
940
100
697
263
78
568
815
876
725
240
278
412
805
663
186
571
312
1008
327
741
326
602
970
986
382
231
239
456
998
905
692
50
811
968
165
29
155
241
817
294
483
977
630
209
5
22
921
388
420
111
949
520
281
944
1002
917
304
218
948
877
381
758
816
10
1018
648
150
570
360
345
665
272
262
862
558
488
349
110
114
1019
696
789
471
249
999
687
208
93
61
305
920
784
424
812
664
909
971
601
409
632
617
757
785
616
377
552
631
1000
600
400
718
985
756
366
502
392
335
344
966
408
369
584
691
787
783
399
621
503
337
751
724
336
368
457
619
750
599
786
598
376
531
690
752
567
689
367
595
534
688
535
755
566
719
585
753
460
720
459
489
563
553
458
754
723
620
533
532
597
521
721
557
596
586
524
722
492
565
564
490
589
554
587
556
522
491
588
523
555
