418
446
474
697
475
391
696
447
503
80
529
590
531
501
419
558
65
171
611
557
473
612
702
44
198
360
389
226
614
584
618
668
81
583
733
79
695
734
667
282
228
68
67
640
139
591
170
390
361
646
388
559
118
417
528
451
666
142
566
693
565
91
14
564
143
586
199
502
115
64
283
621
748
425
89
662
330
530
66
379
257
619
93
567
664
554
351
726
694
200
563
740
669
665
732
478
59
698
256
539
623
239
254
452
95
651
720
663
445
15
705
527
96
752
639
556
114
286
589
689
472
329
328
569
267
751
303
523
624
655
555
353
650
358
471
325
352
448
625
568
158
238
479
86
169
545
359
189
749
31
508
454
167
324
514
485
457
407
622
458
255
462
7
453
541
76
97
408
582
399
653
195
162
381
225
144
262
22
597
380
121
434
120
202
77
736
308
509
759
684
522
209
243
549
205
444
56
484
340
355
387
573
30
652
450
18
511
51
692
85
98
109
186
561
435
756
53
92
481
25
542
730
671
647
83
673
0
603
727
594
165
687
595
489
149
216
731
483
175
406
599
99
661
268
1
5
94
261
237
540
463
29
232
74
285
240
33
631
55
141
326
537
8
302
513
10
626
433
26
127
271
84
550
43
16
520
259
553
628
236
218
378
551
757
180
111
60
157
2
436
160
234
258
577
515
654
174
301
690
159
490
517
188
224
122
150
465
126
570
466
187
600
613
516
641
215
526
274
4
638
323
275
728
272
299
598
336
714
11
507
58
683
572
87
763
69
700
300
100
314
161
428
704
699
405
213
367
486
132
147
659
498
266
196
575
656
206
233
500
176
635
134
327
487
185
552
6
246
356
548
562
660
242
377
357
644
482
203
354
658
270
560
755
681
331
783
119
782
657
440
735
719
168
125
685
519
415
214
19
576
410
154
574
123
754
627
208
678
210
504
648
676
729
439
521
525
430
510
244
211
20
461
649
24
212
235
701
152
179
441
17
630
217
615
770
332
350
547
264
21
780
155
593
470
404
602
758
455
480
28
688
311
231
596
117
469
672
426
476
148
82
601
296
265
413
229
204
269
190
645
764
129
54
459
23
744
691
495
606
716
424
538
546
467
682
130
201
307
592
543
610
57
643
524
140
32
739
464
177
412
512
9
429
629
518
128
163
616
61
506
608
605
27
711
725
112
710
737
609
52
491
183
578
680
634
494
260
403
686
437
153
721
156
382
349
313
409
715
636
245
632
309
771
781
456
536
146
365
767
279
637
45
398
492
70
496
207
431
383
633
316
579
776
3
368
230
493
339
488
571
400
101
432
227
263
427
620
182
294
73
124
385
384
747
251
411
708
345
712
36
364
288
291
395
386
47
39
397
289
35
252
178
241
762
585
13
750
63
40
48
181
292
290
317
315
50
166
342
49
341
34
78
774
41
135
62
46
107
703
