328
357
733
69
355
48
42
763
771
437
110
365
281
2
20
762
703
643
21
27
46
731
115
356
10
81
398
327
363
672
138
422
369
358
345
329
409
92
45
90
32
105
647
386
71
735
320
374
120
346
411
172
347
95
465
748
49
73
354
410
744
91
199
480
103
572
425
145
102
104
724
96
473
619
397
379
336
444
455
5
419
101
659
31
34
8
426
164
76
427
754
188
66
478
370
117
448
255
764
632
144
614
586
674
114
70
454
12
33
416
738
187
79
97
64
330
700
84
489
394
159
63
373
171
55
778
726
87
642
392
730
393
41
24
453
30
26
535
174
501
759
702
423
100
318
308
116
720
456
755
708
194
484
375
750
600
776
719
147
382
348
283
563
310
319
256
312
383
351
485
173
403
657
77
415
573
324
656
689
658
391
530
734
121
577
438
216
692
545
99
604
384
338
385
743
368
53
678
649
741
718
395
278
709
313
98
665
443
300
466
704
78
131
201
673
716
483
472
679
536
412
766
396
564
440
439
737
693
628
549
500
296
680
414
494
341
421
137
717
681
682
269
651
714
202
710
715
367
122
469
468
668
149
711
713
250
777
60
482
523
524
467
413
198
441
359
387
123
712
495
226
264
496
498
51
470
230
108
289
593
497
503
551
707
742
295
525
442
621
749
294
705
575
534
