158
461
631
342
486
488
297
402
686
321
243
493
407
235
381
244
517
685
261
605
404
515
691
352
490
236
514
688
460
65
323
660
599
512
376
546
513
601
457
299
462
349
522
629
288
314
301
262
167
215
511
234
518
270
683
519
544
509
664
292
260
268
302
263
520
237
265
548
253
272
729
690
291
241
695
521
687
287
160
184
213
124
366
487
627
428
209
293
694
186
510
140
6
267
208
271
290
431
547
432
128
699
35
266
684
317
286
492
516
62
183
7
756
481
238
112
185
240
420
616
18
150
435
111
177
15
29
706
9
182
179
721
556
0
204
505
617
761
242
303
550
424
458
214
722
125
723
273
180
107
592
533
377
583
239
565
475
340
747
126
555
378
322
58
405
181
552
315
450
207
662
326
652
406
446
576
233
459
127
11
574
401
151
196
221
285
178
696
537
83
653
588
504
93
259
245
745
13
152
429
206
732
80
477
727
587
539
231
88
205
464
176
645
471
227
775
654
224
622
640
274
452
532
4
644
89
772
331
39
526
661
528
3
316
781
170
57
61
491
161
162
578
143
430
166
136
626
94
40
641
701
579
52
650
38
36
298
14
623
344
333
360
725
779
463
698
758
197
655
309
476
25
225
590
767
388
17
624
168
28
85
611
232
751
364
50
113
210
765
337
669
760
603
752
68
561
279
508
335
54
782
132
142
417
780
542
630
633
311
639
251
19
228
23
153
246
334
139
130
728
663
277
648
667
666
109
254
82
540
615
479
389
602
258
746
445
217
306
740
543
585
582
757
47
399
400
434
739
203
613
169
195
670
612
499
67
675
223
119
768
252
671
638
37
773
350
141
449
148
554
527
558
218
625
212
129
418
280
553
200
541
257
229
620
372
16
339
284
305
610
275
408
598
584
636
637
332
211
609
770
591
562
774
118
580
753
220
304
43
146
581
507
134
133
677
597
433
769
175
154
325
736
529
436
607
75
606
502
307
783
192
594
474
538
531
380
559
589
608
157
646
72
189
571
155
353
249
560
163
59
56
557
697
361
1
86
193
22
635
282
447
596
165
362
451
135
506
44
343
190
191
570
634
222
74
676
618
390
106
247
156
595
371
219
566
276
569
567
568
248
