731
321
289
555
291
317
356
745
504
399
292
570
689
230
272
685
375
247
764
318
229
772
736
734
682
313
27
389
589
351
207
319
511
283
178
566
159
607
621
221
655
263
579
345
509
49
120
479
132
497
243
146
65
672
735
213
141
0
634
316
631
656
84
474
733
544
646
723
571
320
261
381
585
485
445
482
453
3
662
64
653
633
704
762
330
302
632
387
35
4
215
348
614
606
783
593
296
177
14
234
695
626
604
737
525
34
569
605
560
755
693
586
727
168
639
781
400
602
327
463
611
464
407
114
505
692
410
469
29
294
354
269
722
661
231
468
434
20
325
738
433
739
402
100
232
380
16
476
95
658
572
437
432
157
209
553
600
705
687
203
262
45
686
401
270
601
498
57
486
238
24
372
260
352
543
326
431
235
295
153
150
268
636
628
358
545
423
430
233
531
176
347
205
609
324
23
242
214
33
13
151
427
220
328
53
502
603
428
408
429
2
208
371
666
54
346
22
258
744
743
297
484
85
186
590
424
125
169
189
370
26
477
265
158
200
669
625
780
598
44
369
615
164
728
46
383
83
301
271
48
344
373
480
475
185
707
257
299
241
576
454
216
10
287
279
210
749
286
18
28
86
312
782
644
490
15
487
659
228
386
212
758
82
240
488
182
759
489
264
179
298
456
329
165
663
66
665
172
184
288
11
68
701
40
111
211
140
355
353
709
640
255
183
149
492
748
548
340
524
637
559
342
671
438
181
458
409
718
583
58
624
753
444
155
388
551
173
398
730
563
133
285
712
457
6
638
31
620
41
591
472
76
473
106
107
180
483
156
694
382
115
98
526
425
645
439
575
537
478
12
635
8
436
587
374
564
206
259
163
38
452
664
293
116
573
649
421
750
529
174
760
691
630
154
305
629
105
196
765
681
109
657
314
101
343
777
113
266
426
412
197
81
459
549
660
204
441
530
465
170
413
455
462
674
747
508
135
643
491
67
688
679
77
397
562
393
152
774
315
522
690
148
584
521
523
385
496
697
103
466
481
719
582
650
202
72
461
779
42
63
460
675
252
61
495
80
145
668
518
62
721
726
195
507
136
651
75
118
47
137
108
363
338
610
534
336
395
365
720
443
775
678
561
708
761
92
554
493
307
536
470
535
592
612
256
367
776
725
104
574
309
506
69
223
520
446
773
547
71
677
394
280
396
198
546
494
698
167
227
335
144
139
222
467
519
225
415
414
226
368
311
254
253
366
778
442
89
308
110
90
70
91
281
337
769
310
171
339
448
501
282
117
533
199
