466
434
465
498
497
436
435
626
529
397
405
430
593
437
561
467
433
429
404
654
625
685
363
468
591
651
331
684
530
623
396
402
469
683
403
592
373
560
406
395
462
655
394
464
428
624
340
496
341
332
594
364
372
658
300
622
463
652
427
562
362
374
653
650
682
715
528
716
365
1015
431
659
308
426
307
438
301
398
401
333
627
974
1005
371
686
1006
494
495
559
342
330
694
979
302
299
309
714
1007
499
914
139
661
269
370
542
339
1012
693
526
763
869
329
261
84
662
432
283
973
473
858
573
455
975
796
346
247
980
1013
446
606
1014
700
315
704
63
230
809
574
660
276
122
510
731
47
888
841
15
58
705
1011
872
390
543
161
882
85
1016
57
252
103
792
347
943
911
672
981
922
80
130
673
859
104
764
279
709
850
551
72
823
425
487
49
248
504
116
1004
290
890
478
393
321
1001
839
794
233
256
237
115
768
883
807
851
934
16
17
253
291
421
874
717
808
204
270
575
189
162
148
641
505
519
775
316
423
268
825
857
232
732
112
48
902
357
870
889
90
479
613
236
678
541
221
679
907
698
912
806
946
192
147
706
826
910
445
194
113
643
284
229
311
244
73
713
384
288
959
842
260
795
199
95
159
461
735
828
131
840
83
422
190
158
35
259
545
644
668
98
605
324
88
96
590
667
137
580
379
776
982
865
965
453
67
389
205
153
411
34
913
760
991
214
681
1023
375
801
135
924
89
220
710
222
746
352
711
930
149
74
742
476
737
18
983
892
475
477
138
726
838
198
994
320
829
1022
671
484
536
121
127
628
707
767
323
298
926
867
511
306
702
160
544
378
25
44
854
500
485
773
820
235
75
837
891
355
350
856
947
52
774
942
65
507
637
141
180
225
896
915
266
960
277
743
927
868
297
314
251
962
486
674
168
325
383
271
443
292
380
777
197
730
642
748
900
217
353
708
20
873
646
157
184
929
310
12
928
264
638
59
990
126
899
351
354
328
647
670
611
791
804
875
932
656
969
452
356
134
227
125
676
123
925
447
234
79
287
275
508
191
46
293
91
201
640
744
21
810
799
963
448
319
772
385
124
639
517
578
666
515
418
215
740
904
675
518
206
576
451
71
238
154
213
246
958
136
618
407
226
31
703
2
173
607
581
26
898
879
906
608
976
957
419
166
117
516
845
219
881
40
258
822
615
212
887
8
416
223
901
871
242
472
956
583
937
171
830
984
895
945
550
549
734
317
182
903
177
414
318
908
250
97
129
38
183
41
793
188
440
933
992
391
866
282
203
108
821
454
1020
923
831
140
762
296
211
800
699
128
884
916
156
645
897
936
955
167
102
848
993
996
358
187
322
107
798
99
629
954
163
846
334
509
386
413
33
677
13
612
267
548
27
254
636
736
81
193
501
712
118
77
514
852
142
348
450
941
951
146
132
441
6
886
931
265
105
243
832
1021
144
68
761
493
175
66
286
778
950
813
527
255
19
878
538
224
964
109
152
92
245
988
649
919
569
207
196
481
186
181
37
540
729
39
55
274
273
847
938
444
634
1010
179
280
579
701
143
987
843
64
285
410
169
216
582
176
610
609
45
572
185
833
106
295
961
939
70
43
836
9
547
101
178
14
387
738
952
769
824
439
844
827
864
853
32
24
797
918
155
36
1009
860
172
880
604
417
202
995
745
30
766
614
7
76
803
145
94
512
415
218
164
412
343
289
894
1003
849
200
174
539
28
359
546
577
228
133
62
997
4
82
69
537
876
978
257
382
781
151
119
120
815
805
635
741
863
281
42
170
967
765
474
53
695
814
3
953
818
861
935
603
60
506
78
56
1017
11
51
819
381
442
905
834
986
989
571
449
817
657
749
885
779
782
480
633
5
23
917
680
728
210
855
513
249
893
313
697
327
940
470
835
483
921
770
22
816
100
949
86
278
747
568
29
361
998
602
669
231
802
50
972
1019
759
195
788
739
165
388
948
303
811
733
482
1
420
877
780
263
790
456
771
944
968
294
111
262
349
326
150
1018
87
54
240
338
727
10
360
209
93
239
0
725
920
970
977
1008
570
648
61
312
241
114
665
909
862
520
424
110
812
208
696
758
471
488
966
789
304
663
617
999
525
630
616
601
409
784
408
600
345
392
272
985
400
664
971
1002
366
632
621
787
757
377
552
305
785
687
631
335
584
1000
558
344
756
369
783
718
376
399
692
503
619
786
368
457
599
531
367
336
751
595
750
337
567
502
724
691
535
689
690
752
585
620
597
563
688
755
598
533
532
753
596
719
460
553
489
720
459
754
534
521
458
723
566
492
586
524
565
721
564
589
722
557
587
588
490
554
522
523
491
556
555
