406
394
693
438
367
490
755
458
598
756
426
599
527
373
785
469
332
303
333
784
331
722
523
362
561
659
593
660
234
529
711
623
786
656
494
843
390
842
685
470
658
266
626
761
663
816
304
793
877
311
272
559
246
297
422
878
265
302
974
1006
374
760
306
679
725
844
271
646
240
743
233
752
876
57
654
232
486
180
809
215
625
148
678
875
4
29
201
845
518
910
798
296
959
227
992
710
279
283
245
284
810
538
792
278
536
149
704
75
343
315
613
908
581
939
248
1005
960
202
840
653
766
15
89
705
346
797
379
384
58
829
347
16
823
938
991
817
847
848
926
247
27
874
830
30
122
316
737
59
221
614
47
841
389
765
26
922
181
357
645
235
60
604
48
744
993
869
44
252
200
321
65
45
199
742
870
740
505
709
342
977
282
796
728
735
90
416
481
973
358
354
506
907
264
46
153
611
74
441
35
170
49
322
214
701
95
919
3
924
799
672
286
328
667
93
677
163
961
17
133
318
549
639
253
920
913
189
411
513
473
950
970
573
707
141
1009
183
627
998
455
169
80
291
147
220
353
644
300
453
350
258
103
958
280
196
91
837
73
88
386
706
815
136
787
226
6
157
736
105
702
352
896
994
28
668
452
606
1018
448
259
97
359
94
421
167
647
982
872
104
2
182
433
168
524
945
927
79
826
643
768
603
925
539
578
62
895
483
317
106
859
675
126
281
975
582
85
767
868
928
326
700
450
510
949
256
131
92
771
5
142
891
804
1003
294
739
955
139
686
918
788
137
839
121
222
194
850
310
330
540
577
185
971
962
946
519
166
152
865
192
1004
37
474
132
866
251
195
610
934
320
487
676
730
31
987
981
932
305
846
14
635
356
113
854
978
324
273
440
162
867
544
476
894
385
84
775
576
127
285
738
917
951
937
159
712
979
568
861
512
629
488
834
575
1022
262
125
734
508
898
772
957
140
124
1019
217
454
942
731
899
929
134
580
479
673
118
930
990
68
674
190
138
800
325
857
570
572
863
135
0
640
953
444
501
889
886
764
551
77
514
941
783
290
112
967
261
418
400
143
831
605
76
439
231
12
98
263
821
903
820
684
897
449
447
862
292
387
858
81
708
888
574
348
807
63
579
150
86
301
900
36
818
109
100
904
25
1001
825
154
906
164
225
699
108
885
855
892
733
608
732
893
423
67
887
612
66
327
1015
287
698
703
811
871
921
902
637
836
729
642
191
229
239
254
543
802
255
388
769
230
641
478
965
158
323
546
130
776
443
909
638
680
835
873
860
260
213
55
288
669
697
78
208
115
477
1023
184
52
355
442
173
511
417
380
1010
116
972
314
1013
329
936
976
997
671
216
985
905
803
83
542
935
13
986
838
146
520
375
828
43
890
819
916
413
609
197
188
484
111
171
509
794
548
412
381
1014
451
515
319
414
110
117
933
741
968
41
1
482
391
123
770
931
550
607
165
99
69
408
351
806
187
377
293
64
309
249
96
954
1002
198
219
250
822
940
33
376
901
670
312
634
206
228
498
223
7
160
504
969
257
879
814
923
569
107
270
101
446
545
155
636
179
763
1016
38
32
984
42
156
541
207
72
795
298
344
289
864
19
963
54
980
853
119
9
409
383
128
571
1020
120
805
808
472
943
480
801
186
1017
952
419
349
129
1007
773
600
516
277
915
999
944
420
774
244
34
218
547
193
56
762
475
11
849
102
517
151
914
948
203
956
832
53
299
996
827
1012
1011
833
1021
856
851
485
8
40
988
445
911
224
526
82
161
912
983
20
51
789
114
70
537
50
947
18
382
583
824
378
295
615
456
39
507
757
782
370
21
145
144
87
1000
964
652
591
694
205
995
176
237
71
313
410
696
172
966
24
407
204
267
779
666
880
790
415
813
243
212
882
881
791
175
489
341
497
1008
10
989
174
594
269
23
238
241
616
648
393
812
334
236
274
713
597
632
664
602
401
781
465
22
211
633
361
308
552
884
778
177
883
628
852
276
601
275
268
178
360
695
525
345
681
746
780
209
430
392
584
431
777
617
471
747
665
502
424
745
649
758
340
759
714
495
242
565
751
748
425
566
533
210
690
338
307
567
727
750
721
726
749
457
335
715
716
336
585
562
500
682
496
687
432
337
622
657
339
534
717
651
522
553
368
503
530
521
620
689
683
650
718
619
369
618
464
499
535
720
463
595
719
688
621
586
596
555
556
587
462
558
554
532
563
590
531
588
564
557
589
