742
734
736
732
738
746
740
572
748
744
667
762
721
720
369
368
737
358
705
760
735
666
764
329
704
763
692
640
684
694
584
209
600
686
707
770
733
182
328
317
741
514
766
765
356
739
383
344
208
384
385
706
612
743
668
745
371
412
316
396
437
761
370
181
715
749
719
693
462
544
669
776
545
747
53
718
703
340
464
29
55
141
180
613
49
140
599
781
456
313
655
365
410
28
517
357
573
210
717
774
466
709
47
701
52
710
341
315
153
167
708
656
288
35
359
314
318
54
716
767
31
62
702
641
639
355
48
780
342
25
216
187
289
51
700
452
695
589
323
34
87
37
754
503
679
50
90
728
524
89
85
588
84
777
217
722
24
345
504
756
372
331
364
286
21
111
322
112
585
142
46
533
677
188
343
516
166
91
143
110
665
645
151
757
33
41
768
532
263
337
515
3
109
9
183
32
413
88
619
559
113
30
491
144
312
750
290
386
751
593
206
152
685
630
400
465
27
375
644
108
207
19
301
145
520
755
782
36
114
676
459
505
376
771
40
489
330
678
297
571
59
179
262
291
783
397
287
714
309
411
205
178
348
430
26
258
458
259
373
63
86
204
560
39
723
15
139
424
772
627
13
691
675
281
12
561
779
438
448
80
215
519
673
419
440
253
81
20
753
492
398
23
624
647
83
115
403
551
672
395
461
531
264
615
683
729
243
565
628
268
423
730
324
487
431
4
377
150
476
8
1
447
449
5
186
758
671
434
690
7
45
618
626
778
405
271
759
22
189
61
725
490
463
321
107
11
486
374
617
0
308
435
658
261
298
731
477
197
14
399
654
38
664
169
241
82
494
56
769
299
17
558
293
233
43
427
116
426
270
502
457
493
292
404
643
269
245
260
475
2
401
689
439
488
425
436
775
467
432
232
550
682
246
421
674
65
117
625
629
511
235
752
646
453
320
539
407
631
225
237
196
616
349
523
57
336
265
484
155
280
6
300
242
441
199
387
106
402
773
521
294
64
406
244
42
350
177
18
223
538
267
285
446
601
138
576
699
525
455
687
428
711
409
252
231
418
433
393
592
712
335
176
681
727
420
680
303
295
577
79
327
347
638
168
688
60
587
697
414
614
92
214
657
351
93
637
510
670
257
495
469
296
429
530
470
724
522
415
642
496
507
468
474
591
535
586
564
696
