676
210
562
675
618
222
175
305
736
165
668
418
701
506
613
148
82
209
334
279
306
530
768
591
449
450
758
566
749
765
242
123
580
707
53
181
589
671
696
25
502
772
150
44
447
560
277
362
169
243
224
557
477
740
146
531
558
783
746
705
22
178
774
86
561
760
750
745
391
59
451
51
594
698
211
564
585
747
776
1
56
559
176
722
773
553
208
171
646
338
118
673
697
282
693
308
122
615
755
390
739
667
117
529
174
778
742
4
396
715
144
711
452
717
782
706
581
248
116
638
669
177
307
647
47
769
595
567
12
582
276
588
244
608
182
58
666
361
203
93
130
43
228
536
770
607
239
299
78
202
525
280
55
332
565
16
41
710
310
620
614
499
637
270
533
712
674
737
149
252
304
367
238
339
119
651
777
714
141
217
713
151
448
621
592
505
173
298
147
754
507
702
24
63
424
761
33
478
526
5
741
508
563
535
114
129
201
781
685
538
730
552
84
393
554
205
271
718
204
642
31
498
684
68
26
394
650
634
568
87
471
246
474
537
229
392
609
700
583
360
124
79
503
421
753
218
635
395
30
215
579
683
627
245
726
272
649
250
220
759
569
622
216
709
158
121
157
214
623
677
720
186
375
189
686
135
199
663
524
626
297
230
441
327
521
247
628
274
300
231
619
187
379
321
682
188
549
64
681
273
232
468
678
403
236
200
442
527
283
679
400
269
680
598
497
237
348
520
687
692
241
108
690
593
433
493
469
295
275
159
436
602
233
555
600
410
368
691
688
192
601
301
331
145
255
575
440
388
648
636
599
74
294
439
99
470
94
302
322
432
66
496
548
576
629
134
326
219
328
136
397
190
661
408
573
213
234
437
347
481
266
101
708
100
98
510
539
399
256
407
401
235
597
528
460
406
509
479
120
374
660
570
409
325
571
412
411
128
378
461
351
465
467
227
404
435
426
185
61
106
70
405
413
603
324
658
551
670
354
547
373
492
659
19
572
382
610
303
662
438
757
183
482
495
223
133
296
612
77
596
323
431
480
574
267
89
258
519
534
340
522
142
102
381
500
132
349
445
257
353
383
633
732
652
556
584
385
73
97
359
606
96
540
384
427
131
494
454
416
414
172
206
76
372
160
545
350
191
346
355
511
376
546
434
453
402
125
472
657
630
309
532
103
380
430
398
352
429
387
104
162
75
689
523
251
163
632
719
161
577
457
625
184
109
164
417
72
95
268
631
458
664
624
466
473
604
738
640
143
377
415
639
330
459
605
721
207
193
462
443
127
356
312
590
464
126
336
34
764
611
419
284
716
153
586
428
8
249
541
644
483
60
704
491
727
49
18
656
311
655
341
550
80
52
254
724
320
345
734
512
13
57
641
369
88
463
154
475
329
83
196
653
423
152
197
425
654
645
17
542
694
371
752
155
518
45
578
170
446
226
501
198
313
85
723
775
616
389
29
23
15
11
476
725
240
0
90
489
105
65
69
92
357
