775
776
795
773
1015
774
515
21
823
550
8
439
274
745
212
275
886
161
983
665
872
335
763
806
856
658
883
694
368
39
20
666
470
500
777
822
1008
941
583
336
373
403
750
435
940
40
334
268
438
1007
794
852
301
503
404
434
625
791
825
456
405
337
648
437
302
269
471
392
751
555
747
308
393
469
681
689
341
617
656
624
498
564
372
457
338
436
720
726
424
466
685
655
686
749
657
714
748
496
307
467
649
468
688
499
719
425
402
340
684
431
371
716
339
497
715
432
558
682
369
586
370
687
654
620
717
718
433
401
589
465
621
430
683
591
623
652
650
653
462
464
590
651
557
618
587
619
463
556
622
588
