740
239
147
538
71
263
627
104
93
554
242
82
153
246
552
299
432
401
509
594
297
731
416
265
522
730
22
131
758
298
537
300
596
757
588
183
323
349
663
141
701
277
160
754
657
466
437
31
462
777
302
261
434
573
84
783
188
284
4
595
667
206
200
624
26
492
268
30
155
326
121
739
264
134
232
405
322
190
635
208
73
526
658
250
468
510
24
320
631
579
494
324
550
159
407
687
603
233
600
645
620
575
431
597
623
29
203
521
547
660
426
351
374
605
102
458
327
562
633
577
625
433
367
549
180
347
606
382
15
672
599
85
321
402
781
207
479
429
519
220
375
409
301
661
638
52
54
295
524
278
325
164
632
339
560
734
760
729
18
352
328
312
154
772
8
628
215
266
493
656
6
338
771
238
337
20
146
75
380
217
476
616
9
57
23
574
5
101
381
384
28
770
695
752
373
598
555
491
508
629
601
379
235
422
262
626
129
260
17
225
296
294
457
527
539
275
356
53
19
609
214
227
234
229
112
602
641
236
83
211
187
480
157
10
761
727
204
32
33
604
218
273
27
546
436
136
2
622
319
132
520
3
644
621
715
459
551
584
176
419
634
267
637
345
185
428
463
716
237
688
608
355
70
303
21
191
195
430
780
293
330
79
756
540
664
532
699
280
111
245
116
630
736
572
692
372
453
423
465
61
196
65
383
403
694
343
723
58
732
769
445
364
371
659
417
219
593
496
755
340
545
541
248
613
253
775
489
161
292
45
764
585
665
482
395
690
224
285
12
316
369
64
504
586
488
366
530
133
288
490
51
331
37
247
666
542
691
612
427
543
534
287
511
721
481
252
290
318
518
773
291
587
103
722
365
392
59
483
750
342
368
67
36
640
87
105
315
60
357
336
139
69
387
332
110
166
304
456
106
341
88
763
762
487
308
455
13
317
289
751
386
533
358
420
77
309
38
167
49
34
544
39
78
276
725
41
512
50
68
40
62
313
360
46
281
484
517
774
47
485
394
359
48
35
486
66
63
514
107
135
513
516
515
703
