328
83
546
445
128
426
281
580
102
494
181
585
403
48
489
562
383
699
166
607
315
268
178
756
34
398
593
192
508
429
88
134
153
187
369
471
164
518
490
723
224
762
424
13
127
151
245
252
776
567
296
639
176
397
615
152
38
320
77
110
453
46
544
342
304
321
177
218
35
568
47
161
763
423
488
275
691
219
643
428
322
167
365
664
295
248
314
341
220
534
294
263
133
39
287
427
692
40
62
637
368
285
63
638
392
267
721
191
395
690
525
533
725
694
481
454
41
722
732
136
487
517
640
103
482
665
666
512
750
420
394
612
105
483
106
276
247
774
313
456
107
455
485
514
516
486
513
484
515
135
703
