687
464
465
686
497
463
433
622
654
653
688
401
685
469
404
720
402
436
689
652
437
657
430
432
470
651
369
718
468
719
684
623
466
690
371
717
658
590
655
403
659
20
467
370
683
434
431
438
621
498
619
656
435
400
502
368
620
339
471
405
499
372
393
885
496
650
21
660
462
425
721
591
751
503
307
722
336
340
716
762
624
691
750
972
335
825
794
338
749
886
131
982
19
618
334
424
625
392
337
715
84
776
676
173
39
111
8
264
940
723
172
515
313
899
941
439
933
40
52
856
302
256
212
852
204
682
7
267
763
346
378
184
295
360
748
263
282
912
294
731
500
726
484
192
855
971
932
824
795
755
930
725
53
853
694
964
808
983
931
908
323
301
306
516
281
667
1016
541
199
229
163
724
801
937
774
587
1008
161
415
451
186
775
383
83
269
1015
139
984
387
109
1007
666
950
261
673
99
117
6
33
831
900
293
756
579
968
698
641
909
457
928
219
10
123
160
884
446
13
704
934
883
250
730
101
914
178
806
542
485
833
823
445
214
345
262
626
381
752
349
233
973
969
71
857
72
224
11
225
773
887
904
872
181
110
197
511
602
703
640
547
864
672
382
456
274
124
420
327
43
365
137
959
981
832
164
24
917
915
128
290
1002
827
226
419
218
314
989
671
308
79
348
800
23
838
289
216
12
140
866
366
196
185
238
670
122
865
481
483
936
130
643
1013
702
444
351
929
135
292
291
159
187
956
126
700
326
41
167
121
965
198
791
478
799
14
63
38
796
25
32
736
162
205
76
807
230
112
51
980
649
418
59
251
991
939
905
709
769
787
217
288
949
543
305
154
320
350
1014
479
926
544
918
782
859
919
47
450
764
475
902
324
916
858
988
28
907
31
367
545
927
252
414
768
127
223
213
797
4
510
952
16
268
891
828
901
990
898
27
26
951
188
734
935
839
413
60
45
9
767
77
18
911
580
512
203
975
1017
255
642
513
236
896
125
1011
699
958
639
860
193
830
826
220
452
70
829
741
822
158
840
153
129
732
133
447
253
870
44
1
985
190
897
854
1004
249
46
182
373
283
668
995
168
509
967
942
638
317
871
890
507
166
155
94
924
165
1012
30
37
1001
232
635
156
948
922
803
58
102
805
576
222
254
514
64
957
606
733
96
421
227
710
319
634
873
546
180
708
757
171
539
169
637
108
61
91
211
482
963
449
577
78
231
257
62
947
867
152
142
228
480
888
391
607
611
380
36
550
5
954
889
535
328
341
970
923
1005
386
275
477
195
355
69
1021
876
138
17
151
157
80
863
120
22
772
892
15
472
925
921
280
894
100
735
48
869
783
706
645
966
770
906
148
417
194
287
361
35
377
92
237
548
234
248
385
834
1022
353
777
416
574
753
1023
95
85
705
738
573
575
962
583
578
802
893
669
189
34
675
742
42
861
737
605
609
903
82
286
765
67
868
835
938
771
517
953
136
955
571
714
115
107
56
674
49
285
440
711
895
920
75
352
862
191
221
943
987
88
0
93
57
65
804
90
747
406
836
50
766
701
134
73
707
961
356
508
2
89
603
354
986
882
143
388
612
837
29
150
423
504
174
284
243
316
1003
1020
549
379
384
325
976
54
648
809
754
265
87
333
443
1018
411
570
644
247
321
410
141
841
739
318
303
398
113
798
55
476
297
636
244
610
260
175
448
974
103
874
299
608
259
487
979
206
745
615
242
501
104
66
960
132
105
119
628
145
215
296
322
538
170
359
996
304
442
426
81
453
851
68
97
781
601
551
1019
258
74
399
586
729
1000
270
235
647
273
519
266
177
697
743
944
276
740
86
312
183
202
506
454
613
144
678
681
298
116
627
518
147
994
176
780
271
412
810
407
1006
179
572
913
397
106
999
201
785
358
409
600
245
98
778
680
604
149
581
315
118
629
474
792
786
582
881
592
3
784
779
790
646
455
246
758
793
665
821
760
300
744
241
677
540
588
589
820
910
536
114
505
679
993
344
850
239
761
200
998
997
357
408
146
632
880
390
746
389
279
486
616
633
210
992
877
617
788
875
712
309
692
811
272
374
473
422
568
488
713
207
945
558
842
1009
812
813
614
441
489
844
537
1010
329
584
277
845
814
332
693
209
376
330
759
569
815
208
727
818
567
375
819
552
347
695
342
520
879
846
278
978
977
789
946
663
458
843
554
240
728
534
394
599
878
817
531
555
816
521
311
364
331
664
343
585
310
849
532
557
631
553
429
848
661
490
662
696
847
593
556
522
396
630
530
529
459
559
598
362
525
597
533
427
523
524
566
491
363
564
495
596
395
594
565
428
560
561
461
526
492
595
563
528
494
460
562
493
527
