555
523
556
587
524
491
554
1018
588
586
557
490
986
492
525
522
589
954
458
563
42
596
24
558
963
595
953
985
3
459
526
21
803
257
619
772
564
996
998
992
234
771
144
766
495
251
732
143
54
981
611
383
535
493
256
995
113
527
0
10
494
613
460
219
559
590
51
181
503
997
221
193
266
1019
86
904
190
324
246
745
225
576
976
620
591
64
671
977
224
461
585
9
462
382
179
922
32
778
220
987
356
146
553
482
145
1020
87
903
944
448
597
600
463
445
823
672
4
618
489
734
22
414
160
449
55
265
53
351
795
187
916
577
41
278
57
214
947
289
770
628
824
101
912
978
189
430
643
917
993
609
142
999
594
132
247
29
972
325
381
413
218
233
531
703
316
798
188
961
521
738
617
110
955
536
792
457
915
632
608
855
207
964
253
694
629
842
965
844
65
906
980
421
157
810
180
412
426
182
938
931
471
481
544
175
159
835
34
979
975
631
279
886
515
804
281
599
759
118
811
480
106
410
960
297
28
156
767
291
1008
23
25
74
429
442
994
777
502
252
567
235
765
390
639
512
606
967
560
664
740
598
389
921
50
946
542
245
727
630
663
320
661
141
730
702
948
614
796
568
377
669
178
562
739
140
704
1017
115
311
890
966
95
259
258
134
878
427
350
192
678
516
592
70
735
374
147
439
443
440
323
791
155
693
935
199
982
644
662
213
69
872
206
415
773
231
581
62
39
833
621
580
847
949
6
675
793
701
197
926
733
380
470
862
885
1
454
236
623
108
217
779
227
196
170
2
277
914
593
744
376
202
642
153
584
764
33
758
409
504
378
317
352
726
322
633
601
665
517
943
139
267
83
310
848
496
937
879
203
731
375
637
104
800
167
85
582
1010
696
344
173
697
191
569
913
174
453
695
136
441
760
138
610
343
646
355
854
328
212
408
276
112
968
746
425
645
373
952
889
865
131
552
161
769
176
450
473
168
893
505
550
612
447
416
166
936
1003
94
870
905
290
406
883
945
451
761
895
295
607
37
82
1009
866
815
242
19
177
566
133
532
428
298
68
902
753
871
817
528
543
816
570
776
56
5
66
991
507
452
911
752
881
84
537
846
729
514
763
843
52
8
728
877
475
357
1021
169
275
186
292
762
307
479
667
988
208
876
825
801
241
863
785
474
43
506
308
790
822
280
483
89
713
934
444
845
260
918
708
622
273
571
670
709
928
100
666
342
485
768
158
240
616
243
111
105
88
747
424
162
836
99
287
120
209
933
867
198
274
539
520
813
248
950
910
860
741
284
119
1000
456
538
859
306
309
603
899
832
194
407
749
472
299
565
849
288
891
239
939
148
222
561
534
269
858
754
93
615
780
962
712
285
363
135
548
887
814
422
649
812
75
38
44
201
271
312
1013
513
364
736
579
268
627
920
959
638
330
882
393
286
602
711
319
488
834
478
395
818
604
341
411
420
128
379
388
680
574
518
668
238
36
237
650
575
880
907
296
18
226
96
300
873
305
35
841
970
362
31
149
748
706
519
40
345
361
648
781
431
786
634
419
293
838
151
392
332
78
723
20
360
541
331
102
272
757
264
26
116
699
789
103
30
313
329
806
850
681
61
185
117
79
92
725
508
605
394
125
874
71
205
635
282
391
797
547
714
349
839
875
551
783
417
476
164
624
487
165
698
354
210
828
990
150
927
755
124
784
455
301
244
892
302
898
676
270
358
707
464
837
327
90
163
894
107
929
788
673
1014
787
216
384
799
223
677
805
583
956
546
114
509
304
821
809
171
353
438
958
359
573
254
249
705
827
794
751
750
897
77
137
200
11
130
636
109
321
540
333
484
819
826
129
578
722
340
27
263
405
126
861
940
831
572
477
73
7
647
152
782
971
58
830
820
338
679
348
446
127
228
1011
511
261
715
211
172
549
625
545
423
486
229
682
989
46
724
808
250
932
1007
829
674
919
14
856
510
318
756
123
72
640
802
737
315
868
700
262
1002
59
346
857
255
314
923
339
303
807
884
1023
530
337
851
63
386
930
853
925
60
372
17
742
121
283
98
45
215
942
347
398
365
721
1012
396
1004
717
864
888
336
91
184
67
641
840
97
1001
901
47
909
230
387
651
294
81
397
743
122
1022
13
1016
951
49
335
973
720
974
683
385
326
76
195
626
969
334
529
924
204
16
957
716
656
710
900
183
437
404
655
660
533
499
368
869
15
775
48
718
774
12
232
984
154
896
852
652
371
366
369
500
691
418
719
689
690
941
80
1006
399
501
654
367
983
692
657
1005
432
688
1015
370
908
400
469
653
497
687
686
684
436
658
403
685
498
659
468
401
465
467
433
402
435
466
434
