362
334
278
306
277
724
166
137
613
102
160
248
194
221
722
74
88
670
668
723
667
73
138
651
136
251
592
249
721
332
696
456
557
771
585
593
245
713
223
608
43
749
695
104
105
743
639
594
79
747
534
424
457
60
647
115
717
35
246
376
274
609
633
675
745
738
157
751
310
669
684
744
92
455
719
660
250
87
247
333
720
595
62
377
37
272
161
564
421
130
569
186
556
712
135
640
288
72
57
739
331
271
619
563
748
187
301
477
535
562
162
401
127
156
41
416
641
750
238
522
300
103
471
692
764
49
620
634
650
465
763
566
244
129
665
371
42
61
479
273
50
666
682
206
736
266
716
740
267
191
621
268
12
597
561
392
222
173
742
502
555
538
378
38
445
314
260
461
770
58
33
46
349
265
523
110
359
612
75
342
725
611
201
348
781
131
550
762
159
400
45
623
23
686
182
769
195
430
460
685
270
13
443
579
730
537
141
361
636
437
664
687
40
768
622
532
772
757
22
239
178
390
491
132
3
299
690
193
661
220
351
444
375
441
599
9
163
56
289
582
484
1
165
428
106
677
779
30
616
703
212
5
322
399
587
735
435
344
338
604
487
364
305
510
319
78
583
293
158
780
573
133
658
59
236
391
350
149
694
727
48
449
372
659
167
326
680
434
631
237
649
559
774
6
436
44
343
398
396
683
711
96
185
466
458
672
606
295
2
700
473
207
175
51
688
600
495
294
625
648
746
15
568
26
379
586
601
164
128
275
188
689
85
702
19
34
134
53
404
373
101
7
298
240
756
551
431
645
229
14
337
576
123
698
312
407
464
214
11
733
783
420
575
243
499
469
264
308
759
425
626
18
459
503
741
494
205
219
345
29
493
317
734
218
438
701
82
632
580
111
354
699
71
463
637
81
531
598
767
213
179
113
552
52
679
84
427
643
715
548
262
196
25
327
340
204
405
93
570
211
235
210
368
76
610
99
509
673
467
28
714
584
486
279
408
304
269
321
402
170
374
313
644
507
617
276
426
181
718
183
151
412
323
533
521
126
470
607
20
732
681
324
624
24
574
728
36
691
292
369
283
89
588
94
208
527
488
27
346
476
31
508
203
261
168
627
320
280
429
153
367
4
671
498
116
419
80
514
180
32
642
615
462
539
663
259
422
547
189
140
16
316
653
635
761
347
581
184
393
549
596
475
215
55
21
578
233
753
8
63
241
553
560
652
528
176
516
737
291
662
656
530
242
524
755
17
0
209
143
355
403
252
646
433
365
603
758
10
383
147
121
515
286
356
482
330
775
708
