652
473
501
718
182
10
675
660
683
538
586
147
350
411
231
739
330
745
430
604
571
510
275
176
554
746
181
468
531
70
238
403
469
302
609
744
101
639
450
496
234
605
530
537
321
198
630
223
419
180
689
526
498
582
183
237
75
177
384
296
770
549
342
184
298
113
665
73
156
179
631
151
388
339
333
447
385
539
509
688
662
659
243
444
748
239
340
646
208
412
253
488
431
642
421
241
117
322
570
462
463
542
178
409
712
311
108
429
637
437
698
250
569
623
667
508
584
633
204
171
86
240
653
71
656
153
726
120
195
502
594
640
650
655
400
602
591
684
753
610
118
401
686
474
170
716
611
128
343
573
527
685
43
670
360
267
613
142
545
622
399
266
618
760
717
121
268
540
687
666
747
173
505
657
127
81
122
307
452
98
124
372
775
114
566
595
371
480
621
435
367
555
137
100
335
418
752
541
72
568
109
477
76
764
99
472
172
126
69
449
719
169
123
475
143
80
370
294
391
332
558
567
225
104
528
389
331
669
303
556
97
278
583
251
668
451
529
37
390
641
361
95
115
138
557
197
614
89
479
590
68
96
94
74
362
306
44
90
79
65
64
66
91
92
93
334
724
503
67
696
