396
172
677
397
370
116
422
705
506
423
173
732
443
535
562
478
305
704
249
164
194
424
734
163
398
220
731
338
376
657
336
602
416
369
561
774
425
393
371
310
348
144
222
442
375
221
470
647
773
772
414
343
466
685
135
469
725
740
676
494
132
643
615
191
320
283
563
385
412
468
630
368
493
703
415
678
192
465
648
534
679
733
241
496
349
42
697
426
254
637
366
214
467
446
440
768
279
133
497
455
308
399
438
395
553
439
22
525
521
365
411
175
681
383
420
337
24
386
706
342
433
459
219
186
134
564
384
707
201
711
103
781
417
589
269
245
635
441
290
577
136
158
675
601
729
499
15
298
410
148
471
756
29
282
61
427
83
476
651
242
629
665
344
574
682
323
9
131
233
757
112
673
445
327
196
11
454
111
165
358
316
680
55
227
351
106
779
226
405
593
456
202
444
295
355
776
28
576
52
473
524
167
387
0
84
658
19
7
460
190
394
18
265
59
565
437
149
110
609
140
575
107
354
448
235
162
26
520
699
644
619
783
31
738
213
32
483
382
296
185
620
547
728
522
378
57
187
1
273
434
299
500
723
215
458
264
759
457
720
297
326
102
406
119
388
490
272
14
159
56
743
392
573
754
23
495
141
603
263
262
200
550
645
596
778
16
289
771
379
20
536
636
741
721
205
189
755
4
271
292
511
160
17
218
319
617
461
207
174
600
130
782
656
599
579
548
578
330
82
150
377
203
714
672
193
54
462
713
552
523
270
329
62
777
357
510
157
730
560
53
188
537
638
287
504
243
737
592
291
21
710
628
489
356
780
317
347
538
492
686
146
2
501
632
176
33
709
413
474
27
261
152
46
735
694
700
129
154
626
5
518
627
6
625
507
690
217
519
85
718
691
328
25
701
509
606
315
232
314
260
727
325
767
654
3
244
311
674
671
482
546
661
168
571
353
258
692
231
255
288
684
598
216
198
432
30
300
758
631
545
8
274
689
624
230
210
302
597
498
155
145
161
257
453
259
715
352
409
486
484
407
708
736
345
246
206
634
380
177
248
419
285
151
695
209
60
702
280
551
688
101
559
742
223
137
652
268
34
13
616
339
10
693
105
321
363
381
649
604
147
751
113
364
403
236
212
275
125
749
247
58
683
350
532
181
12
436
404
722
430
485
765
664
642
526
108
211
543
182
333
554
587
487
608
646
156
341
199
549
447
229
402
179
660
663
359
373
301
581
421
204
408
234
746
605
224
450
324
639
431
464
238
481
73
612
570
180
659
208
588
745
572
184
569
239
183
766
240
539
744
418
726
527
293
428
35
508
670
237
372
38
531
650
276
309
517
117
512
762
170
607
753
284
318
472
88
171
277
662
75
322
750
153
591
178
655
716
712
698
313
63
452
653
618
761
717
542
87
118
580
748
582
304
633
540
502
623
463
488
763
51
120
516
70
228
541
513
69
68
65
66
