256
558
96
283
505
93
477
647
774
199
559
267
676
450
702
255
563
619
94
228
529
675
64
282
146
589
65
119
665
449
74
722
690
172
266
750
125
311
67
198
535
507
556
531
525
694
225
72
126
692
127
620
254
200
71
721
725
95
691
751
259
174
421
239
120
210
664
763
100
732
612
588
666
128
124
592
130
147
98
640
268
56
230
153
99
76
176
226
776
637
182
184
451
4
231
75
294
181
156
229
295
621
728
643
253
526
121
723
227
617
564
177
655
237
701
141
762
495
400
238
511
31
155
425
212
540
586
201
649
7
497
715
674
616
284
1
700
373
555
44
70
68
506
66
638
528
154
730
661
530
183
673
320
609
645
734
345
350
202
69
16
343
467
406
448
608
377
688
627
573
296
293
378
780
116
234
167
346
657
131
152
122
601
572
460
778
257
631
322
773
502
538
434
243
499
498
310
677
600
14
110
209
639
757
216
0
240
602
656
755
641
372
186
380
474
539
236
635
687
571
758
532
440
208
323
28
321
777
527
79
149
166
473
727
328
574
84
435
663
433
405
83
654
29
173
319
501
634
462
407
551
139
441
111
148
432
45
705
461
781
42
493
431
759
437
636
297
604
554
241
446
73
503
388
524
603
599
270
235
298
659
660
541
195
352
542
399
408
374
680
162
613
80
492
472
475
364
136
521
415
469
575
436
348
413
626
220
248
439
43
53
185
465
12
51
447
704
764
27
444
164
353
20
192
393
699
615
464
443
576
327
331
49
389
419
276
52
213
22
470
194
349
458
547
411
442
299
549
24
466
332
520
242
783
108
347
418
658
249
379
351
522
165
25
633
303
548
404
330
361
304
731
667
720
214
54
606
445
417
50
550
274
385
261
55
15
414
301
85
244
500
416
163
523
217
459
180
376
716
669
438
360
491
333
193
578
26
471
598
300
188
560
390
391
543
302
761
355
190
324
82
577
519
277
683
412
158
409
671
137
672
207
553
382
329
326
269
206
275
219
272
644
468
629
371
109
579
10
325
189
476
305
686
366
33
494
250
289
221
512
5
191
545
584
337
490
204
17
6
23
697
78
30
81
463
489
247
222
546
384
307
362
179
733
159
356
518
711
134
21
334
614
58
273
336
260
713
290
365
387
729
695
363
684
280
279
218
632
223
359
8
630
596
203
160
150
488
278
381
681
662
410
782
685
583
306
123
104
11
262
2
383
101
245
570
87
132
581
370
271
668
682
422
265
358
392
338
57
622
375
479
215
19
611
138
32
386
129
157
107
593
628
623
335
3
175
135
211
357
396
18
161
515
178
420
37
585
168
9
605
77
187
430
510
610
625
401
344
552
561
309
251
775
140
478
760
457
544
717
354
13
232
48
595
339
151
689
233
487
772
367
133
714
403
452
597
318
308
36
102
693
517
587
504
650
402
106
514
607
698
779
582
642
562
565
536
749
312
60
718
594
624
719
710
753
516
652
61
706
258
752
678
429
112
47
281
426
205
483
679
765
196
46
224
105
740
252
317
264
748
480
496
736
340
40
38
580
726
286
739
569
756
653
769
513
508
316
735
737
41
537
738
670
292
567
39
768
398
424
34
509
651
394
534
88
291
103
742
453
709
712
428
741
59
747
486
423
568
397
315
263
369
771
746
35
533
482
342
743
724
766
395
427
767
696
770
707
314
288
744
745
454
485
287
285
63
368
484
456
455
341
62
481
703
708
313
