-0.16102839
-0.0821867
-0.084409714
0.18919969
-0.04229164
-0.10089016
-0.0075883865
-0.2784078
-0.049650192
0.1717112
-0.072535515
-0.015749454
0.30043793
0.16435218
-0.70106125
-0.41449857
-0.027115107
0.078967094
-0.14049625
0.04026079
0.017288685
0.04190111
-0.1611352
0.12224102
0.06307912
-0.10701442
-0.061589718
0.13611078
0.03620982
-0.062636375
-0.14693141
-0.2831378
0.098103285
-0.15566492
0.41371036
-0.015421867
0.050548553
0.53215766
0.67276263
0.027010918
0.07640505
0.47281384
0.997869
-0.018766403
-1.1426237
-0.03324318
0.42399907
-0.025800943
-0.036706924
0.24822068
0.20302415
-0.32971334
0.17873693
-0.12213588
0.08612275
-0.060477257
-0.14043069
0.10436082
-0.11433077
-0.5050945
-0.2595389
0.10637665
0.53034353
-0.0071561337
-0.94387364
-1.6483185
-1.2884343
-1.4761469
-1.2832143
-0.1572094
0.14621043
0.3869121
0.33138728
0.23885465
-0.042319298
0.22730494
-0.22992635
-0.30726743
0.3407023
-1.0271876
-1.7648084
-1.0550463
0.107541084
-0.10970783
-0.06039238
-0.17354369
-0.24546194
-0.20386767
0.7253299
-0.5399313
0.31894064
-0.79105425
-0.1621623
-0.7560477
-0.15790796
-0.41688967
-0.30738854
-0.3093686
-0.06415987
-0.024849892
0.04366374
0.24852753
0.4115119
0.61101437
0.7120967
0.87831926
1.2770361
1.1636279
0.4772408
-0.05437088
0.64276767
-0.08353591
0.15928626
0.4562769
-0.33078384
-0.4546094
0.7050638
0.08019376
-0.7398362
0.07294202
-0.25246954
-0.4305427
-0.15395594
-0.15838861
-0.24193883
0.02670908
0.14205217
0.0074062347
-0.24715352
-0.1390183
-0.31926584
-0.46964598
-0.000104665756
0.64137816
0.026843071
0.5422876
1.7823383
0.98933506
0.44008493
-1.0412672
0.11550379
-0.07148337
-0.794832
-0.5372679
-0.1987226
0.4023893
0.10315895
0.042999744
-0.20141649
0.05042839
-0.033791542
0.19387126
0.04951787
0.14731097
0.050576925
0.06598997
0.16595745
0.058256865
0.20642781
-0.03829074
-0.032788515
0.011035442
-0.218009
0.13824248
0.50700665
-0.0029790401
0.32822323
-0.5199988
0.016943455
-0.17256117
-0.83338785
-1.2688015
0.41935897
0.9306917
0.01888442
0.08033848
0.048658848
-0.03551054
0.22322011
0.041772366
-0.06511736
0.26930118
0.1001935
-0.13929582
-0.42542028
-0.059585333
-0.1375103
-0.0031280518
-0.023865938
0.22143054
0.040668964
0.6126399
0.98457074
1.4971175
1.5312384
-0.18328857
-0.04391074
0.7219093
-1.1749756
-0.65944505
-0.5419748
0.18473983
-0.16658711
0.04801774
-0.025779009
-0.13157725
-0.028207779
0.11340833
0.00786376
-0.3665645
-0.2087524
-0.29186273
-0.05981016
0.009433746
-0.13265514
-0.030969143
0.021460295
-0.070744276
-0.004637718
0.6871221
0.7149894
0.92287326
1.0651281
0.3154173
-0.17085814
-0.22148705
-1.2234876
0.17429638
-0.9190643
0.02460742
0.240381
0.055389643
0.12623024
-0.026416779
0.0119793415
0.08216214
-0.016194344
-0.06854844
-0.30158424
-0.5163605
-0.48637938
-0.35300922
7.724762e-05
-0.13881016
-0.0019536018
-0.20783377
0.019485235
0.5677681
1.5475968
1.5403103
1.094048
0.3088317
0.3286581
1.1001911
-0.4736464
-0.33418083
-0.3851385
-0.5341735
0.0018942356
-0.03876114
-0.2091093
-0.028250694
-0.1880641
0.24267983
0.102356434
0.040310383
-0.16611052
-0.41355848
-0.44255042
-0.08070755
0.004740715
-0.04300499
0.0024032593
-0.48732233
0.014869928
0.0020358562
1.6322278
2.1391435
1.4772892
0.23574185
0.38272715
1.1110094
-0.88904834
-0.52774525
0.5860994
-0.085389376
-0.114212036
-0.53929186
-0.028264523
0.2752626
0.4144137
0.20586419
0.35890603
0.25856805
0.05430174
0.28354645
-0.110411406
-0.313097
-0.29316425
-0.0042603016
-0.019095182
-0.008410692
-0.03606105
-0.39544368
1.0722942
1.6190834
1.7336577
0.17809439
-0.39708996
-0.091119766
0.44860792
0.20884085
0.62915635
0.19549942
0.009092808
0.32664967
0.18705273
0.40389037
0.5790136
0.2091093
0.531651
0.3068173
0.3244996
0.4624431
0.1917069
0.2630782
0.081899405
0.019563198
0.37421775
0.2935269
-0.6243808
-0.14054275
-0.2419858
0.39088964
2.833128
0.74550486
-0.21971226
0.6039312
0.2775638
0.28160715
-0.17959332
0.5366626
0.37698698
0.60586524
0.30937338
0.13096642
0.37171745
0.49769115
0.42504025
0.19583082
0.1307373
0.42657733
0.2528627
0.2320826
0.079086065
0.10117006
-0.032041788
-0.03040886
-0.41523647
-0.47289562
-1.4131582
-0.7815974
1.491065
0.33903766
0.17396021
0.20301867
0.6399071
0.02535367
0.08764863
0.5901141
0.5946729
0.70949435
0.51279163
0.2902813
0.25306702
0.46991825
0.4525156
0.061989307
0.13028312
0.5744126
0.16066718
0.11706042
-0.023441315
-0.28064418
0.04619336
0.31197214
0.18602777
-0.20825076
-0.7193103
-1.1912277
-0.7520554
-1.9186571
0.642802
0.9994514
1.2183183
0.24812436
0.36621904
0.22234702
0.20461845
-0.17477894
0.31112862
0.41458178
0.42281723
0.17280817
0.09023452
0.019046783
0.14074445
0.20490265
0.171247
-0.20510721
-0.12459397
-0.13093185
0.13108444
0.0685153
0.41439867
-0.0069744587
0.41451335
-0.8352878
-3.7905924
-1.6248896
0.74198747
0.4951613
1.6569805
0.3778515
0.16015697
-0.5936396
0.08001065
0.25008726
-0.009473801
0.16176772
0.033160686
0.23799706
0.43181944
0.07870865
0.19016838
0.12516356
-0.0839293
-0.2298944
-0.3595848
0.073180676
0.05587125
0.10215926
0.39276123
0.5750258
-0.078183174
-0.56189823
-3.1502326
-1.8817275
-0.22892118
0.45796108
-0.099892616
-0.72118235
-0.40058303
-0.1839726
-0.26047564
0.033931255
0.16653371
-0.21747994
-0.2509761
0.14713573
-0.36477137
-0.06984568
0.2005732
-0.009493351
-0.20577264
-0.04112029
-0.0021460056
0.1822474
0.38897657
0.13062477
0.12995124
-0.23047733
-0.2434597
-1.4815056
-2.301101
-2.2821062
0.07859516
0.66612077
-0.53368783
-0.21532011
0.12195277
-0.10279393
0.02296567
-0.12308669
-0.1988411
-0.29162097
-0.07794118
0.01355958
-0.30475044
0.06563139
-0.020117998
-0.25975204
-0.18281269
0.21218085
0.20763612
0.15774512
0.18653655
0.41086102
0.024204493
0.3321247
-0.048541307
-1.658634
-0.62620544
-1.8982971
-0.08611941
0.76853514
0.13662696
-0.0025043488
-0.24301028
-0.16581416
0.07909107
-0.15393424
0.054143667
-0.17043781
-0.3319769
-0.0056200027
0.014680147
-0.035496235
-0.14842534
-0.08392835
-0.04961872
0.082502365
-0.12663507
-0.25529194
0.12036538
0.09510183
-0.039720535
-0.42374468
-0.70172524
-1.4749811
-0.6868613
-1.66167
0.3119266
0.536
0.9977684
0.30653906
0.27656484
-0.02448988
0.14117432
-0.071724415
0.08990383
0.25282645
0.3569789
0.16345716
0.4807973
0.31595087
-0.14608097
-0.08158612
-0.01833105
-0.06710887
-0.030037165
-0.083943844
0.07700586
-0.04398322
0.22734952
-0.155622
-0.24657989
-1.0935419
-1.5842993
-0.70336986
0.019836426
-0.22496629
0.012514114
-0.4700725
-0.52887225
-0.37667227
0.1780858
0.40110755
0.21234512
0.35234332
0.11841583
0.240098
-0.046322107
0.24770665
-0.028968096
-0.0017881393
0.22269797
-0.19716
0.114592314
0.085501194
-0.26126528
0.1604693
0.0066058636
-0.38458896
-0.97791696
0.2103653
-0.8032422
0.46715355
0.28796053
-0.327569
-1.5827682
-0.82219005
0.13629627
-0.050043106
0.08295584
0.07538462
-0.07919145
0.16571331
0.061101437
-0.07707858
-0.004258156
-0.12333155
-0.14902115
0.021062374
0.3929832
0.17844296
0.13975406
0.46734548
0.24585009
0.1071558
-0.64027834
-1.3632534
-1.3900821
-0.14451241
-1.2182934
0.034379244
0.117913485
0.27291822
-1.0289261
-0.5200119
0.14925027
0.6707814
0.21163988
0.36316586
0.3008933
0.26362085
-0.015052319
-0.14482284
0.07743168
-0.19808412
-0.11007357
0.03310585
-0.22665739
-0.047008514
0.23041248
-0.0072362423
-0.17927098
-0.38638115
-0.47973967
-0.40561128
-0.9759314
-0.08752775
1.3020916
0.0833261
-0.024229288
0.055884123
-0.7188451
0.028542995
0.14351726
-0.003021717
-0.07964134
0.06680894
-0.022699594
-0.18749237
-0.043082
-0.32775664
-0.14845514
-0.042443275
-0.14156938
0.018039465
-0.08608222
-0.15631986
-0.5520706
-0.45955515
-0.59030294
-0.5924976
-0.831655
-0.9841826
-1.0217168
-0.37250948
1.2295152
-0.08381939
0.10148811
-0.109463215
0.85333514
0.83416605
0.15272236
0.43410206
0.10142875
0.3866489
0.23616147
0.044194937
0.18437767
0.018144608
-0.19048095
0.11647248
0.28863692
-0.08430672
0.1542151
-0.33738327
-0.0798316
0.0815084
-0.15125012
-0.58965373
-0.5125303
-0.9421017
-1.7807696
-1.9171116
-0.35368395
-0.060161352
-0.029156685
0.036556244
-1.0253642
1.286363
0.037833214
-0.32637239
0.4965291
1.038763
0.3400526
0.7046287
0.27109337
0.23868728
0.41102362
0.48802567
0.03362608
0.2618668
0.15659142
0.73724985
0.46677327
-0.017388344
-0.450984
0.056636572
0.8013885
0.86220956
0.58712053
0.03072524
-0.4683094
-0.121234894
0.016568422
0.029434681
-0.10176277
-0.20220733
-0.48039174
-0.91188455
-0.88976884
-0.0028061867
-0.2676134
0.14395976
0.5386746
0.09415889
-0.63518286
0.73904467
0.30969596
0.5187912
0.17265344
0.46622276
0.6125107
0.23764181
-0.46236134
-0.20222616
0.24841905
-0.5211053
-0.4727249
0.46263433
0.04803753
-0.044861317
-0.17765498
-0.05452633
0.10364246
-0.14211607
0.49404788
1.0725808
0.17708826
-0.13819027
-0.035644054
0.51705956
0.24096537
0.16111064
0.23650122
1.2595729
-0.11194539
0.0067682266
0.6477165
1.1507027
0.5010445
0.39284015
0.19446826
0.35756803
0.37014103
0.4236555
0.030584812
0.23854041
0.02226162
0.0380044
