592
296
76
71
345
570
445
569
650
223
621
644
265
601
378
182
550
101
561
628
596
99
5
206
264
9
551
756
580
383
624
70
344
140
432
403
72
239
578
323
111
413
454
433
598
156
625
349
574
683
489
645
607
98
600
20
701
152
527
337
492
405
732
536
476
729
42
181
554
649
269
620
268
347
18
266
402
552
549
375
234
560
235
203
0
754
19
179
11
434
343
579
17
28
606
25
599
426
149
430
379
571
52
373
227
572
372
758
100
183
767
635
324
681
577
141
576
783
781
490
671
526
616
416
4
656
521
494
1
548
627
782
225
655
740
120
84
429
547
546
65
768
184
207
95
518
147
262
397
730
731
155
496
31
16
175
488
444
459
738
7
55
162
588
24
498
56
348
336
745
491
29
86
26
499
619
773
737
519
457
164
401
614
125
297
757
382
370
320
736
267
524
131
458
771
350
259
415
377
130
362
325
376
617
180
146
520
673
423
400
728
22
693
591
153
202
516
119
201
116
335
586
15
495
438
735
421
412
154
163
407
663
530
169
177
477
414
132
553
361
440
318
441
422
399
310
424
468
562
352
96
14
523
675
411
505
354
439
772
408
467
174
142
393
679
497
305
389
472
256
295
255
704
89
380
436
466
437
647
381
404
80
81
409
564
779
469
502
115
173
443
290
734
448
733
425
557
651
197
419
228
707
450
279
708
118
194
507
435
698
684
501
470
311
726
442
670
702
200
691
145
544
396
143
363
388
117
529
648
706
589
222
525
391
282
199
475
170
478
254
618
535
646
114
677
198
226
558
678
563
390
676
559
172
506
473
283
590
447
697
705
144
171
531
474
446
418
