282
356
317
595
315
64
116
72
290
499
316
688
331
514
715
594
68
460
300
377
314
684
76
516
360
163
144
376
433
656
261
416
70
657
686
716
358
714
330
630
404
406
687
488
341
659
259
418
100
172
680
683
180
71
240
487
318
432
260
310
145
190
289
658
258
434
313
162
486
462
485
781
92
359
653
283
628
236
551
298
80
711
205
537
170
506
226
586
304
567
237
117
118
104
629
242
652
631
273
272
321
515
435
293
357
284
99
280
685
69
302
98
369
405
362
524
533
77
403
301
285
288
386
291
96
349
241
215
719
234
534
661
727
660
312
622
82
94
532
14
204
305
489
484
66
292
387
407
299
464
65
323
461
691
230
24
352
753
263
457
550
270
224
783
560
243
262
303
73
322
340
265
74
780
264
124
379
200
589
101
119
319
75
378
710
384
558
700
645
402
483
287
540
274
765
758
146
383
271
350
771
198
105
557
701
233
588
779
627
394
585
351
216
682
479
423
726
527
244
666
755
763
513
668
186
382
512
451
152
458
647
173
580
408
626
419
235
570
368
498
617
56
541
459
561
703
759
229
95
782
231
417
353
171
597
211
15
757
463
644
751
761
672
62
311
769
556
665
673
777
385
0
213
103
554
756
642
63
764
720
83
717
182
662
445
227
151
695
97
6
475
606
517
81
328
549
689
8
718
563
620
542
409
681
102
348
702
332
699
7
455
336
254
67
664
608
760
548
465
616
670
26
583
559
27
731
569
446
654
671
345
395
210
767
123
634
181
721
225
607
505
693
619
214
638
245
609
655
669
343
729
587
614
579
122
737
411
604
605
410
581
698
503
635
150
643
582
511
148
114
108
342
637
390
93
490
212
439
615
601
5
447
675
473
596
610
728
90
632
640
177
320
733
623
281
476
633
641
477
663
639
203
593
646
380
501
754
529
135
438
252
603
568
611
363
125
228
535
741
735
600
573
222
149
147
730
448
768
674
690
504
707
736
189
57
355
308
59
10
257
449
697
326
21
648
12
206
58
178
773
692
762
519
232
199
354
636
187
437
725
28
393
531
329
130
578
115
706
247
25
381
91
201
523
373
536
192
16
474
18
388
168
19
13
712
547
613
478
11
509
591
584
1
778
500
444
153
375
131
4
502
389
194
575
158
347
207
223
294
649
60
256
88
255
195
9
188
625
436
42
492
2
420
612
530
472
482
421
592
555
183
253
33
275
175
371
17
544
552
732
372
327
52
392
142
208
333
217
344
179
571
3
704
507
740
775
20
602
708
370
491
32
295
391
61
723
34
112
176
196
539
415
325
431
309
169
705
364
154
143
598
543
121
78
545
374
443
185
159
109
422
739
747
770
89
29
553
191
752
337
286
79
268
749
566
766
709
22
618
696
133
667
546
713
572
110
49
750
367
113
54
23
450
722
621
528
48
538
84
577
269
677
87
430
397
510
324
202
346
44
53
238
30
36
86
520
38
493
50
413
55
193
518
45
218
471
774
776
40
35
249
41
525
160
429
139
39
132
734
239
174
521
51
46
209
111
456
297
574
167
43
624
197
361
134
339
338
47
562
85
745
37
412
724
246
120
31
161
401
129
428
127
184
599
155
