555
360
126
331
358
740
155
184
154
781
141
314
744
594
595
163
140
479
746
499
537
599
87
759
197
315
330
388
39
533
666
783
359
250
86
361
554
667
478
89
120
451
758
40
450
412
468
714
209
196
477
129
300
221
152
780
124
686
301
753
156
466
113
128
127
389
440
80
143
157
220
532
121
726
161
61
88
560
572
401
112
219
423
183
85
567
761
204
496
251
449
588
46
763
739
680
387
665
273
757
589
160
583
386
364
747
193
138
701
467
153
527
745
111
658
484
60
304
365
610
582
302
333
721
630
158
755
182
765
357
448
421
169
611
431
337
30
476
645
420
422
571
142
217
561
720
139
166
356
483
266
700
485
37
341
464
272
115
188
38
231
367
205
743
165
41
316
45
208
375
36
167
410
437
772
137
84
313
543
168
779
339
346
545
638
617
185
782
29
544
430
703
338
644
48
777
216
369
3
43
20
125
712
132
242
531
673
438
230
55
751
429
133
636
764
13
340
91
18
352
693
760
298
238
17
194
639
713
756
44
366
692
1
334
244
35
2
512
199
223
123
374
303
394
505
282
4
207
652
541
475
312
299
294
702
267
672
606
32
710
187
243
249
42
647
245
379
698
620
540
609
741
768
270
11
130
75
195
310
12
90
552
493
271
151
573
222
600
240
368
385
616
653
285
578
495
241
109
581
607
498
215
284
347
373
28
494
622
597
287
16
110
353
295
189
34
103
408
559
229
214
33
392
682
351
190
206
239
731
439
192
396
681
24
455
549
114
58
669
390
5
93
548
569
21
773
308
601
19
81
447
399
372
727
457
26
105
550
407
281
328
463
619
10
255
605
687
435
729
490
159
503
162
523
603
288
643
332
518
254
343
57
664
660
623
122
311
614
654
737
655
579
587
345
252
102
181
671
59
381
355
150
233
419
27
626
570
108
685
411
511
326
225
9
7
210
769
257
8
380
342
409
384
598
306
56
212
256
767
211
354
393
305
659
542
596
465
771
228
309
191
327
283
363
632
148
513
6
31
15
689
575
260
593
754
268
371
104
83
568
382
25
54
227
395
699
247
625
180
733
262
519
178
646
135
77
634
383
458
235
635
675
261
344
517
661
348
265
232
177
491
324
131
631
253
234
263
269
547
67
524
73
633
637
0
95
82
551
604
608
296
577
289
728
264
203
602
323
688
500
101
49
486
297
63
662
69
459
615
336
521
402
47
674
325
391
546
774
362
715
378
179
14
97
627
74
456
370
213
171
350
186
201
501
536
525
62
522
279
717
436
492
716
732
258
99
472
52
198
574
629
735
286
329
707
237
657
149
621
711
218
428
775
580
778
400
539
663
280
730
624
259
766
236
473
482
53
462
291
509
553
96
648
413
147
736
98
119
317
417
520
293
175
489
397
307
248
278
471
71
690
497
641
683
461
515
670
274
322
718
319
762
770
176
224
445
65
446
226
558
100
592
200
23
502
202
173
725
434
504
292
72
469
628
94
134
443
92
538
695
566
349
76
528
708
691
442
170
752
70
79
586
290
78
510
514
618
651
146
585
403
556
706
246
398
530
406
487
275
22
529
66
557
668
441
427
705
719
318
526
277
709
650
405
576
656
613
684
444
723
649
679
50
174
488
335
565
51
118
776
704
642
516
136
117
591
738
750
415
276
164
172
697
321
454
416
724
320
749
612
433
584
418
145
590
68
474
106
376
470
425
377
107
432
742
563
640
404
677
460
424
426
414
722
734
64
453
480
144
507
564
481
694
535
452
116
562
534
748
678
508
696
676
506
