590
474
197
670
362
618
96
646
171
647
283
676
477
675
449
446
696
513
306
390
473
505
311
472
114
705
115
143
531
169
44
450
557
589
563
89
708
648
334
485
447
305
92
421
221
529
95
591
678
137
418
535
706
702
256
118
566
726
391
80
117
564
170
282
707
444
368
81
471
130
72
109
91
165
144
724
94
556
74
712
251
744
333
451
309
710
222
779
668
388
507
704
669
475
698
193
693
443
709
689
138
279
123
425
350
361
583
506
199
558
145
610
619
569
98
741
369
97
470
125
156
228
502
559
127
86
650
528
567
119
90
255
113
99
747
713
568
745
748
124
565
743
249
307
254
441
243
697
108
478
592
651
162
489
406
404
679
424
611
142
93
677
711
377
100
393
172
536
642
767
389
126
173
578
399
400
753
469
76
719
499
346
717
186
718
749
274
396
490
746
192
310
223
498
674
416
728
448
440
201
120
267
415
194
42
452
56
549
348
174
649
104
571
378
128
122
14
766
537
198
439
714
16
209
175
733
738
509
608
520
496
442
268
216
272
570
335
673
627
617
604
158
538
71
671
464
224
208
522
414
376
73
408
503
765
1
554
634
582
432
639
237
300
463
716
246
131
25
782
323
437
234
226
121
662
501
211
353
596
526
594
758
550
147
401
742
302
573
730
200
296
595
163
238
284
22
239
266
236
370
577
757
715
82
701
55
295
688
259
160
244
600
521
768
102
720
663
261
777
754
190
65
493
349
30
31
235
740
783
700
84
207
660
655
479
510
299
240
79
508
468
141
188
4
231
134
654
624
625
523
661
410
778
159
667
599
497
597
548
367
26
588
155
225
494
460
623
286
656
413
258
601
180
429
426
561
312
148
527
576
645
458
431
327
15
628
229
374
760
412
337
301
402
257
75
574
632
405
29
352
603
687
606
85
154
631
380
409
614
433
325
184
575
322
680
739
149
18
562
233
7
636
598
11
457
633
375
579
629
277
547
686
382
407
140
524
759
381
609
0
213
24
6
641
555
52
519
326
620
101
638
242
491
635
339
653
419
781
761
434
729
54
560
205
731
658
672
206
271
203
5
602
492
168
438
546
735
189
321
539
737
250
8
476
264
551
297
480
385
572
17
215
20
347
183
462
328
275
320
217
626
28
129
657
422
9
373
220
752
204
182
57
214
324
278
436
33
19
157
23
260
53
210
32
269
338
10
459
445
435
146
488
298
356
384
218
616
227
164
294
411
230
695
212
232
644
540
152
684
153
273
355
772
112
3
734
605
428
351
2
270
727
621
136
683
453
262
150
622
581
27
552
770
70
83
187
685
630
652
303
584
354
185
637
132
780
195
280
293
466
45
319
61
771
398
545
541
430
423
179
265
379
345
191
403
383
769
344
775
532
372
202
723
219
178
343
585
253
12
37
103
105
392
88
38
