590
474
197
171
670
418
446
114
531
362
618
646
390
96
143
477
115
557
283
505
708
447
676
696
473
144
705
449
558
89
450
589
311
563
529
361
706
169
559
222
117
391
170
363
707
702
647
472
507
648
118
335
475
535
591
145
678
745
95
228
142
80
199
256
726
421
81
72
221
389
350
744
306
44
92
698
506
305
460
254
251
91
451
388
255
249
282
525
566
194
675
333
109
94
177
138
693
556
564
334
43
86
125
502
406
471
697
461
583
137
528
120
738
741
742
90
71
746
619
709
779
123
127
226
377
378
767
119
76
478
462
198
122
93
174
200
259
448
165
434
124
323
97
98
748
99
193
103
588
172
113
181
435
617
580
126
279
100
607
743
162
65
679
404
578
178
523
210
267
737
243
307
689
668
733
433
567
766
176
735
268
147
610
14
425
405
322
179
470
202
728
151
225
201
749
662
611
216
241
614
407
296
554
479
400
209
553
16
594
616
442
396
237
770
673
234
555
431
152
274
295
621
269
501
581
677
56
663
246
704
242
146
503
351
771
757
758
230
452
671
636
730
231
458
469
121
584
736
419
509
25
579
22
782
236
571
498
261
239
26
440
700
695
208
399
204
141
1
667
424
55
153
31
235
527
188
238
257
4
229
29
24
15
302
84
463
457
775
148
417
30
7
182
537
759
412
203
233
17
720
480
385
539
508
530
227
18
258
752
489
207
551
330
189
565
562
586
53
490
83
541
286
545
734
262
175
67
232
303
542
338
488
331
454
511
68
358
612
360
751
