435
436
466
434
623
467
498
591
468
654
626
341
592
404
463
464
437
655
340
331
374
542
651
685
16
606
315
15
573
396
704
446
624
283
252
373
530
496
47
403
429
763
560
574
715
332
342
189
700
469
430
543
428
427
672
364
300
716
405
406
48
431
465
253
365
705
627
673
575
17
529
510
796
161
714
397
333
308
497
395
622
49
256
594
329
561
593
159
363
321
291
372
261
307
221
34
433
641
130
67
528
682
72
84
290
80
316
158
650
330
347
190
478
299
659
479
139
625
426
362
455
686
462
301
445
18
40
63
694
706
192
194
541
162
284
103
499
309
683
402
104
384
73
288
35
487
494
115
652
562
65
1005
495
432
658
98
259
38
302
653
398
401
737
684
352
605
764
113
220
551
230
545
269
137
222
872
735
112
394
423
519
95
731
504
768
74
732
979
20
339
668
12
438
346
713
131
371
127
477
850
914
83
869
795
859
643
726
247
350
851
707
237
839
807
71
746
138
693
809
679
544
260
298
841
943
268
75
671
248
662
233
828
511
229
959
324
380
806
794
135
204
390
473
1006
276
351
1011
148
236
874
637
882
355
370
681
199
486
1015
147
383
974
1007
375
775
973
39
808
709
870
96
157
825
823
907
994
536
116
1004
792
748
717
232
379
962
320
613
883
628
678
126
820
353
270
279
670
829
840
476
323
902
934
357
647
205
760
661
702
122
813
927
801
946
505
160
292
393
58
580
225
922
842
767
134
911
214
461
660
667
57
638
407
674
46
149
912
235
980
422
711
698
411
924
773
425
892
583
447
1012
266
858
500
518
776
421
615
197
856
44
1016
325
59
899
774
888
644
873
826
868
791
168
640
838
928
141
153
821
1022
975
85
385
389
13
1010
1023
981
890
915
799
297
942
926
1014
639
742
1013
378
198
287
891
90
656
52
550
264
913
180
611
267
857
559
930
453
88
991
646
125
777
990
896
121
25
889
244
271
865
854
306
314
910
676
947
454
618
982
89
275
328
983
217
201
356
642
958
675
822
124
26
184
743
234
472
501
508
319
91
730
475
213
443
515
744
590
881
31
173
238
123
311
992
293
154
507
976
206
485
984
191
710
612
129
666
117
21
897
906
978
451
354
102
951
629
852
118
171
246
277
578
875
440
810
950
203
55
227
649
212
177
945
1001
251
452
484
140
391
919
708
793
242
419
954
152
215
740
41
211
845
960
699
310
493
70
1017
296
97
27
879
804
918
418
952
517
887
932
358
781
712
56
1009
636
119
846
186
762
607
925
245
132
703
516
901
941
898
265
86
884
848
280
949
274
908
778
185
295
79
36
99
33
273
953
120
243
963
582
68
581
745
847
470
183
146
814
60
53
142
144
94
250
182
87
107
179
645
955
929
939
54
904
916
207
657
24
938
677
900
965
824
62
548
761
155
448
334
439
986
837
549
509
996
921
136
923
175
540
181
729
410
931
23
8
282
441
878
576
956
178
313
263
895
880
1008
734
572
176
151
867
972
226
66
143
903
202
634
218
444
1018
1021
105
988
933
920
866
969
948
1003
294
871
886
819
800
843
22
853
695
318
830
317
614
818
987
936
579
172
145
832
170
547
525
223
849
210
749
985
442
174
109
92
569
108
258
169
844
343
539
772
538
993
450
957
747
6
514
216
231
359
506
81
741
219
940
604
780
937
414
537
833
885
188
77
728
187
2
635
779
836
32
64
474
782
326
831
603
961
692
964
30
163
788
312
196
680
608
281
977
262
876
416
790
200
361
167
322
759
327
571
697
997
128
617
303
193
156
483
1020
101
815
633
834
893
905
338
278
209
413
254
166
106
1019
568
240
725
917
944
602
388
798
420
935
894
3
803
855
348
37
345
387
989
481
811
864
239
817
93
970
241
0
630
877
456
835
805
9
111
827
14
150
133
736
967
386
909
249
769
648
621
968
701
995
727
208
69
224
570
29
110
816
286
665
526
520
663
7
164
28
691
304
558
409
797
43
255
998
471
377
766
76
61
758
228
272
696
424
502
488
1002
812
4
789
285
802
344
412
971
687
999
784
512
82
860
45
305
610
78
601
616
664
360
546
19
289
100
632
257
765
738
366
1
417
785
733
552
757
382
861
408
966
600
756
415
863
400
165
690
718
1000
609
42
5
513
335
51
524
669
482
770
392
584
369
598
480
787
449
631
195
534
50
381
399
376
577
783
566
689
11
114
503
724
739
533
751
597
457
337
336
368
771
619
349
750
786
531
862
367
752
595
599
557
567
527
688
535
492
755
585
719
10
753
460
565
720
563
459
489
553
723
754
589
620
532
458
523
521
721
596
586
722
564
490
554
556
491
587
522
588
555
