473
726
531
452
563
487
558
712
564
89
678
447
648
706
475
444
689
249
282
565
583
641
177
747
707
507
144
710
535
99
74
98
537
170
86
165
389
749
509
529
610
536
702
199
145
72
92
719
117
591
538
482
471
367
95
274
361
508
251
118
42
480
100
639
333
162
193
733
765
655
113
292
192
580
506
567
178
130
777
510
697
127
210
216
186
156
523
419
94
651
194
569
662
478
134
518
745
158
638
470
393
568
108
640
611
459
97
653
753
766
692
688
184
380
488
407
743
549
498
209
604
91
682
250
294
179
663
291
607
581
738
236
30
425
126
73
310
434
302
746
234
767
441
350
481
559
225
681
101
633
246
290
238
293
683
124
102
490
454
453
741
295
14
636
160
275
123
764
540
463
237
289
181
578
679
592
206
128
125
595
571
244
339
404
239
522
673
497
218
388
213
582
255
56
758
613
680
491
324
207
464
761
183
666
469
623
694
654
739
715
545
16
539
55
775
235
684
525
579
632
228
754
190
313
265
231
396
720
664
300
254
630
642
619
483
439
520
351
760
526
687
577
555
76
617
575
783
701
661
203
8
189
659
594
596
634
82
629
553
93
550
548
495
554
730
168
574
585
352
667
552
752
240
266
9
417
560
606
628
759
119
541
22
6
182
299
85
23
782
377
211
261
426
84
382
649
253
280
660
635
140
547
457
284
757
325
163
53
734
722
157
656
195
151
129
252
159
142
260
652
10
573
433
217
601
627
15
326
26
631
438
267
378
492
622
603
494
432
187
493
672
637
65
576
105
605
323
414
19
486
262
287
690
624
484
570
278
527
161
416
769
5
271
437
625
781
440
551
599
191
131
353
658
402
406
546
431
588
458
410
223
122
230
31
468
17
155
303
727
83
413
609
79
322
214
153
524
263
298
29
147
141
71
737
400
150
103
257
24
466
499
665
4
3
20
780
90
586
273
296
608
256
600
381
405
519
729
465
112
430
504
180
219
185
277
621
348
597
428
467
288
0
27
455
395
57
714
616
355
768
598
33
21
321
756
269
215
657
476
121
645
285
530
2
742
512
54
699
120
735
132
721
327
562
32
164
429
52
7
28
383
133
356
270
401
532
740
196
384
376
245
517
258
644
626
58
375
691
152
106
456
154
572
328
409
319
242
755
763
286
70
643
731
732
349
542
264
224
364
544
514
403
543
736
297
37
423
229
77
770
268
445
762
75
175
515
593
460
330
392
695
61
200
513
146
620
587
241
320
45
723
751
67
69
422
51
772
366
398
347
771
685
516
59
315
64
227
317
12
248
88
373
40
686
166
41
243
342
331
713
281
387
370
420
110
357
36
87
345
725
39
139
60
309
78
68
116
372
308
13
49
343
386
369
34
358
371
304
276
773
38
50
332
336
394
62
107
47
66
167
35
359
63
360
48
703
46
