742
748
117
741
118
720
145
747
146
340
668
743
338
736
144
735
737
339
738
744
368
695
746
172
337
745
696
171
714
256
257
708
677
571
721
116
739
734
352
173
358
667
341
707
572
284
367
330
651
143
693
326
650
432
649
692
733
174
716
749
369
694
706
546
101
102
705
258
452
545
573
181
387
453
740
366
283
130
353
76
225
386
470
544
75
285
498
103
434
351
359
676
593
664
311
226
460
678
644
273
177
532
684
718
592
298
682
425
199
396
322
12
433
574
100
393
771
640
599
324
679
106
11
365
264
440
312
148
424
178
621
517
666
228
770
74
129
325
108
516
197
680
323
320
229
543
327
152
270
255
158
775
750
179
84
10
180
202
397
379
414
703
182
286
766
620
547
315
442
600
230
227
518
461
115
300
700
153
585
119
274
713
350
468
489
652
297
73
429
767
462
4
313
769
291
13
154
3
290
373
169
292
14
136
681
151
345
382
598
6
683
717
530
104
564
418
712
183
490
150
765
198
476
675
263
662
7
77
519
2
654
504
488
170
157
395
616
503
588
715
601
309
459
90
147
512
302
155
380
85
565
626
142
107
319
491
159
200
38
384
431
310
8
656
451
560
467
529
1
209
394
401
24
776
778
570
271
281
314
542
773
669
482
511
354
39
175
722
663
672
5
56
289
208
262
388
539
336
540
232
269
342
22
25
105
584
296
370
15
704
346
78
80
428
176
441
91
65
731
321
196
500
383
448
0
392
531
594
9
295
168
301
272
235
419
492
23
639
21
496
783
772
413
761
557
372
624
402
49
299
26
259
549
627
522
604
691
436
521
513
629
260
483
247
415
612
391
510
628
625
732
374
27
782
400
317
586
360
246
648
207
655
469
72
764
613
99
331
430
233
493
781
189
371
481
29
288
287
520
203
28
435
205
502
763
759
149
780
364
343
623
253
719
756
134
417
533
135
724
261
406
50
231
619
254
265
109
777
16
575
689
587
421
548
66
701
86
403
657
728
344
218
556
541
709
385
523
653
779
622
156
308
398
515
494
19
774
407
280
381
755
463
457
17
79
55
495
81
307
690
514
52
224
223
757
399
201
559
206
83
597
665
139
167
702
31
42
333
219
405
661
509
427
416
20
318
41
456
420
537
332
576
236
378
475
234
110
603
524
34
57
602
131
758
455
454
204
501
35
275
48
190
551
279
558
497
726
245
466
138
595
294
89
51
447
37
477
754
140
82
18
268
723
437
293
727
112
244
53
768
133
487
580
423
729
409
538
30
404
528
161
525
605
363
137
630
88
316
390
671
282
46
251
329
335
47
446
631
688
195
484
632
349
730
699
499
32
160
266
210
111
54
645
464
567
660
633
44
760
410
347
579
165
267
141
217
114
439
43
127
45
634
647
458
33
438
536
408
606
751
608
752
589
670
426
87
753
215
566
643
36
534
241
238
221
243
711
375
242
609
658
485
240
465
443
252
596
71
581
128
58
120
535
479
697
187
480
563
526
561
641
445
444
506
507
508
562
