293
650
715
535
24
667
600
435
755
637
401
494
783
634
714
276
750
711
531
708
663
776
589
662
638
709
202
277
230
220
682
75
559
354
155
338
59
680
486
224
438
189
746
74
22
56
328
301
696
613
688
697
651
701
652
58
86
1
268
710
156
44
146
447
332
375
304
25
615
367
712
705
294
459
340
698
118
327
291
305
599
758
4
765
218
190
381
713
402
681
203
339
275
687
654
229
503
228
410
760
436
477
279
191
324
204
753
558
653
560
353
669
300
82
408
736
214
742
248
395
380
326
213
533
782
207
684
208
740
505
215
457
169
374
761
352
739
502
671
561
217
774
588
656
618
450
257
516
246
773
449
571
429
205
487
252
141
250
707
165
200
768
685
418
216
320
686
274
661
16
192
280
241
409
237
245
562
325
247
772
219
231
43
676
258
273
222
658
451
677
206
296
272
321
507
770
307
390
334
769
348
437
297
458
646
361
657
347
259
271
659
236
306
298
474
506
675
244
660
282
299
534
233
232
235
269
270
362
234
243
242
572
544
