474
418
696
362
390
389
391
446
502
388
501
445
500
528
371
447
419
479
475
93
724
444
92
478
503
622
530
16
697
94
363
361
473
618
80
452
286
529
667
666
556
44
557
607
620
558
172
508
472
663
228
665
344
118
450
640
624
451
316
564
662
664
559
470
690
95
480
417
526
668
638
590
516
126
566
544
200
458
606
460
580
481
611
64
256
45
562
488
360
184
613
591
554
610
669
425
486
257
323
453
539
531
584
66
201
555
612
122
65
454
351
120
487
725
538
625
176
379
292
14
352
635
686
108
650
585
714
98
634
698
99
639
70
582
157
553
324
377
101
173
527
100
229
510
464
543
267
154
424
715
626
273
156
579
636
641
623
81
72
514
67
567
482
583
637
343
652
42
145
313
563
17
456
654
459
378
653
440
619
485
109
312
632
497
608
655
119
272
148
657
581
489
235
290
71
552
596
325
433
266
285
73
651
536
469
627
405
692
439
284
509
412
629
146
687
326
327
400
161
565
525
182
568
416
432
471
726
153
684
586
208
209
246
174
144
656
121
262
609
461
545
155
372
90
594
160
384
621
646
127
576
43
517
198
226
520
699
199
149
239
91
241
68
693
289
180
186
515
202
297
117
204
426
694
233
587
717
465
595
263
648
129
247
231
181
399
496
237
203
15
183
727
130
490
1
660
691
265
410
551
355
505
147
592
492
695
337
84
287
365
85
333
217
661
264
275
593
334
306
305
218
332
