432
415
336
171
1003
522
957
900
871
674
349
743
256
538
873
372
338
471
179
11
36
354
226
91
317
192
678
110
10
978
183
917
473
839
255
817
783
482
60
856
218
631
946
382
616
449
252
644
710
313
617
687
398
976
35
675
439
215
168
599
181
962
92
2
772
93
537
488
958
585
677
525
835
788
992
44
896
949
149
505
273
1018
368
834
479
899
816
355
456
961
622
59
224
458
732
546
981
985
591
569
459
939
619
983
642
186
73
19
201
153
291
870
901
414
645
43
254
782
131
933
384
904
83
932
960
830
52
460
513
109
986
921
348
121
787
766
470
47
872
838
523
438
803
825
493
169
166
381
225
86
918
0
3
128
61
148
28
154
1010
637
951
740
786
620
669
1006
481
621
100
950
303
480
784
756
367
724
249
765
152
690
524
489
652
399
972
770
230
322
167
514
82
1002
927
281
490
975
1007
77
369
199
457
941
692
200
366
27
826
785
660
271
733
400
928
491
29
305
510
940
656
371
753
654
433
466
304
272
511
592
323
623
653
468
659
492
722
655
401
370
686
437
971
404
469
755
685
467
797
4
624
754
691
434
403
402
723
436
435
