820
14
738
156
417
103
898
380
258
32
923
861
138
95
731
542
118
799
795
280
334
96
665
579
615
314
708
62
543
874
336
119
397
452
744
953
88
126
378
964
553
81
219
769
582
184
137
796
195
995
446
292
943
165
33
115
867
730
173
46
811
6
250
629
243
824
123
483
924
752
268
236
735
12
539
337
465
71
65
229
66
178
70
426
989
929
120
613
333
216
969
293
767
443
418
966
69
347
973
934
474
432
139
246
442
576
389
68
833
1020
339
640
892
965
734
56
80
605
190
614
84
980
221
890
135
572
343
750
777
311
832
634
277
319
504
295
324
705
910
98
851
385
751
764
321
968
189
717
102
356
18
315
34
38
808
768
67
140
172
346
703
1022
377
453
134
22
283
23
805
16
220
979
129
157
775
289
388
17
428
57
276
39
581
24
411
37
549
548
821
145
671
422
937
974
607
427
228
575
63
160
191
827
573
357
749
540
444
713
709
476
693
1021
58
1015
863
31
161
791
112
942
681
936
574
351
516
107
603
776
721
993
866
1001
868
741
865
247
889
807
860
848
944
502
650
800
587
420
602
688
441
997
406
612
897
779
448
956
633
13
883
509
554
267
507
260
144
999
299
967
850
715
177
278
745
905
405
475
952
682
716
461
332
279
625
683
725
913
912
477
689
719
836
331
1014
778
627
1012
340
310
580
393
309
748
361
588
846
555
445
275
307
363
329
758
525
998
911
242
308
431
298
364
409
747
501
996
714
373
1013
362
503
429
720
535
608
374
880
695
1004
1005
662
499
498
879
1000
396
394
341
330
626
847
759
597
746
559
342
464
726
565
727
395
628
694
528
556
589
500
534
430
497
533
590
527
593
496
526
494
529
557
596
531
530
463
495
561
595
564
563
462
532
562
558
594
