334
306
670
675
642
193
362
305
647
724
449
276
197
277
248
88
722
192
46
723
477
104
136
42
221
472
137
72
674
422
444
416
669
41
505
106
450
43
92
105
443
73
45
96
761
251
421
420
648
247
108
335
676
709
38
74
249
536
165
719
592
392
704
304
284
224
40
769
220
741
94
585
393
717
75
312
538
223
97
173
138
639
110
556
333
90
169
565
713
311
37
78
98
703
102
610
44
641
39
71
753
689
646
424
747
113
707
441
150
718
743
650
194
470
337
686
191
765
710
638
688
408
773
779
109
679
678
49
712
394
497
591
275
103
279
47
750
402
107
711
190
437
401
499
716
537
414
278
415
99
535
566
133
471
572
534
310
681
219
95
130
561
12
293
715
690
469
34
595
564
91
603
468
589
649
371
613
778
62
396
682
429
582
619
706
498
158
685
160
721
432
123
654
283
533
288
510
222
400
635
367
552
166
135
156
63
79
76
379
370
618
399
668
521
369
708
374
274
50
580
600
162
163
87
571
764
653
563
287
250
423
768
551
363
149
140
211
404
127
273
119
577
427
570
677
164
101
590
602
157
209
36
425
652
701
636
546
440
573
426
244
482
744
599
262
398
339
467
777
684
439
508
407
375
292
134
61
520
575
397
760
549
754
9
593
626
264
583
484
3
473
428
48
1
243
574
409
168
509
201
780
159
493
314
100
587
58
553
307
89
445
643
526
694
726
783
548
746
395
581
51
82
680
615
781
131
56
33
204
218
128
645
609
782
365
320
692
11
611
23
492
767
657
512
378
699
453
729
696
567
161
344
217
617
6
30
342
661
671
637
413
32
364
496
152
321
272
738
547
57
116
129
608
372
766
85
52
125
758
749
728
13
180
319
289
451
691
234
380
54
115
35
436
265
579
60
539
19
524
112
126
270
176
179
186
246
291
466
720
620
188
382
153
683
236
241
281
182
20
532
630
93
625
465
459
84
673
350
172
238
406
154
607
522
656
601
666
732
604
187
216
560
481
206
124
181
260
25
476
672
634
27
660
698
16
185
315
177
239
240
122
373
8
28
614
594
739
438
183
237
442
354
663
655
285
343
757
5
203
309
117
0
550
77
205
540
55
230
235
511
687
762
730
266
18
507
523
651
184
143
598
629
212
519
748
263
2
345
386
377
383
294
727
776
208
644
53
456
356
195
245
731
756
280
664
10
740
755
21
772
763
111
430
59
64
167
341
500
316
303
487
455
340
196
578
313
252
543
210
486
504
366
665
568
612
725
640
336
