524
492
556
523
491
525
460
493
588
555
557
461
598
587
527
559
526
565
459
566
597
630
723
494
560
595
596
564
592
722
563
623
428
599
591
631
490
554
624
522
589
558
528
586
724
429
848
495
617
533
655
692
585
458
754
532
878
662
619
663
567
618
849
847
629
553
728
534
489
240
521
691
817
755
877
620
948
843
594
278
816
343
311
344
696
310
786
944
22
114
815
239
376
51
664
978
946
82
977
86
312
85
761
179
1009
879
208
949
753
552
656
50
945
147
427
785
54
992
756
846
52
789
1018
277
993
474
180
520
584
998
462
876
1019
628
569
844
916
793
842
395
875
246
986
55
568
649
207
245
616
106
488
116
729
78
537
118
680
457
994
997
837
976
363
766
89
787
635
712
11
910
77
985
955
1006
286
146
279
771
271
115
725
117
603
880
818
181
953
348
798
149
213
0
375
765
318
788
906
176
175
486
987
45
322
681
920
862
679
105
632
200
701
669
792
359
142
3
168
636
627
845
960
648
284
697
608
574
739
871
202
87
120
770
743
506
957
609
610
57
285
448
144
29
881
996
214
966
675
119
1010
110
12
224
861
604
804
677
191
174
443
449
74
600
414
805
482
88
132
995
408
811
740
409
44
61
707
711
380
453
347
136
605
518
578
316
863
272
695
265
974
943
412
961
10
835
893
757
331
514
296
411
97
46
53
4
441
15
143
108
221
442
169
280
201
571
148
342
287
836
138
1000
733
826
170
971
913
90
894
150
830
56
611
637
358
938
1020
413
25
345
577
107
999
195
396
193
384
954
513
921
134
923
854
665
234
313
167
155
925
354
970
939
166
674
738
156
480
258
455
377
157
546
975
638
68
103
353
483
254
104
141
326
26
772
539
487
417
93
981
802
990
867
422
721
959
247
255
357
963
962
151
838
668
572
133
182
215
874
895
91
812
410
42
390
614
162
644
601
416
325
381
905
388
389
967
226
814
607
5
803
66
645
872
670
855
958
231
889
790
570
62
249
575
870
266
540
956
505
868
135
297
927
512
327
94
839
924
140
829
73
222
257
349
979
646
352
319
281
43
244
321
69
869
744
576
593
379
356
477
60
227
667
317
209
165
9
273
890
241
309
36
75
678
1022
183
886
732
34
834
1023
713
841
81
825
1017
543
67
188
154
936
562
573
903
478
194
129
705
355
858
447
2
991
160
320
840
192
612
642
65
225
509
378
708
545
95
163
83
14
189
873
423
288
98
385
382
734
456
922
582
362
769
1008
260
988
24
92
444
519
699
538
760
579
947
130
737
145
70
857
884
909
100
253
