40
39
41
45
614
44
47
561
79
309
533
724
46
503
64
48
63
224
49
88
444
92
50
91
87
647
669
59
150
284
35
394
304
445
90
696
668
93
139
719
38
752
294
95
490
123
334
60
78
641
332
266
248
121
276
675
51
66
650
666
94
491
472
151
722
36
62
167
420
473
517
153
89
106
778
37
585
501
642
306
769
165
135
34
565
694
267
500
721
321
611
247
58
764
529
148
750
684
723
518
97
674
105
716
67
149
740
43
368
339
577
527
619
367
610
416
583
773
667
77
137
13
257
384
688
484
107
180
181
489
356
12
454
519
168
576
33
293
152
643
256
731
216
260
504
6
263
483
110
96
442
554
215
85
526
582
718
242
612
312
591
499
717
426
392
528
699
703
251
124
516
652
593
283
578
159
780
108
763
747
285
704
220
32
455
140
592
187
685
245
659
753
56
556
689
720
11
639
640
246
61
548
176
690
340
230
520
54
546
615
360
274
649
204
7
388
466
550
336
776
348
471
395
1
677
201
209
547
457
525
261
68
65
31
235
298
116
282
581
273
229
265
0
74
613
658
700
498
762
120
771
208
430
644
686
281
633
255
155
233
337
349
761
243
464
4
452
622
456
754
333
770
166
580
188
555
186
727
701
661
217
264
275
743
288
511
623
523
412
524
269
782
238
190
657
695
193
385
5
756
328
259
645
126
365
335
729
179
594
522
18
80
475
234
169
2
20
174
308
10
651
119
653
755
196
122
15
492
549
14
287
231
510
638
317
648
537
84
98
111
509
178
237
53
545
158
482
175
27
485
252
57
75
206
160
606
748
419
262
672
205
660
760
244
539
236
564
465
25
632
203
768
671
118
129
316
372
141
295
746
289
714
286
134
383
221
3
270
130
355
515
508
497
223
751
562
202
560
469
232
730
128
99
9
470
551
227
428
189
210
327
341
127
30
375
400
258
212
587
366
401
494
423
439
290
624
687
634
28
552
607
566
534
608
766
596
715
575
322
605
271
486
272
553
147
218
52
343
16
759
538
198
23
733
76
102
310
728
691
711
682
574
173
268
307
353
131
513
777
382
402
326
302
496
115
429
679
424
541
438
495
280
22
758
476
631
156
21
17
377
542
656
296
314
621
112
468
225
297
781
664
749
213
741
734
744
125
603
82
680
604
26
767
427
487
673
177
291
55
8
184
451
19
101
683
463
662
443
601
157
376
320
536
521
113
104
183
618
373
313
214
467
480
713
626
133
579
241
589
303
29
228
702
440
311
403
532
338
292
138
279
207
83
620
414
493
211
488
100
299
676
346
584
710
709
599
24
732
783
681
146
172
630
739
364
726
318
200
301
765
170
370
446
437
725
411
342
219
413
712
73
543
185
109
757
410
399
319
449
447
774
646
540
625
602
103
502
512
453
692
300
344
609
458
571
347
595
358
421
354
86
481
404
514
598
350
154
117
459
81
636
239
409
315
277
405
474
432
735
331
161
195
698
635
362
600
779
597
441
380
663
406
391
425
479
192
448
654
433
745
305
357
378
72
569
171
191
361
374
563
570
557
325
697
742
182
371
398
132
330
278
628
568
42
460
705
136
775
655
678
627
693
590
226
567
397
431
629
396
162
381
197
363
665
417
736
352
418
345
436
199
544
143
707
637
772
573
530
737
670
359
144
407
390
369
329
386
617
389
324
708
163
738
706
450
379
616
505
240
253
572
434
435
588
387
69
254
477
393
323
351
461
535
142
145
408
164
415
422
478
71
531
462
70
507
249
114
506
250
559
558
586
194
222
