496
595
463
495
596
464
594
341
445
477
342
593
497
528
694
374
351
330
373
161
720
589
500
308
58
260
462
107
561
509
714
499
529
160
575
307
574
607
275
191
590
39
37
527
129
289
157
748
57
747
309
340
331
31
362
395
503
562
332
498
682
63
363
683
98
563
689
532
719
726
364
319
283
911
228
134
716
531
298
530
321
102
315
38
220
715
67
189
564
190
573
34
120
558
494
405
662
361
394
56
24
221
650
329
135
68
671
725
430
396
299
746
628
69
406
70
734
123
65
688
535
448
66
912
216
71
139
431
88
605
543
626
324
557
721
703
126
860
103
681
385
540
444
588
559
749
446
476
195
6
229
695
727
807
184
137
118
767
863
347
735
96
608
847
115
258
612
23
119
84
193
89
250
33
242
827
741
625
717
140
267
144
282
759
156
292
95
709
393
778
310
1005
956
693
259
800
165
279
913
580
380
883
996
597
764
105
356
879
138
750
427
587
542
158
572
475
429
32
1013
62
247
751
952
836
866
1014
1021
426
420
627
316
910
526
112
150
880
286
339
1000
314
411
413
333
280
889
75
64
352
40
1004
897
219
428
388
127
516
779
808
293
603
775
18
504
295
997
357
905
409
998
865
993
758
320
383
868
507
74
276
13
730
145
846
776
346
713
217
278
708
534
177
799
251
548
745
248
1015
705
441
848
824
22
1012
796
1022
533
762
417
967
556
125
465
268
892
768
42
579
172
343
731
944
814
483
942
501
851
861
80
1020
640
636
243
850
890
108
274
337
832
752
422
162
924
602
633
999
81
334
7
17
576
246
795
974
336
965
418
634
236
178
929
934
805
878
1001
425
833
874
989
16
853
554
936
792
241
966
300
90
237
823
419
306
979
277
769
173
205
884
377
867
141
923
937
995
811
311
12
106
744
565
55
615
791
9
821
953
973
980
387
954
222
862
857
94
643
704
442
284
335
968
898
738
266
147
350
718
706
854
287
964
736
604
547
828
296
512
859
947
806
610
257
777
955
176
378
432
368
864
943
515
1008
443
51
397
849
253
545
567
969
935
297
539
549
930
50
46
544
72
700
209
894
203
53
1017
920
665
213
353
810
508
478
638
1016
948
938
837
757
301
19
888
963
931
984
85
389
582
668
641
639
1011
452
245
461
502
664
988
79
914
450
666
453
202
484
170
760
712
614
78
581
577
578
113
903
325
20
945
45
379
649
647
728
982
922
15
613
773
553
990
981
820
174
48
915
673
474
555
919
672
231
858
472
14
214
21
206
211
906
210
737
49
560
739
882
809
8
227
812
117
844
208
386
970
410
116
909
804
328
781
111
114
447
265
801
101
261
365
887
679
159
926
802
451
204
771
987
902
312
1019
609
916
845
10
994
697
285
536
233
375
852
871
232
11
676
895
1003
133
876
881
146
780
789
163
949
234
517
957
978
408
164
600
1
143
793
244
454
416
1009
842
360
790
571
772
925
917
835
813
707
877
486
421
302
875
834
142
958
180
1023
601
26
950
985
843
485
566
541
519
983
132
869
976
423
263
449
763
482
372
412
290
891
696
962
288
991
182
839
1006
44
841
855
818
390
104
896
819
629
391
392
187
294
908
657
907
900
680
235
667
674
642
831
41
893
939
568
822
933
815
47
675
212
606
76
313
521
185
175
651
921
986
932
977
43
358
1018
326
25
663
972
338
223
632
1007
644
546
52
513
770
611
946
171
992
959
794
918
951
136
359
904
975
774
262
961
622
264
344
698
899
798
122
54
327
618
1002
901
670
803
1010
36
829
729
355
550
584
398
215
481
99
840
87
207
646
941
109
480
354
349
201
960
110
856
873
570
940
345
699
179
870
677
586
376
583
197
742
701
518
415
5
838
255
645
817
761
886
83
552
82
514
743
928
97
440
687
678
711
816
256
181
318
732
151
77
788
872
520
885
621
30
522
971
635
455
710
740
702
585
525
506
825
183
458
927
270
617
489
35
130
192
830
473
551
155
92
60
226
661
149
367
198
148
424
538
382
471
168
124
407
196
238
826
787
269
317
684
414
91
281
537
457
783
252
381
488
369
194
505
366
479
569
487
169
224
59
93
131
630
399
766
619
459
2
591
648
188
384
291
73
631
782
456
439
616
658
470
86
490
249
121
438
28
620
128
3
523
225
218
254
598
786
765
0
460
637
239
153
166
400
493
322
240
100
756
200
61
303
599
273
669
524
433
348
466
733
724
690
784
152
623
186
753
167
230
154
371
401
468
323
305
491
624
27
199
467
785
29
370
656
797
