507
104
606
176
298
284
549
713
468
512
551
125
553
578
467
547
453
550
428
493
103
210
350
105
554
186
494
663
399
576
710
666
154
440
522
282
150
259
256
748
552
579
157
155
100
177
471
633
604
127
209
738
375
523
605
521
352
564
180
182
151
234
236
131
123
470
242
628
684
208
683
508
460
95
257
708
567
717
258
377
238
563
692
577
211
374
746
527
43
718
747
306
594
261
380
466
599
267
158
112
212
76
772
525
179
58
689
371
214
266
14
480
598
181
455
382
86
368
84
255
378
328
623
42
152
326
742
631
595
496
469
286
68
654
381
294
34
239
485
685
270
655
472
388
364
231
686
159
355
85
740
392
353
330
240
513
597
688
35
581
672
630
492
653
327
297
418
400
360
87
183
446
12
765
334
716
205
402
590
744
32
140
229
458
302
303
325
324
429
387
410
403
764
510
299
643
540
56
69
593
457
739
185
30
20
652
741
389
714
546
153
340
483
372
565
361
351
373
773
401
474
715
94
213
77
497
51
121
462
22
431
296
225
188
241
48
15
57
671
687
313
31
670
321
745
54
479
7
393
47
777
349
295
331
4
279
629
33
721
13
406
524
24
693
759
555
268
341
269
763
216
366
776
447
307
49
21
365
243
37
703
673
201
702
312
749
8
111
82
38
722
189
419
395
682
770
9
645
448
329
338
36
23
148
203
743
83
659
705
235
701
44
644
322
750
751
26
767
139
233
59
25
46
55
39
113
637
774
444
5
3
11
0
557
260
758
473
617
658
657
254
73
656
215
367
41
376
1
53
19
407
541
18
596
775
169
10
511
423
339
251
461
700
694
736
449
691
28
476
589
346
202
680
29
562
616
167
175
245
40
45
50
733
6
417
570
420
323
274
271
625
592
600
398
70
405
275
224
737
411
639
642
430
206
27
223
574
771
766
519
335
778
168
704
675
195
415
408
432
783
779
475
621
416
217
253
149
433
561
436
390
622
681
435
569
445
727
293
585
72
755
699
588
141
725
278
218
769
226
17
16
732
753
394
729
539
71
52
348
638
2
222
477
190
391
337
768
726
731
301
735
172
620
187
65
782
559
75
237
67
194
651
281
531
754
345
730
532
198
422
250
762
404
586
463
545
558
409
677
529
601
587
698
648
626
619
115
161
309
247
173
434
500
61
196
320
287
421
285
119
611
197
383
362
333
674
64
660
451
583
757
227
437
438
538
504
610
363
627
720
695
533
664
166
160
780
110
74
650
336
618
228
624
649
591
530
614
665
60
728
147
781
230
679
647
761
482
108
199
439
66
556
752
143
707
92
133
134
505
413
359
760
756
602
723
465
450
89
114
613
63
615
252
265
678
171
582
146
81
459
560
170
88
93
300
174
568
706
207
575
503
120
584
734
132
667
244
426
91
661
232
344
109
273
502
542
370
343
646
501
308
454
319
571
356
162
264
291
379
142
697
90
193
135
641
191
138
543
200
80
318
573
396
676
117
603
144
342
397
316
424
608
272
118
288
62
515
369
280
517
357
488
425
669
145
246
107
163
289
262
116
528
690
544
79
314
192
137
724
315
263
612
489
412
490
609
219
165
292
305
221
464
317
491
290
518
164
136
514
486
220
249
414
384
276
332
386
572
668
277
640
358
385
487
696
516
106
78
248
304
