-0.036091805
-0.16058731
0.056212902
0.10365009
-0.15711641
0.050802708
-0.042951107
-0.049846172
0.08944893
0.13071156
0.052225113
0.040706158
0.05139351
0.44132376
-0.10686731
0.070435524
-0.19029093
0.094781876
0.10902977
0.14532709
-0.025843143
0.14585543
0.016644001
0.1444869
0.025064468
-0.05035305
-0.045908928
0.04777813
0.027812958
0.057081223
-0.033972263
-0.10571909
0.027756214
-0.0062422752
0.42963886
0.6663847
0.2831483
0.18856716
0.5384965
0.10123205
0.052655697
0.30623436
-0.27398348
-0.9845052
-1.4467583
-0.29063654
0.4775567
0.5551405
0.5919795
0.16226959
0.2781005
0.082015514
0.014763832
0.08736944
-0.052011013
-0.0379014
-0.27464962
0.029268742
0.05753565
0.3348627
0.27693796
0.21632862
0.73350334
0.6135216
-0.3038454
-0.122689724
0.63680077
0.048985004
0.5035906
0.33223677
0.1451993
-0.39128447
-0.6895871
-0.052714825
-0.7726402
-0.24410772
-0.38805294
0.49915028
0.29991865
-0.4456234
-0.6363597
-0.6252861
-0.09919119
0.23516703
-0.06410456
-0.068733215
-0.54050016
0.15940857
0.10109663
-1.288199
-0.9567642
-1.0464578
-1.2929721
-0.7861891
-0.9711127
-1.082593
-1.7528095
-0.65938425
-0.43750143
-0.18086433
0.1449933
-0.0077729225
0.1520319
0.8300128
-0.05428791
0.59486246
0.55126524
1.1465607
-0.42996883
-0.5084939
0.40943575
0.18390131
0.14053774
-0.37103224
-1.2868419
-1.292448
0.0771842
-0.9460726
-0.8569021
-0.43532372
-0.48982
-0.37470245
-0.39056063
-0.8314924
-0.4867444
-0.45186377
-0.23398113
0.3946867
0.22321177
-0.12308979
-0.585886
-0.041706085
0.36581898
0.47449923
0.07406855
1.2666931
0.3970065
-0.84275866
-0.7466545
0.34234953
-0.01614523
-0.10735273
-0.43067598
-1.230155
-0.7784805
-0.77777576
-0.15218258
-0.2537179
-0.2270546
-0.25476885
-0.38837957
-0.48648834
-0.31967688
-0.09454298
0.0452857
0.04101467
0.2924018
-0.1425004
-0.0013613701
0.16030693
0.07964611
0.4699626
-0.15147066
0.1935687
0.4165244
-0.45491505
0.50791025
0.64639664
-0.02324009
-1.1129508
-0.59640026
-1.3996873
-0.23032093
-0.20578289
-0.456388
0.22324371
-0.37498903
-0.5048914
-0.34727573
-0.3737421
-0.20743418
0.09540939
0.3202181
0.17244482
0.22293234
-0.011273384
-0.28548908
0.2226181
0.0035209656
0.027853966
-0.0064721107
0.53663063
0.03785658
-0.5444727
0.15279722
0.20490599
0.2512412
-1.7401385
-0.038334846
-0.575295
-0.13102102
-0.2983122
-0.19386816
0.042661667
-0.13043404
0.23463869
0.11407709
-0.053798676
-0.000104904175
0.27156305
0.42936754
-0.037596703
0.12446642
-0.10960531
-0.008800983
0.19506216
-0.17626429
0.07302141
0.30983305
0.3440628
0.20822048
-0.87551546
-0.13578796
-0.33377123
0.061875343
-0.16391087
0.18311167
-0.06515646
-0.56922245
-0.12115812
-0.29325485
-0.1848321
0.09675217
0.16537619
-0.12674141
-0.0028176308
0.06323004
0.21675491
0.17967463
0.25666475
-0.18030405
-0.3103776
-0.018811226
-0.22398043
-0.01903963
0.38423443
-0.08319044
0.33571577
-0.08676052
-0.26338434
-0.08232212
-1.0407705
0.2977476
-0.01556778
-0.17000008
-0.8176794
-1.0265107
-0.061392307
0.072371006
-0.14312983
0.1289463
0.030029774
0.18494129
0.1400609
-0.20325708
-0.13679647
0.46139288
-0.19948721
-0.5016079
-0.12310028
-0.079288006
0.115032196
-0.06350517
0.18251324
-0.114010334
0.114050865
0.3491459
-0.47472858
-0.52621174
-0.6606455
0.090685844
0.36067724
-0.7470832
-1.4575768
-0.45259523
0.32470083
0.109187126
0.4842615
0.4986863
0.772244
0.4343543
0.25394106
-0.3660307
0.27250004
0.3859272
0.11611891
-0.18608046
0.03662777
-0.02560711
0.055063248
-0.13593054
-0.041381836
-0.037595272
-0.13122654
0.16897535
-1.0355144
-1.6006994
-0.60022545
0.5162039
0.15458918
-0.39140558
-1.0682874
-0.106704235
0.99966
0.32029724
0.34432507
0.37974072
0.7073493
0.3739786
-0.074113846
0.029693604
0.4823842
0.3449483
0.09553766
-0.033788204
0.02210617
-0.037825108
0.046516895
-0.03352785
0.09833956
0.043237686
0.012189388
0.09085131
-0.9369426
-1.7119608
-1.418808
0.44261074
0.0405159
0.10991764
-0.18499279
0.06433725
0.57252216
0.38936043
0.070996284
0.099000454
-0.089672565
-0.2779336
-0.04594946
-0.15312576
0.06292391
0.6585727
-0.17111349
-0.081604004
0.055521965
-0.11063671
0.26267958
-0.012769699
0.62649775
0.6771121
0.99089146
0.8467498
-0.7296467
-1.9430833
-1.0390425
0.13565826
0.60544825
0.21086788
-0.20073795
0.42021656
0.20675516
0.06751776
0.059949398
0.1305089
-0.0046315193
-0.042016983
0.18693638
0.021375656
0.009041786
0.27636957
-0.30287933
0.018790722
-0.017169952
0.05251646
0.32230902
0.25899696
0.10412502
0.5731993
0.5796776
-0.52988434
-0.13025093
-1.096839
-0.26915455
0.5298562
-0.04837656
0.70069885
0.47968197
0.011878967
0.29852152
0.1925435
-0.11159706
-0.19213486
0.050047874
0.11884785
0.4375782
-0.01863718
0.015787601
-0.1285739
-0.098259926
-0.25268793
-0.09972191
-0.0011940002
0.2136612
0.10654831
-0.10061169
-0.026901245
-0.36474705
-0.18124533
0.6234088
-0.75774527
0.36626196
0.62701464
-0.83920574
0.33134413
0.47360563
-0.025593758
-0.32674646
0.22566748
0.5162282
0.40946722
0.21005201
0.22162628
0.14258957
0.018580914
0.05728388
0.04439783
-0.016609192
-0.054877758
-0.30263376
0.05816841
0.09631395
-0.1783576
-0.31928825
-0.022567749
-0.55580044
-0.6260948
0.22525549
-1.1763449
-0.55985117
-0.17779684
-1.1879177
-0.8180313
-0.2995267
-0.12934446
0.20936775
0.7312441
1.0593605
0.9362526
0.3050356
0.12746859
0.2898512
-0.2394042
0.005991459
0.19275808
0.49551964
0.115558624
-0.037490845
-0.04552412
0.2705884
0.0040483475
-0.066154
-0.22824287
-0.5562897
-1.153367
-1.0218449
-1.6653943
-0.42111635
0.10182524
-1.3322597
0.27736092
0.085748196
0.13326406
0.5684495
0.6497593
0.8935337
1.3037977
1.1894555
1.2615075
0.9170623
0.6169939
0.63482666
0.7281456
0.40564108
0.16526985
-0.04617071
-0.14393854
0.28773832
0.24921513
-0.16095018
-0.22800684
-0.325037
0.17759609
-0.032204628
-0.5183258
-0.5113454
0.09250927
-1.1911511
-0.049020767
-0.27723885
0.20983982
0.2059555
0.20740795
0.59579945
0.28965855
0.96726274
1.1659107
1.4696221
1.5324855
1.1057515
0.6128845
0.034918785
-0.10783243
-0.07943773
0.0024676323
0.15715647
0.044771194
-0.41608095
-0.19309664
-0.00868988
-0.30668974
-0.9853625
0.22330189
-0.84465504
0.06106758
0.1872096
0.40793276
-0.47531986
0.012114525
0.19528532
0.028486729
0.10059309
-0.07256651
-0.03437805
0.20842743
0.06241417
0.047943115
0.011584759
-0.23301792
-0.13549376
-0.17741156
0.038512707
-0.040374756
0.1686759
-0.13333273
-0.01956892
-0.19854403
-0.025871754
-0.6527004
-1.0240321
-0.33673096
-0.3189845
0.014955044
-0.21969032
0.24436808
-0.6839042
-0.33314848
-0.12787056
-0.60140944
-0.47118807
0.5850153
0.5432453
0.37201214
0.2712798
0.14902592
0.30483198
0.026840687
-0.08056545
-0.10637617
0.020026684
-0.07293224
0.09965658
-0.3491783
-0.15245962
-0.375988
-0.5833659
0.16505814
-0.11528015
0.6830096
0.22745466
-0.22057867
-0.9137912
-1.7094913
-0.8683233
-0.38277483
0.2558074
-0.35540152
-0.15398121
0.08059311
0.16157484
0.12763119
0.06087303
0.12349415
-0.0018353462
0.04678011
-0.0011048317
-0.033666134
0.18123436
0.012570381
-0.30615616
0.12349129
0.14489412
-0.44767523
-0.27826357
0.3990307
-0.009708881
-0.66760397
0.22602606
0.0658927
-0.16680098
-1.2737274
-0.5751338
-0.08784485
-0.16303062
-0.08501387
-0.09342718
-0.04268551
0.016664982
-0.0005507469
0.16131735
-0.011021614
-0.0032172203
0.09873676
-0.092077255
0.030544281
-0.13567209
0.17048454
0.100569725
-0.05172491
0.5490074
0.15692806
-0.21839285
0.365283
-0.32460022
-0.8380976
0.33718395
0.096007824
-0.07591963
-1.2240152
-1.2485051
-0.88527393
-0.41954374
-0.61218834
-0.519187
-0.3136325
-0.4679489
-0.46539164
-0.52336645
-0.1269126
-0.18689251
-0.113295555
-0.32731247
0.0035591125
-0.011126995
-0.16061783
0.012404919
0.31908274
0.70476246
0.3297453
-0.22514677
-0.82712793
-0.7412534
-1.964076
-0.1439991
-0.0019464493
-0.14611101
-0.4124241
-1.3401074
-1.3370023
-0.43254042
-0.7039604
-0.4248619
-0.1040082
-0.16699314
-0.33502293
-0.09576607
-0.30910826
-0.4626975
-0.3285241
0.029996872
-0.13990927
-0.51435757
0.31604862
0.40443516
0.30051136
-0.36792088
0.22530031
-0.026696205
-1.4645491
0.21931791
-0.42216682
0.17024755
-0.1802082
-0.17666721
-0.5818901
1.4066572
-0.48394156
-1.1521878
-0.7979784
-0.89075994
-1.2152872
-0.77635956
-0.5217657
-0.27464867
-0.74518204
-0.39196682
-0.26243448
-0.026236534
-0.3048153
-0.5149703
-0.55579805
-0.69429207
-0.2014041
0.20385742
0.1753087
-0.042285442
-1.4230132
0.88563967
-0.47553253
0.11486769
-0.16838884
0.034615993
-0.12726164
-0.22503519
0.6410637
-0.37320042
0.27470303
-0.10790157
0.14290094
-0.14171314
-0.3795948
-0.2592783
-0.2772956
-0.73684263
-0.51435566
-0.8685875
-0.9640546
-0.80134153
-0.7242627
-0.78176594
-0.5112648
-0.4056654
0.26503754
0.71456337
-0.4487357
-0.4976592
-0.12068462
0.20880938
0.24433136
0.003669262
-0.122698784
0.10300875
-0.1590724
-0.097557545
0.4175582
0.4418869
-0.046456814
-0.28398943
-0.6347208
-0.605248
-0.3479519
-0.50790167
-0.49093485
-0.33600664
0.10430336
0.17588902
1.1066036
0.20316029
0.19028759
-0.1643591
-0.2948842
-0.43130875
0.107290745
0.06570053
-0.190413
0.026594162
