381
435
661
628
613
214
101
190
33
629
158
410
603
626
208
522
188
660
468
377
545
396
536
663
606
52
405
625
432
380
577
376
783
574
32
189
538
57
320
687
632
729
519
192
549
337
11
155
203
524
154
602
27
544
401
5
12
40
353
2
58
438
371
599
532
224
543
349
236
781
370
258
217
134
116
160
596
51
53
8
280
181
323
644
439
630
344
579
635
539
88
39
476
3
780
18
286
338
275
206
727
271
464
295
402
608
600
212
598
260
372
9
480
364
263
112
431
23
609
100
70
19
21
572
102
194
309
638
523
87
159
627
597
49
584
492
233
551
304
699
634
183
722
773
238
605
273
111
262
375
533
37
776
398
462
163
215
537
775
721
195
509
369
510
220
542
755
453
508
429
366
411
61
237
430
187
184
128
530
445
694
426
615
587
205
83
756
562
496
291
593
239
384
750
467
209
293
378
60
478
50
36
495
512
459
156
252
397
78
692
573
457
41
218
690
664
182
314
383
285
666
422
69
59
247
643
139
219
315
322
276
281
640
570
318
316
245
294
342
127
136
612
691
491
534
110
428
164
762
368
210
34
290
403
13
763
336
266
161
423
133
46
395
321
287
463
288
77
68
166
308
427
392
191
38
569
637
106
47
481
341
386
387
568
48
105
511
365
518
63
488
420
489
66
732
167
482
350
35
586
394
665
317
751
490
454
62
289
103
725
483
487
456
513
313
455
517
774
107
514
485
486
135
484
703
515
516
