466
436
529
465
561
435
497
433
593
592
363
653
498
467
560
468
364
437
625
622
373
464
394
652
651
430
372
341
624
591
429
469
402
434
496
374
623
626
397
406
365
650
462
682
340
654
528
463
405
331
530
395
401
684
371
404
332
342
683
659
715
431
362
428
396
300
714
627
559
594
333
658
308
974
562
403
685
398
716
307
869
655
914
979
494
495
1015
704
15
499
309
1005
438
432
763
301
872
1006
47
427
330
820
426
850
247
573
139
661
346
315
261
370
672
694
299
302
283
347
16
1007
705
660
673
911
329
161
851
700
841
709
473
57
256
321
291
839
122
455
768
504
807
34
641
130
67
542
269
943
290
726
551
902
731
870
487
1012
809
973
248
339
233
980
975
606
882
922
806
390
230
874
236
58
48
204
706
574
192
194
84
162
519
794
808
713
425
681
446
686
910
643
237
644
85
934
252
384
288
775
35
888
147
1013
505
1014
393
981
80
421
103
590
65
813
819
148
746
98
883
613
840
259
379
276
17
357
737
38
510
1011
352
912
865
946
189
545
375
543
994
796
907
541
88
63
930
678
49
445
279
823
801
792
575
580
423
668
826
232
760
253
112
72
389
153
316
476
205
324
825
965
605
890
679
1001
12
461
858
821
159
1016
764
131
221
478
158
116
536
628
115
90
748
40
199
526
795
113
104
1004
18
479
962
732
838
25
149
190
707
842
411
484
453
913
284
742
959
544
857
121
141
260
268
235
270
229
89
266
73
662
859
708
982
776
717
20
422
889
135
137
960
667
477
711
75
355
915
928
95
180
214
924
698
222
773
873
500
220
96
868
983
735
71
947
407
127
791
710
74
856
991
320
896
378
1023
353
350
899
942
323
83
637
356
1022
837
485
867
452
160
298
891
693
138
292
380
774
926
828
297
225
927
892
244
674
46
511
727
134
26
671
969
647
383
351
59
475
804
157
39
443
197
854
656
44
845
198
126
743
929
447
640
932
251
325
638
385
13
173
829
702
767
168
900
611
328
649
670
777
569
990
311
639
675
271
275
508
91
306
472
583
191
123
125
822
234
52
852
507
676
486
642
319
925
730
440
31
217
615
124
287
41
419
314
203
799
201
117
847
129
958
703
904
264
354
206
515
618
875
140
154
646
963
578
906
937
516
227
810
976
744
107
246
879
607
79
501
105
136
238
102
846
177
881
629
957
213
70
97
418
451
171
984
740
830
8
666
212
318
734
223
132
317
517
945
27
184
36
99
33
956
219
68
493
414
901
895
391
277
92
518
30
188
242
81
831
448
814
762
793
798
1020
581
211
296
254
908
106
265
992
576
267
898
358
21
156
226
66
781
699
933
695
936
9
413
293
509
274
712
310
62
645
527
245
790
818
118
636
348
273
884
759
778
1021
772
454
286
243
187
827
677
28
258
6
941
450
766
60
824
250
897
108
903
109
550
871
94
514
800
988
886
549
996
701
548
167
1010
77
255
955
916
2
32
441
64
334
1003
797
285
923
163
887
207
196
608
416
938
950
878
322
954
282
860
146
169
166
745
866
540
128
537
193
143
1009
439
101
765
55
410
761
728
280
470
29
82
142
19
3
939
144
951
572
894
863
382
444
612
729
848
415
861
37
634
179
993
481
178
919
788
733
186
7
155
152
175
43
893
1017
749
844
215
978
176
295
14
843
736
853
386
133
582
989
42
633
832
538
51
931
181
987
69
183
747
880
224
657
964
200
525
387
182
780
343
164
50
170
381
61
539
93
210
442
579
779
782
604
952
174
361
76
412
918
172
967
228
614
56
506
359
855
303
635
680
769
4
972
202
935
849
669
603
512
547
833
474
45
185
697
692
836
240
239
338
610
953
815
568
289
349
876
546
78
119
218
885
100
725
862
571
120
257
940
241
327
738
997
216
278
1
417
1008
313
1002
312
114
970
986
456
961
864
741
998
602
803
905
151
968
145
209
165
817
811
977
360
609
231
86
5
53
483
111
663
513
921
949
10
944
520
388
482
0
420
805
24
304
480
263
877
834
449
816
995
558
948
281
195
630
648
1018
758
917
11
1019
87
272
687
570
665
488
326
294
577
345
110
770
696
999
262
208
305
23
784
835
789
424
54
812
920
249
471
739
409
664
802
971
601
632
771
617
757
377
785
616
909
552
718
150
1000
600
392
400
985
691
756
344
366
502
408
335
966
584
369
22
787
631
783
399
724
621
337
751
336
368
457
376
619
690
598
750
503
786
531
752
595
689
367
534
688
755
566
719
599
585
753
567
460
720
459
458
535
557
563
489
723
553
754
620
533
532
597
521
721
596
586
722
492
565
524
564
490
589
554
587
522
491
588
556
523
555
