572
638
635
615
493
781
476
364
295
131
25
224
355
173
8
431
139
756
721
603
242
375
129
439
613
6
501
168
259
494
520
426
369
451
478
645
187
326
383
678
606
2
231
587
650
328
200
622
390
779
759
727
61
527
593
728
109
641
562
194
412
414
243
52
26
729
661
644
55
70
672
24
491
521
577
157
461
201
602
81
758
422
616
382
757
33
621
29
754
536
548
166
85
215
227
671
734
12
15
617
262
700
448
58
60
404
690
353
176
701
146
57
47
697
604
674
424
233
254
752
310
438
673
100
284
164
574
551
20
783
246
722
276
327
306
82
84
730
235
234
379
177
547
236
190
720
28
19
50
464
469
274
214
260
393
174
732
141
782
588
138
54
492
490
430
300
442
99
204
726
565
207
408
16
498
268
698
391
4
230
275
733
633
347
436
211
199
23
304
502
178
318
0
213
409
240
319
397
410
31
265
241
585
7
272
205
407
316
185
381
128
46
614
49
232
315
293
594
763
704
1
778
113
87
45
503
170
155
380
620
228
238
500
558
764
433
21
290
56
428
154
78
147
753
775
468
776
519
98
507
592
566
691
302
48
158
322
331
86
179
245
14
282
539
561
354
149
634
126
294
405
279
389
287
649
74
223
777
427
421
148
376
605
169
239
564
152
435
675
586
496
311
289
462
212
403
153
329
42
349
208
434
145
218
127
301
156
237
180
183
256
132
676
182
71
124
769
398
209
134
116
546
335
664
330
694
648
687
186
692
266
64
93
142
425
646
457
348
563
670
219
317
702
637
121
535
125
97
267
370
191
273
357
489
119
396
72
288
731
530
677
378
591
150
184
151
172
114
321
120
255
350
642
118
589
161
210
377
505
247
705
181
143
417
117
360
103
122
619
77
542
387
449
115
518
133
450
406
773
94
612
666
43
44
130
197
90
320
334
386
477
95
511
647
362
545
590
104
91
665
106
540
283
419
107
488
543
136
358
640
123
92
359
171
89
96
144
105
541
487
455
544
251
483
517
774
135
456
516
512
486
485
514
515
484
513
