654
598
653
271
272
505
569
797
711
616
743
648
537
469
490
4
723
487
437
523
631
755
724
754
630
473
686
459
466
623
691
511
710
788
652
538
599
524
685
240
585
304
756
787
620
323
678
510
617
239
303
733
621
592
468
591
305
29
659
493
635
825
692
434
826
645
488
729
506
761
491
404
971
273
77
619
941
457
238
27
813
655
765
940
436
886
918
458
885
785
722
264
82
455
460
677
618
403
489
753
927
622
669
637
348
698
366
371
322
398
109
456
766
225
660
514
47
481
570
822
680
402
740
975
83
742
696
809
28
646
100
583
52
381
917
435
254
86
1007
921
291
522
3
269
786
856
61
951
687
586
632
568
131
642
784
128
73
551
872
43
838
830
946
699
950
0
840
265
513
179
1002
121
657
485
972
110
644
675
552
233
479
252
44
1010
667
467
59
414
697
774
843
224
732
480
1018
976
560
518
345
624
424
842
338
148
317
433
852
92
1006
985
358
873
782
372
2
399
816
986
439
432
226
382
482
355
702
839
255
817
438
949
977
600
674
584
91
611
10
76
19
212
819
449
93
36
908
376
270
465
870
891
235
845
349
701
939
798
658
901
327
907
933
234
781
983
780
244
440
192
486
841
521
344
893
855
536
390
207
384
818
359
60
958
470
335
690
54
256
194
365
152
130
520
370
367
124
831
904
35
11
281
829
916
171
104
5
663
877
285
232
181
928
783
154
451
318
99
354
313
606
957
550
793
423
978
981
770
871
180
707
926
337
117
546
887
656
326
670
925
290
676
101
167
97
815
684
415
471
133
175
895
87
987
959
661
132
492
772
142
991
336
391
794
201
379
803
116
609
136
143
263
108
223
763
30
472
1009
200
215
412
407
932
899
1019
334
638
960
284
146
896
519
789
288
961
844
199
810
992
386
312
834
982
812
153
51
151
122
1003
835
149
26
962
72
188
651
739
214
869
169
876
922
163
900
601
21
350
639
41
902
647
113
230
804
204
790
301
287
196
328
915
114
450
25
85
881
801
222
771
164
210
111
478
737
213
360
541
903
909
408
666
875
1
802
245
166
416
253
823
78
369
302
994
339
906
159
668
186
375
211
571
174
1023
206
421
20
410
168
555
368
50
15
672
963
664
392
984
773
673
8
588
988
587
508
155
257
641
553
106
931
208
930
45
935
728
854
49
227
862
297
94
183
970
864
898
294
162
306
202
736
964
858
547
929
704
752
447
995
919
1017
1008
604
610
544
259
566
249
387
400
401
296
79
325
990
182
55
127
515
679
578
484
141
170
218
938
948
383
198
945
352
769
320
7
53
867
636
150
197
90
203
757
649
74
700
156
147
920
316
512
353
966
300
955
577
545
833
832
75
413
965
768
828
14
185
419
452
567
993
954
158
454
205
266
517
969
504
1016
138
209
882
176
640
712
853
554
1011
897
947
968
105
286
446
137
378
103
894
42
914
115
837
173
333
865
231
943
806
731
268
980
760
248
868
542
125
118
738
762
924
866
708
193
443
343
888
706
923
859
878
40
665
274
187
165
973
397
934
96
95
292
996
139
311
237
836
293
861
195
62
857
937
792
262
643
178
849
799
718
261
425
549
380
884
936
184
9
89
989
258
389
172
229
46
251
126
795
800
68
543
64
88
69
814
613
217
483
874
417
228
796
1001
953
48
997
377
81
576
820
502
548
246
140
730
32
241
280
219
119
70
12
123
735
324
314
539
721
629
145
979
688
442
277
615
974
824
418
910
1020
967
135
744
276
6
474
999
216
71
347
243
33
811
582
751
411
750
579
892
120
1022
177
295
356
749
717
944
453
65
705
942
406
848
236
220
805
777
250
190
282
614
56
767
80
134
634
66
913
850
221
346
912
1021
890
385
764
84
102
428
572
189
321
67
605
448
501
388
426
22
625
880
703
998
357
34
516
38
627
63
39
905
1012
608
1015
18
476
319
734
98
144
157
821
23
37
1000
709
719
671
581
405
808
283
315
444
573
607
461
24
851
289
393
260
129
247
191
31
16
427
693
57
112
775
827
556
160
525
565
17
791
956
299
540
741
1014
689
107
340
422
278
503
603
1013
1004
267
863
713
431
509
846
633
58
420
161
279
597
847
574
681
441
351
602
575
807
534
332
242
776
507
310
1005
715
879
13
533
361
889
309
331
860
612
716
409
883
911
779
725
626
628
745
475
307
650
329
477
275
559
580
498
535
445
952
758
720
429
695
298
373
308
662
499
363
374
364
682
362
683
778
748
589
396
330
747
394
464
342
341
528
714
500
727
759
726
590
395
497
564
596
527
593
430
746
694
595
526
557
532
496
529
494
561
530
558
594
531
495
563
463
562
462
