418
446
474
697
531
475
447
226
558
198
529
391
590
171
473
65
419
80
586
501
702
696
557
503
559
170
618
646
390
228
478
283
142
734
678
67
114
144
282
736
199
143
417
68
450
115
726
507
584
563
698
81
506
256
614
79
564
389
118
706
254
705
640
733
735
514
222
530
200
621
388
225
491
775
502
425
589
737
451
348
464
14
591
535
172
363
139
194
470
462
648
512
354
742
708
770
738
349
579
22
382
259
257
679
748
624
177
745
355
379
237
412
158
264
673
340
311
551
783
752
384
662
779
759
730
130
109
286
165
131
176
31
577
739
751
56
216
650
767
313
440
263
235
421
261
262
747
202
298
746
749
236
665
186
30
326
260
10
43
328
189
299
700
689
253
204
314
712
214
714
741
504
232
134
206
720
246
710
682
272
285
776
633
242
711
288
138
217
338
258
