460
492
522
598
490
566
428
363
461
561
816
343
362
630
565
376
310
29
817
597
458
493
534
331
272
491
528
553
521
93
754
459
789
367
563
818
562
696
366
523
533
819
595
342
753
364
815
560
75
784
311
814
529
240
786
489
106
427
594
785
118
527
520
728
691
661
318
375
441
74
788
399
61
593
86
524
119
92
87
152
95
848
57
201
723
30
537
89
395
722
724
692
847
599
569
664
105
408
55
3
200
662
183
526
344
98
90
88
150
945
347
798
409
552
752
191
849
285
332
284
783
4
631
27
585
149
559
530
322
316
273
448
998
232
396
693
604
2
473
221
62
878
114
104
217
304
5
766
494
315
170
357
97
330
278
189
946
572
701
997
540
271
81
215
17
977
384
388
280
379
992
1019
508
920
54
394
999
416
875
282
136
765
568
286
993
356
68
961
45
944
531
248
429
94
202
910
862
895
735
567
389
249
354
386
610
216
874
740
584
134
100
1009
501
893
1006
281
262
56
834
861
398
663
60
960
208
50
103
974
577
412
258
182
37
259
377
42
603
739
326
797
385
148
844
488
913
953
65
842
573
239
91
263
246
321
695
668
66
309
1
113
741
234
1018
317
227
787
793
73
836
151
195
843
185
146
153
894
903
802
835
756
474
677
608
737
196
539
228
0
1000
742
294
771
938
612
525
536
877
669
476
157
674
31
738
639
921
942
614
181
1003
231
863
46
141
509
820
35
955
266
417
970
58
80
329
555
78
987
868
978
352
706
876
939
846
49
165
1004
1010
452
994
633
897
644
925
571
133
721
283
444
169
578
1005
353
611
804
145
705
837
660
365
699
132
609
277
985
811
1022
896
632
879
247
1020
962
986
636
513
892
646
297
180
143
736
477
411
919
733
575
15
581
325
346
707
120
635
935
600
28
241
312
147
926
506
803
917
44
772
830
627
922
538
829
845
888
69
1001
918
967
1021
870
958
397
260
923
374
860
144
303
889
1023
770
26
951
48
758
314
64
866
176
570
422
976
799
675
996
891
924
36
966
380
582
548
850
265
813
732
279
812
645
898
949
257
214
455
867
296
613
779
142
909
908
512
640
483
805
880
667
250
841
865
576
616
546
979
449
906
855
840
59
164
907
954
708
209
727
767
505
952
864
1002
1017
796
869
734
761
957
220
507
768
420
881
361
709
744
859
769
298
800
358
125
166
916
991
757
929
233
443
901
659
704
514
287
605
475
541
82
480
535
390
700
1011
902
1013
486
264
755
482
580
642
871
710
607
637
442
502
973
1014
549
828
927
345
905
107
254
407
355
854
890
963
832
672
950
453
990
764
194
810
226
163
292
359
544
936
406
680
934
122
171
731
643
235
320
96
328
592
400
426
678
629
270
518
730
313
915
291
995
504
969
413
971
447
225
350
418
965
391
421
251
638
445
833
702
112
887
450
32
253
289
975
988
9
679
968
780
327
959
319
712
673
167
245
981
197
155
222
713
179
99
1012
606
743
928
914
931
711
440
801
210
873
481
807
899
809
177
545
948
579
904
759
168
596
199
439
348
641
116
6
495
108
824
937
110
299
140
16
255
900
67
516
956
831
826
454
980
252
373
839
510
790
230
703
989
288
574
827
324
1016
472
76
295
911
697
762
781
808
729
175
792
858
206
547
886
138
947
982
984
423
174
676
838
760
127
851
487
519
135
187
885
821
912
14
121
267
218
746
485
856
776
34
102
1008
207
628
410
647
932
154
745
290
671
782
203
882
178
188
1007
763
129
1015
193
698
156
229
128
333
775
300
79
930
933
126
47
778
190
517
615
550
479
626
551
378
943
884
484
857
124
503
115
137
184
853
983
236
694
192
972
634
204
162
387
665
414
198
213
601
211
323
244
381
101
823
360
773
883
223
471
777
77
173
964
243
725
70
670
224
33
351
158
872
38
825
205
684
583
256
511
794
85
261
237
656
130
795
419
515
478
750
451
349
305
238
822
160
172
774
690
940
666
624
131
543
306
212
941
242
806
852
111
293
41
685
435
219
542
602
22
63
10
686
791
372
43
53
434
751
648
274
498
403
186
658
83
392
335
382
18
554
470
275
139
161
368
456
500
747
276
123
25
268
109
51
466
438
11
687
7
336
117
159
334
446
625
72
617
71
301
12
269
84
23
52
655
383
688
405
681
302
24
337
499
720
8
719
19
749
393
404
467
689
748
40
437
13
415
424
717
718
308
714
726
39
651
457
341
716
469
649
21
338
371
657
715
436
532
586
468
20
431
425
683
340
307
652
496
682
402
556
339
591
620
623
370
432
621
497
369
650
430
618
564
401
433
654
653
619
465
462
589
464
590
587
558
463
588
622
557
