633
73
412
716
619
427
139
311
266
640
686
259
736
268
51
405
530
613
428
616
181
655
684
75
183
166
527
346
581
421
125
286
554
223
452
237
455
656
623
78
666
121
199
653
685
695
752
184
267
614
480
669
588
641
639
719
502
764
401
331
429
128
693
446
595
657
37
687
104
360
124
775
350
318
507
582
340
739
77
456
726
256
303
610
622
748
594
117
698
120
43
472
98
170
566
86
559
127
228
123
118
702
473
450
126
109
100
99
611
447
667
70
169
195
449
555
225
81
621
591
505
122
76
668
97
584
646
477
531
79
95
528
80
72
44
474
475
618
69
94
556
586
451
171
90
71
389
64
68
66
251
583
391
418
74
479
250
138
92
503
89
390
142
529
143
114
361
93
91
115
197
65
96
557
558
67
590
696
