46
38
47
48
49
50
88
63
35
78
45
66
34
224
62
41
107
75
87
40
64
642
36
39
60
90
37
67
79
420
92
51
392
73
166
71
110
416
93
422
223
72
167
76
387
13
77
94
445
12
61
91
723
365
65
59
647
70
58
614
106
105
74
386
561
359
619
193
304
108
139
397
592
349
444
591
598
347
135
499
103
33
620
597
360
309
527
332
121
376
473
593
179
398
348
703
357
648
178
427
370
674
369
261
443
472
354
364
722
195
206
423
610
415
410
102
97
570
262
569
205
637
172
629
119
371
526
611
554
375
251
149
234
320
625
599
116
649
699
555
498
725
292
412
567
553
731
154
98
440
762
595
52
293
161
582
233
414
284
276
755
32
581
631
645
627
580
761
613
596
54
342
89
381
388
536
605
3
606
343
643
352
460
408
355
608
207
403
28
585
399
104
406
488
732
511
644
462
192
500
5
151
220
568
690
411
763
529
587
266
120
635
140
353
7
701
0
646
384
20
780
628
235
508
756
378
6
512
453
492
407
265
615
2
425
291
753
729
19
11
551
783
175
288
43
133
626
380
528
439
556
85
650
724
450
470
1
229
159
190
124
294
351
315
691
69
436
405
476
225
157
604
201
782
374
111
122
413
17
57
491
652
518
494
331
409
18
463
356
426
579
727
471
337
56
757
168
321
100
438
319
117
346
147
358
99
153
141
383
158
316
607
191
160
163
385
552
493
583
382
545
532
520
180
541
517
669
456
260
196
333
327
434
781
27
698
144
22
730
576
457
522
128
29
21
621
675
31
481
113
131
101
334
461
728
600
8
609
601
560
402
525
395
326
478
754
768
14
15
490
523
10
514
702
118
630
636
84
688
142
565
325
125
540
458
654
165
577
53
23
44
263
515
634
9
287
400
616
112
329
289
377
671
82
539
501
152
740
624
521
758
638
232
203
542
394
726
484
519
200
455
658
632
273
25
379
639
764
129
317
538
653
435
667
656
156
454
247
759
290
155
314
164
267
483
467
451
324
4
602
700
495
30
537
465
428
441
239
617
721
564
148
350
431
672
666
497
760
681
227
562
306
230
664
679
513
173
468
673
404
603
24
336
563
312
430
657
573
469
303
524
482
670
485
344
83
218
248
123
665
95
204
466
510
442
546
464
176
574
318
509
622
275
240
684
660
245
433
396
695
393
550
26
594
623
437
588
633
214
694
244
181
126
237
182
719
185
16
548
55
547
215
341
578
208
489
549
641
219
651
704
277
659
264
487
217
313
571
127
210
322
655
697
575
618
146
188
162
774
401
720
661
432
132
589
773
612
231
278
238
772
716
330
677
663
285
295
486
544
241
130
417
211
228
566
42
496
213
557
424
516
301
662
300
177
187
429
255
271
682
767
689
150
259
479
236
584
134
256
268
272
717
226
686
189
373
298
286
183
421
535
345
212
678
692
246
683
170
718
447
305
308
184
534
765
775
169
257
270
543
174
715
221
680
340
202
302
68
776
746
507
283
297
372
243
531
771
96
714
367
368
459
687
559
209
280
747
735
328
339
296
751
186
274
533
750
778
136
777
252
743
249
769
281
366
