36
755
262
9
422
233
88
210
18
111
399
605
634
163
573
134
401
375
83
776
459
513
762
102
538
209
196
275
87
309
315
426
699
430
180
424
61
166
508
692
293
756
491
593
316
245
403
322
164
402
457
383
290
763
561
34
463
691
152
13
318
153
60
151
664
369
342
416
218
510
534
518
640
453
341
721
615
496
750
638
509
722
478
157
161
77
276
136
40
110
398
377
655
139
314
533
562
503
294
690
429
490
565
537
285
488
287
133
39
220
177
181
378
666
263
406
38
694
291
643
350
124
288
48
445
321
247
266
191
428
41
392
357
35
395
317
637
397
511
59
612
427
46
47
63
365
423
665
62
386
105
485
481
167
106
387
289
512
482
725
420
313
394
123
454
487
517
103
732
483
774
44
514
456
107
455
486
484
515
516
703
135
