0.088811874
-0.02796936
0.014401436
-0.23095036
0.16330147
0.014532089
-0.010521889
0.25889397
-0.032486916
-0.09467983
0.070010185
0.041726112
-0.4979496
-0.15506744
0.32035542
0.38894367
0.05740738
0.016379356
0.11949921
-0.08642864
-0.05063343
0.033634186
0.10043621
-0.122424126
0.05135727
0.05437565
0.13683891
-0.056120872
-0.05669689
0.07918644
-0.024469376
0.21085072
-0.027535439
-0.04949951
-0.4724245
-0.1408186
-0.29258442
-0.6598692
-0.8642931
-0.14051723
-0.223176
-0.6230469
-0.9077053
-0.6292801
0.12848473
-0.4861021
-1.0172262
-0.42752552
-0.25619125
-0.48159504
-0.31818104
-0.21403503
-0.14335346
0.09578323
-0.077106476
0.0925169
0.031083107
-0.078998566
-0.10878754
0.4285307
-0.043689728
-0.16252613
-0.4079733
-0.28783035
0.14470196
1.0540552
1.196353
0.6246996
1.1850567
0.69941616
0.11316967
-0.76963043
-1.347333
-0.88649654
-0.7597828
-0.75743103
-0.35049725
-0.00014019012
-0.65262794
-0.00081539154
1.0825043
0.72043896
-0.16083717
0.20649147
0.053123474
0.05910492
0.08810234
-0.20291805
-1.0260391
-0.12446499
-0.89225864
-0.3668518
-0.8736172
-0.02940464
-0.7652216
-0.2676592
-0.81408405
-0.72896576
-0.60803795
-0.4570217
-0.18044949
-0.2681389
-0.5365782
-0.46792507
-1.2832346
-0.6985979
-0.6572695
-0.42784882
-0.7736387
-0.2592907
-0.67462444
0.15523624
-0.092998505
-0.5879841
0.6459446
-0.010108948
-0.103645325
-0.085783005
0.22778797
-0.23125362
0.3507614
0.09981251
-0.036376953
-0.16801167
0.07874489
0.013437271
0.041190147
-0.22355556
-0.19175911
-0.07066059
-0.24819851
-0.20697117
0.44320202
-0.3215313
0.07728958
0.008333206
-0.7569494
-0.5806532
-0.64180374
0.3984337
-0.10955906
0.05046177
1.0261183
0.069449425
0.7791214
0.084181786
0.5187435
0.13374043
0.2681589
-0.008254051
-0.03991127
0.012972832
-0.041950226
0.022004128
-0.036515236
-0.0033826828
-0.010527611
-0.012063026
-0.13758087
-0.14099216
-0.20136547
-0.1365776
-0.11240101
-0.16989613
-0.23719978
-0.29991055
-0.3586216
0.121790886
-0.038952827
-0.33854198
0.78784275
0.90363216
-0.014446259
-0.32338715
0.3133993
0.11980915
-0.04573536
-0.023085594
-0.046102524
-0.038594246
0.05430031
-0.13247967
-0.068193436
-0.062511444
-0.1624527
-0.045394897
0.0034780502
0.012412071
0.0021982193
0.26070404
-0.1649456
-0.38473225
-0.9200611
-1.3983994
-0.399889
-0.013554573
0.19097996
-1.2586765
1.6657181
1.0037899
1.1425982
0.0412426
0.4840908
0.010252953
0.01287365
-0.057398796
-0.029504776
-0.04961586
-0.024415016
-0.24657536
0.12718773
-0.26429176
0.055013657
-0.033424377
0.0042848587
-0.055814743
-0.010325432
-0.109220505
0.0041074753
-0.3052988
-0.31195545
-0.6868124
-0.2755413
-0.8321152
-0.36293697
0.38064003
1.3285761
0.20993233
1.3120947
0.28562737
-0.020362854
0.094236374
-0.014568329
0.0081682205
0.0008573532
-0.0014362335
0.0077552795
-0.061772346
0.023015022
-0.08200455
-0.13725567
-0.09320927
-0.11655426
-0.019587517
-0.09572697
0.043518066
-0.024737358
-0.40176392
-0.6970453
-0.7851305
-0.1189909
-0.892642
0.27625751
0.4846983
0.9791794
0.5806446
0.3217821
0.88259506
0.22706795
0.21909809
-0.054629326
0.1264677
0.1889019
-0.14966297
-0.11218548
-0.015420914
0.05080986
0.012753487
-0.20211124
-0.2695608
-0.05662155
-0.012524605
0.16992664
-0.23290157
-0.047146797
-0.18921661
-0.8463726
-1.2768202
-0.3390665
-0.1676693
0.066625595
-0.0030050278
0.92915726
0.28494644
-0.49889755
0.21877861
0.1743784
-0.2385025
-0.26167774
-0.13484955
-0.13080502
-0.14391899
-0.07586861
0.063477516
0.005443573
-0.07407856
-0.3667612
-0.40421486
-0.50084496
0.27217293
0.32505417
0.24961472
0.2583189
0.27855778
-0.5804634
-0.99924564
-1.8887491
-0.028725624
0.9183588
0.28357506
0.002275467
-0.19143677
-0.6278572
0.24080563
-0.0851078
-0.04130459
0.13812256
0.13046455
-0.10177803
0.001958847
0.37619972
0.22150898
0.13511848
0.06320763
-0.089668274
-0.11839676
-0.08792877
0.33399773
1.0429001
0.79782104
1.2154179
0.58850574
0.48130798
-0.5381985
-2.0834713
-0.85119915
0.7332258
-0.3161049
0.41604424
0.04766941
0.21181679
0.18017197
-0.107533455
-0.08921909
0.002696991
0.03867054
-0.0833025
0.41961098
0.4873867
0.26793575
0.19547844
0.10594177
0.030753136
-0.035326004
-0.030135155
0.432868
0.15521622
0.5821409
1.179699
1.2418766
2.457819
1.2779694
-1.0814428
-0.2759428
-0.14671326
-0.13584805
0.33897114
-0.08761978
0.5690603
-0.058743477
-0.14197826
-0.29078865
-0.18264484
0.014064789
0.30884933
0.36008167
0.5282116
0.21300507
0.1479826
0.20255089
-0.067902565
0.28677082
-0.075520515
0.020802498
0.18953323
0.040020943
0.14764214
0.48771095
0.75003815
1.7681112
0.77366734
1.3243847
-0.65031815
-0.5990267
-0.10175896
0.035014153
-0.069934845
0.16699886
0.033730507
0.14690113
-0.116194725
0.39107704
0.461936
-0.0034656525
0.19233894
0.047395706
0.18665886
0.014620781
-0.0035715103
-0.03839016
0.2667637
0.34619617
0.11304283
-0.050810814
-0.20944881
0.09143543
-0.40691376
1.0730467
3.3494167
1.7138805
-0.58446217
-0.7614374
-1.0904264
-0.016239166
-0.06830025
0.3903141
-0.098918915
-0.07813072
0.03862381
0.21957588
-0.19188595
0.118680954
0.53277683
0.13346195
0.09902859
-0.06756973
0.1486435
-0.23526478
0.090818405
0.014616966
0.084866524
-0.17846584
0.04561901
-0.3778305
-0.37314606
0.032141685
2.620102
1.4031382
0.7036953
-1.0969181
-0.900301
0.026145935
0.29597378
0.07446098
0.3671522
0.31205368
0.21920967
0.18216038
0.0076560974
0.01037693
-0.01216507
-0.0056171417
-0.0082912445
0.041749954
-0.12926197
-0.09145546
-0.09641266
-0.0045137405
-0.15882015
-0.094631195
-0.17120266
-0.03447056
-0.6432419
0.1314907
1.3409338
1.9135733
-0.011770248
-1.1730146
0.3773346
0.15207863
0.21769428
0.1797266
0.0427742
0.35172558
0.5661783
0.60260296
0.2980442
0.23751068
0.5490885
0.64255524
0.5088663
-0.014063835
0.10369682
0.21263504
0.43200588
0.101861954
-0.03347397
-0.3910923
-0.12675858
-0.32616425
0.26361656
1.2580309
0.8645153
1.6458626
0.46718788
-1.0745382
0.47795582
0.03987503
-0.070212364
0.062033653
-0.10236263
0.33897877
0.17730999
0.6066942
0.7567797
0.6764784
0.7755661
0.71191883
0.31821823
0.058921814
0.09072304
0.12733841
-0.036283493
0.03187275
-0.08813381
0.050873756
-0.09185982
0.19068336
0.06298256
0.58727264
1.8710451
1.4219141
-0.08895397
0.25482082
-0.23754215
-0.28495884
-0.6221609
-0.085803986
-0.3696289
0.2683649
0.0054769516
0.37944126
0.55764294
0.106342316
0.5346079
0.35440254
-0.1280098
-0.1282692
0.20449162
0.17516136
0.1204834
-0.11162281
-0.2682743
-0.093538284
0.124777794
0.19890308
-0.5521946
0.21404266
2.524701
1.3935194
-0.025530815
0.25130272
0.36459827
0.06395626
0.112259865
0.17918682
-0.006085396
-0.12768173
-0.15345669
-0.23376274
0.0044527054
0.21073055
0.102825165
0.01423645
-0.06622887
0.12265873
-0.016797066
0.26432037
0.2603588
-0.00024414062
-0.16504192
-0.00877285
-0.31244946
-0.022079468
0.825243
-0.47078133
2.2031355
-0.19294262
0.09263039
-0.012661934
0.14996147
-0.28871155
-0.59500504
-0.056695938
-0.025922775
-0.33012295
-0.29887772
0.0076475143
0.04021263
0.3024826
0.22400284
0.027479172
0.21420479
0.27828026
-0.1074543
0.123220444
0.14597225
0.0264225
-0.11816692
-0.10265446
-0.2064209
0.18006516
0.63572407
-0.28652382
0.64058876
0.08434868
0.17220688
-0.18595028
0.07014561
-0.17521572
-0.122164726
0.81750107
0.19830704
0.19684505
0.12446785
0.054837227
-0.1422224
0.1607418
0.18822002
0.07454777
-0.020014763
0.2818842
0.077254295
0.085585594
-0.0028104782
-0.19724369
-0.11257076
0.008137703
-0.13127708
-0.36164856
0.49147224
-0.25302696
-1.9498196
0.08591652
0.0873785
-0.10573673
-0.30775642
-0.8303108
-0.56221867
-0.29748726
-0.13157749
0.27904797
-0.08208847
-0.10751724
0.36424255
0.11828518
0.067671776
0.011205673
-0.02133751
0.20756435
0.039144516
-0.0039167404
0.18895626
0.037290573
0.1730957
0.30567455
0.2785797
0.2120285
0.2429905
-0.36236668
-1.7024841
-0.035001755
-0.021359444
0.052918434
-0.94215393
-1.5108919
-0.25696945
0.09414768
-0.25353622
-0.40994072
-0.07355881
-0.20896244
-0.18627357
0.029265404
0.11281395
0.26975155
0.45318222
0.009803772
-0.09957981
-0.10548401
-0.20715714
-0.13115692
-0.06209469
0.28185177
0.22493362
0.56599045
0.41105843
1.8820362
0.021432877
-0.0021924973
0.08292866
-0.17996788
0.39753914
-0.3467512
-0.08127403
0.60945415
-0.29445362
-0.5971365
-0.2777424
-0.8316126
-0.331007
-0.18027401
-0.43732262
-0.5069008
0.078113556
-0.25911903
-0.2579012
-0.5998144
-0.40222454
-0.43797684
0.17687607
-0.016037941
-0.70364094
-0.8799362
-0.9443979
0.28937244
-0.0072746277
0.04792881
-0.024487495
-0.011484146
0.023526192
0.20320892
0.14829922
0.77467155
0.96946144
0.68925095
1.1425905
0.6159582
0.025650024
0.017756462
0.34065723
-0.6912317
0.4916792
-0.4738102
-0.24888134
0.31768513
-0.16290665
-0.43192863
0.18267727
0.052783012
-0.07848644
0.98865795
0.6242676
-0.4962244
-0.091033936
0.058143616
0.15003681
-0.02204132
-0.12470913
0.14435768
-0.24093914
-1.045928
0.033413887
0.14442635
-0.1802082
-0.51102924
-0.03299141
-0.16286945
-0.2750883
-0.71355724
0.9561243
0.65176487
0.075499535
-0.32308483
0.4500122
0.5647793
0.20014858
-0.08535957
0.071434975
-0.2631073
-0.05898857
-0.10314083
-0.07833099
-0.17139912
