703
710
499
173
133
50
337
220
646
219
165
596
649
706
36
371
591
63
613
535
708
363
222
768
269
95
211
779
288
109
715
716
676
48
678
641
744
130
209
287
534
164
437
569
273
119
3
127
40
51
681
690
131
610
87
268
160
635
587
430
128
311
275
682
617
372
100
711
764
701
441
619
783
470
163
123
279
580
190
746
767
61
184
13
568
263
364
291
52
370
159
35
158
240
161
365
289
181
638
290
546
567
498
758
89
23
620
250
325
608
242
162
264
551
217
58
342
653
604
645
689
116
781
609
510
318
688
426
466
244
9
553
241
465
324
343
532
326
367
537
117
314
346
652
239
57
750
427
54
292
382
295
680
129
508
424
380
435
574
183
692
237
369
205
593
28
270
215
413
207
33
274
178
176
185
60
152
315
150
168
179
409
154
122
522
353
671
471
496
213
766
354
206
93
307
594
560
246
728
30
208
177
583
757
672
658
230
630
243
576
721
265
232
172
491
195
589
271
460
157
476
729
156
6
216
115
581
462
149
726
566
461
661
408
155
281
634
235
79
579
77
234
319
188
310
344
186
218
214
570
294
540
597
458
236
637
233
135
687
203
459
657
187
267
204
151
125
373
573
2
5
439
407
17
739
383
698
153
238
730
738
451
607
601
683
352
56
523
445
762
21
398
663
428
345
660
507
385
598
126
201
11
482
245
442
405
339
727
141
525
24
749
673
84
180
25
625
212
16
755
519
85
509
528
323
293
563
280
656
143
10
618
629
632
134
714
124
29
700
145
440
633
86
520
438
55
588
677
231
53
434
121
22
495
572
492
351
543
564
684
412
70
655
431
18
175
550
167
575
605
624
554
261
210
521
44
317
473
433
147
322
26
316
759
763
606
399
378
732
436
590
756
479
627
4
397
272
616
664
286
549
720
565
611
341
457
748
406
628
262
662
384
527
196
404
350
623
622
555
379
548
83
659
227
571
31
340
667
493
377
557
602
480
285
259
456
429
321
600
694
258
118
487
313
668
301
561
533
302
7
578
189
577
410
349
148
539
299
603
303
651
693
631
309
283
229
381
725
452
486
599
665
374
174
745
518
14
256
300
327
511
740
411
120
545
375
654
562
454
320
478
541
225
15
425
401
702
139
696
338
347
59
494
355
132
774
686
402
506
332
202
348
640
742
490
146
376
432
544
488
542
775
695
368
255
529
331
705
737
752
67
612
614
489
114
771
735
69
448
81
388
390
733
516
144
170
329
621
584
502
257
171
308
282
770
734
254
751
199
142
328
65
417
80
736
200
358
68
330
359
501
361
228
391
226
474
559
447
531
503
198
419
389
530
697
475
586
360
558
446
418
