123
761
16
27
753
188
55
489
722
154
492
689
287
219
672
316
342
333
629
436
656
542
603
763
26
393
4
156
212
657
518
272
684
679
346
217
762
532
523
700
187
176
241
206
576
677
496
659
661
259
345
670
283
271
284
570
205
313
544
720
491
682
134
605
315
239
354
214
692
683
246
373
600
463
232
655
230
157
424
238
353
547
169
303
243
270
577
394
231
678
300
585
587
374
302
594
546
189
301
686
622
178
760
350
421
286
571
479
715
401
575
550
268
768
543
601
285
293
772
240
588
276
326
419
213
266
312
274
174
559
186
295
198
351
680
721
330
687
256
475
535
146
258
216
42
590
269
714
716
321
267
254
507
711
325
305
764
296
696
221
578
773
177
641
452
734
86
341
306
779
480
242
719
143
640
255
80
328
767
391
248
534
323
367
299
280
776
685
294
322
668
775
765
339
713
717
777
115
340
693
138
448
368
724
449
710
282
735
109
706
505
718
751
277
572
778
250
748
707
749
739
252
736
136
171
733
676
503
194
504
197
741
137
586
249
279
747
199
474
366
334
771
712
506
310
389
750
746
533
477
278
361
338
709
311
145
752
743
222
737
281
738
530
744
335
363
81
745
766
705
446
708
502
418
769
307
114
770
742
558
253
362
390
