530
466
498
562
435
434
561
529
467
331
362
626
497
428
330
594
341
465
332
436
593
374
373
333
363
716
400
394
342
433
528
468
560
340
427
395
693
399
300
432
406
367
299
329
396
715
625
364
301
334
499
16
361
308
714
531
365
504
307
366
658
749
437
309
684
17
536
748
431
694
335
397
661
472
302
398
469
274
500
659
429
372
781
269
298
662
49
407
375
850
48
405
368
306
403
1005
315
501
851
275
347
847
682
80
426
808
782
910
819
113
304
81
273
248
1006
508
974
346
440
540
913
404
455
746
270
272
563
709
683
232
841
726
1004
15
879
660
882
914
533
464
809
747
402
139
911
267
878
750
303
820
784
848
742
519
356
476
846
842
816
713
717
875
849
283
401
496
215
776
357
379
438
47
31
242
845
189
883
627
942
814
768
568
807
551
881
977
580
112
865
98
573
268
122
216
874
710
18
310
737
583
252
473
183
844
58
706
266
282
704
572
818
1001
613
259
75
452
201
343
945
823
532
810
527
783
236
95
615
74
1003
247
1009
1010
735
276
230
507
796
775
1011
57
103
880
1013
657
896
703
705
200
581
35
763
389
27
423
146
63
321
934
240
29
104
65
90
228
973
780
88
744
386
260
197
582
92
736
640
316
606
422
817
221
271
297
516
903
869
233
979
520
888
141
237
385
124
106
935
235
190
902
384
897
253
813
73
258
779
614
912
284
745
892
390
93
612
575
639
795
1015
30
261
1012
148
946
152
217
548
220
352
859
699
799
999
388
840
263
730
764
542
1014
895
852
760
792
938
204
644
354
99
153
328
828
2
943
96
868
922
777
262
698
234
978
1022
475
731
788
241
64
929
314
448
877
891
194
678
177
920
866
797
671
420
210
899
740
604
870
97
926
798
672
291
37
100
164
279
196
145
127
511
66
674
134
864
962
960
393
741
280
157
149
105
355
418
311
1023
89
610
976
700
762
641
227
759
860
445
969
416
350
222
832
59
889
708
391
843
834
677
751
919
28
924
800
125
158
907
898
322
767
118
171
131
251
444
1016
992
119
441
811
294
752
290
439
209
853
34
325
646
901
801
67
812
170
38
778
951
339
1
918
353
997
815
975
510
925
205
130
998
541
477
68
643
137
56
928
126
46
509
199
206
829
144
26
854
732
6
121
931
930
182
961
702
223
87
102
970
454
873
1020
317
36
1021
123
1000
576
62
129
91
676
184
264
921
608
250
893
980
758
668
647
94
32
804
890
159
107
894
991
479
734
944
947
607
486
408
933
544
138
953
44
965
738
292
243
318
60
55
70
867
116
858
185
419
673
447
836
5
908
421
958
642
827
915
789
839
707
861
320
411
69
952
191
229
176
150
417
578
446
76
692
831
287
324
208
487
984
132
319
645
701
766
772
128
941
71
136
993
954
3
198
165
257
679
821
151
765
358
987
1019
900
42
574
994
412
505
163
791
967
289
826
39
932
927
115
571
143
802
101
830
33
512
577
939
863
481
133
79
981
633
923
84
862
950
140
336
1002
824
638
739
277
288
605
518
351
904
450
443
545
769
154
41
539
285
835
254
937
108
246
996
856
711
611
982
1017
549
9
188
86
135
166
963
887
857
833
543
120
968
637
61
712
430
72
45
733
480
917
546
803
207
226
988
147
609
8
225
484
162
955
513
218
906
4
743
178
187
203
675
936
837
990
695
156
195
219
85
478
603
794
872
249
202
326
256
40
514
296
537
255
25
442
161
50
793
822
959
265
383
54
773
727
211
160
78
470
449
77
667
155
278
986
142
876
871
360
669
43
550
806
109
114
905
7
517
983
670
186
485
323
413
231
175
805
295
0
474
14
281
192
957
117
949
838
579
761
538
380
453
666
916
409
989
23
634
286
83
410
214
985
238
244
966
956
790
569
1007
387
729
1018
948
24
167
53
482
602
547
770
111
964
972
774
909
245
293
12
995
21
173
359
193
771
180
377
172
696
855
239
636
697
169
728
886
376
680
174
415
940
52
451
179
382
305
327
371
884
1008
685
414
349
20
82
506
22
885
213
825
971
110
381
600
224
720
570
552
19
665
515
629
312
378
181
483
11
348
212
502
757
632
13
635
345
681
652
787
344
664
488
51
10
313
471
534
168
601
337
503
691
628
785
459
630
338
719
688
494
689
690
663
718
392
648
535
725
616
592
565
786
753
567
460
584
566
756
370
462
461
