400
259
579
147
404
601
210
573
451
438
405
125
627
340
373
693
413
467
728
317
242
553
662
126
354
344
407
578
581
234
408
384
655
571
555
568
524
604
600
209
628
526
149
6
403
16
206
625
523
598
129
204
618
673
607
563
211
748
24
661
775
720
208
730
468
630
69
124
157
177
597
602
10
141
127
155
382
84
56
657
44
179
698
185
5
180
85
183
557
55
667
700
186
605
156
325
385
660
324
150
272
495
25
726
570
441
290
656
225
318
632
564
201
231
258
0
238
554
286
53
266
668
128
303
203
644
29
442
458
241
731
270
634
302
460
79
4
635
326
356
375
379
624
528
189
26
580
227
522
121
435
158
22
120
759
372
295
623
415
452
513
351
347
677
332
599
611
172
146
378
606
289
348
552
64
240
260
377
229
633
271
466
283
349
608
399
497
148
735
239
269
301
430
514
539
118
543
569
31
268
346
174
770
545
506
631
300
696
256
515
338
175
651
7
355
500
504
705
465
350
267
132
740
331
478
288
67
527
437
327
561
376
621
771
562
202
255
296
142
702
584
390
309
425
15
752
14
299
736
695
297
544
298
81
448
473
139
612
144
502
59
387
199
361
751
68
733
336
308
170
66
254
529
328
559
171
282
65
257
614
80
329
388
200
228
734
417
359
389
358
531
530
330
474
391
447
501
226
586
503
198
558
419
360
475
697
446
418
