435
436
434
403
402
624
691
467
592
469
404
659
437
370
401
468
272
491
492
466
304
271
652
433
723
371
653
400
305
654
366
619
655
623
722
399
369
656
686
620
303
493
685
367
490
754
690
591
524
460
523
459
240
273
660
438
616
239
621
755
617
398
458
648
658
505
238
470
525
622
269
510
586
585
368
618
599
1007
785
569
473
432
784
684
692
537
631
489
338
560
657
711
753
372
1010
743
518
520
381
816
787
1006
348
598
1002
457
465
270
724
788
439
1018
733
252
335
336
971
756
551
817
975
729
344
148
312
761
365
687
786
235
710
522
678
976
977
538
244
337
669
345
637
680
521
488
552
59
797
376
234
568
635
986
506
154
407
91
511
4
826
179
765
825
212
456
264
281
651
487
972
414
152
440
698
27
349
317
600
696
646
1009
630
946
472
985
109
550
334
327
978
766
584
697
233
583
207
570
121
536
702
983
940
782
110
143
941
519
265
29
732
992
742
981
632
1019
699
171
142
424
645
606
284
815
819
471
921
230
701
667
77
323
133
175
301
852
313
987
813
382
928
927
793
166
677
504
359
783
136
455
991
670
82
188
181
151
149
28
153
146
100
886
92
918
803
167
794
885
83
822
960
770
663
358
117
111
514
285
3
950
47
131
1003
124
951
86
818
61
740
180
36
43
254
881
52
326
73
225
322
933
638
838
994
44
870
291
982
302
891
642
809
939
479
932
872
961
60
0
917
485
480
835
856
675
896
781
245
834
101
644
132
840
901
908
10
843
962
412
339
830
774
481
899
128
104
391
76
958
384
907
204
2
155
873
408
108
949
763
116
798
647
957
486
249
513
113
328
5
360
772
839
900
379
19
93
842
674
226
255
845
196
355
224
546
916
959
904
99
893
482
263
877
375
390
423
611
174
164
214
54
210
855
194
130
11
780
449
192
114
163
415
831
922
478
801
639
829
35
925
122
841
318
915
676
199
707
541
87
926
771
211
802
256
871
609
354
290
215
887
223
97
451
1023
858
902
895
26
668
737
392
30
51
789
876
909
812
844
718
41
72
201
169
810
757
963
869
386
739
903
288
508
213
85
78
21
287
25
222
790
673
672
416
447
421
875
906
601
450
666
106
641
664
988
20
159
45
1
50
294
15
931
930
257
227
862
55
162
94
49
325
984
8
854
103
762
935
804
773
919
259
610
387
127
898
571
74
53
79
728
7
75
383
864
544
353
578
604
547
253
823
704
484
948
452
938
352
853
828
517
512
410
806
736
577
320
158
42
206
419
515
14
545
193
970
837
198
636
929
306
894
738
316
706
700
95
292
297
769
861
708
96
125
105
920
417
643
258
924
197
966
795
286
964
799
454
68
867
947
64
126
46
62
990
937
1017
418
389
923
859
888
483
40
324
731
945
48
203
115
936
874
833
9
811
170
168
954
934
32
350
965
955
878
882
579
705
613
884
356
293
943
640
768
796
12
820
1008
385
65
208
33
892
832
141
195
814
69
649
81
805
321
190
968
84
857
118
777
567
261
66
576
453
90
357
792
296
443
88
71
717
22
914
910
969
866
186
6
824
120
70
808
995
98
378
388
730
289
150
63
319
760
183
176
18
897
679
548
129
67
868
200
34
865
232
953
228
160
191
542
709
942
156
23
16
189
863
209
147
905
157
221
173
448
836
446
712
800
39
138
31
767
161
56
17
553
1016
119
827
750
202
422
182
543
665
741
775
539
807
38
749
581
967
205
137
229
24
89
80
260
516
380
779
411
580
980
752
791
37
420
973
351
413
262
178
549
612
300
139
776
890
185
442
266
187
172
821
860
764
590
102
474
634
218
165
846
107
735
1011
744
425
778
989
13
956
347
993
615
608
952
849
177
572
346
377
688
231
582
566
333
605
184
237
123
848
268
476
603
614
140
274
979
734
974
135
444
248
758
911
879
219
661
217
397
851
573
1001
134
751
889
57
502
540
220
944
311
507
251
315
693
997
847
629
314
850
145
343
295
475
913
461
246
602
241
703
912
880
721
883
280
695
1020
713
575
633
243
725
748
999
216
607
1022
535
236
277
441
428
250
996
276
681
745
509
282
759
1021
112
426
503
671
715
727
427
554
409
58
329
283
747
587
998
719
1015
393
1012
716
574
726
1000
720
588
144
662
625
557
501
361
597
559
406
555
477
247
1014
1004
689
714
565
534
1013
362
682
405
746
627
589
299
683
445
650
298
278
267
242
330
340
279
394
431
556
332
694
331
1005
363
310
526
309
628
558
275
307
429
395
626
533
498
396
308
373
364
499
374
464
341
342
528
527
500
497
593
430
494
596
496
529
561
595
564
530
594
495
531
463
462
563
532
562
