493
492
458
491
363
343
524
490
311
395
459
437
4
29
180
246
61
427
599
460
523
201
404
766
525
265
798
278
57
202
461
765
181
234
286
438
227
3
245
489
215
45
830
266
344
149
284
310
60
518
148
486
89
359
26
59
331
405
701
428
133
829
487
470
312
754
93
631
75
592
322
168
214
296
598
662
0
797
169
167
318
604
232
755
436
526
600
506
27
200
195
136
5
396
348
655
326
316
376
170
630
527
455
285
30
390
213
91
488
522
297
240
635
624
494
281
623
538
221
756
568
163
142
429
44
105
723
179
560
422
226
406
147
46
94
85
1006
106
785
786
862
58
233
939
519
403
669
317
661
279
664
663
398
62
362
327
90
6
153
379
384
959
208
141
753
691
358
559
722
353
692
15
697
397
877
569
166
974
426
199
861
381
185
505
132
28
357
733
724
679
182
597
364
949
354
603
847
1018
784
272
86
816
258
375
761
555
728
371
848
876
469
74
843
711
192
971
585
922
134
668
908
239
97
157
970
793
537
799
632
938
875
660
196
118
849
264
787
920
389
435
837
617
696
566
842
273
926
271
656
282
870
991
817
910
894
678
752
121
977
950
365
729
52
846
253
693
65
863
88
570
366
283
874
2
528
878
710
992
924
183
998
154
815
399
789
927
68
416
162
1019
95
958
135
77
616
350
629
973
919
647
725
646
294
788
645
320
844
12
702
150
925
680
513
760
917
207
945
735
895
771
321
993
872
677
845
347
1009
14
957
352
955
231
960
985
43
1005
978
953
591
905
743
907
654
987
975
783
103
303
871
611
411
614
891
79
869
474
840
481
483
126
36
270
248
567
386
739
143
886
742
961
73
637
453
994
909
414
855
255
1003
300
638
981
256
456
818
990
35
712
104
138
707
757
804
675
982
767
549
291
740
37
342
814
577
449
349
893
639
448
578
667
514
826
885
918
254
946
423
565
610
737
857
306
450
482
986
792
25
644
705
11
380
241
584
854
811
835
704
554
734
967
55
721
868
304
648
92
586
790
738
512
581
836
805
772
906
643
821
937
834
867
280
452
695
413
579
913
972
825
305
736
921
997
468
546
770
744
47
659
576
137
802
948
841
810
672
932
962
608
100
941
889
225
928
951
520
544
896
900
859
858
803
866
609
898
706
709
674
618
916
904
417
976
48
387
819
54
769
222
730
800
839
152
480
642
1022
122
676
612
263
206
708
822
823
929
940
809
613
247
110
930
451
899
903
673
979
515
853
813
194
605
1002
457
220
838
191
897
117
936
768
332
931
820
259
434
879
963
887
442
649
640
1010
880
572
996
545
965
252
536
865
901
249
641
1004
84
864
580
484
328
402
552
995
391
944
1023
850
873
412
418
806
968
540
794
125
686
454
812
796
370
574
175
224
176
377
833
551
315
548
881
7
892
832
942
741
78
547
964
933
653
860
323
51
165
367
324
556
582
302
238
890
775
356
824
923
140
690
1007
801
510
807
447
1017
573
479
966
553
685
66
773
1001
467
189
774
732
388
217
539
262
999
782
636
934
333
16
188
313
670
385
954
244
235
902
111
337
791
776
1020
575
606
501
473
980
287
956
69
251
1
516
888
1013
915
159
856
1008
619
1000
1014
935
439
969
338
751
419
13
521
76
155
325
587
131
49
827
762
808
884
550
444
109
374
983
164
17
1012
681
173
1021
1011
9
443
83
952
731
1015
108
478
943
628
116
82
627
409
984
852
334
780
882
694
174
700
394
912
187
517
19
988
151
1016
42
277
115
947
127
421
288
319
193
831
607
543
146
781
441
156
851
911
114
495
596
420
914
372
699
476
120
500
257
336
533
828
779
571
502
883
764
160
713
292
32
477
687
534
750
301
989
634
509
727
67
795
53
128
778
64
130
212
355
209
219
41
485
758
250
622
33
81
351
190
158
777
50
186
107
31
171
382
229
595
620
759
335
290
698
184
203
98
369
198
330
113
346
295
289
650
763
652
309
56
129
144
410
139
615
124
293
314
508
87
123
99
407
237
112
10
80
218
223
119
269
261
38
101
684
658
260
593
216
511
748
719
34
716
588
689
72
558
172
703
720
378
96
274
717
466
601
671
665
401
749
63
745
383
24
145
345
299
400
8
541
532
726
70
102
583
40
475
621
625
747
228
408
298
161
440
368
197
651
230
718
205
496
594
20
557
666
564
21
430
688
626
682
657
329
39
504
499
471
746
590
561
542
415
633
22
211
446
715
177
445
243
714
71
178
373
507
18
204
602
23
472
589
497
431
424
236
276
529
268
683
339
498
563
360
267
275
425
393
432
308
433
535
465
503
562
361
462
392
531
210
464
242
463
341
530
307
340
