566
207
208
206
327
881
565
359
175
502
391
239
186
326
188
235
534
262
240
238
263
598
849
661
194
210
294
376
328
660
204
218
533
360
344
197
48
629
154
202
176
345
211
209
358
848
882
282
850
392
198
312
249
684
630
597
182
659
761
729
213
171
234
230
470
977
296
2
155
205
845
199
271
196
455
142
550
261
852
187
946
927
646
110
212
384
236
250
91
679
390
928
203
817
1010
743
251
877
648
232
501
93
440
510
153
622
237
880
244
712
844
143
49
130
111
124
696
295
272
819
313
991
711
678
710
570
843
215
214
925
183
44
959
900
254
151
73
424
41
348
870
885
59
170
899
978
960
583
79
252
317
611
816
872
875
224
914
962
921
669
658
932
408
511
581
787
609
820
577
291
174
407
314
856
788
971
423
546
961
219
896
907
83
876
506
886
702
25
354
945
680
797
698
537
846
637
514
481
520
901
851
692
473
918
231
538
1011
227
653
913
617
699
990
578
975
43
30
1023
9
790
635
560
838
642
1018
939
826
1002
697
677
645
663
822
76
992
226
54
842
825
675
10
647
733
786
99
859
582
192
818
893
972
480
1009
167
919
784
651
674
518
871
11
839
616
551
902
986
447
185
233
569
837
601
891
50
61
517
576
377
87
487
241
813
941
169
904
908
673
728
957
166
152
505
701
318
951
168
789
793
571
545
909
541
181
513
397
888
840
82
60
618
131
760
830
803
831
217
248
479
225
933
482
940
201
521
670
766
180
0
253
985
1019
639
632
765
1007
707
798
994
456
297
567
774
122
579
195
641
983
471
485
742
835
794
1006
86
700
829
869
878
1003
841
149
894
976
732
895
802
672
97
486
449
783
121
926
740
439
273
584
770
325
858
32
353
472
644
804
600
52
737
762
178
773
922
958
949
771
834
857
867
739
547
478
508
706
229
970
801
828
544
884
1016
887
125
664
610
164
734
864
767
809
806
382
488
931
757
676
963
575
412
163
604
995
3
524
245
934
66
7
559
736
989
775
763
643
862
735
35
930
614
799
53
281
519
21
539
988
938
100
738
1020
269
873
853
811
987
416
703
375
671
861
256
915
772
855
792
350
955
704
874
796
159
591
92
847
668
5
515
920
916
815
119
744
808
917
128
552
764
90
953
993
173
769
795
708
580
780
200
469
615
280
836
1017
640
1022
1008
969
805
548
824
832
741
667
454
731
605
948
542
606
1000
1015
923
984
1012
512
608
709
812
997
705
785
264
29
223
964
768
613
8
64
549
638
999
33
522
94
654
665
892
833
572
906
414
1001
627
1021
109
55
106
243
543
782
868
943
386
929
996
286
417
823
27
426
979
827
954
165
474
141
950
484
807
883
270
965
966
573
574
776
898
860
425
146
998
287
910
288
800
1
266
415
74
257
132
89
136
791
968
413
410
585
293
15
866
114
897
903
777
28
316
912
636
451
854
117
516
973
322
147
540
536
982
937
1004
258
865
814
890
947
935
974
133
924
320
319
72
730
421
758
6
621
607
40
889
193
863
177
612
633
649
442
380
745
1013
944
713
821
483
105
65
95
255
36
349
162
75
666
150
19
343
441
276
290
216
980
981
810
71
936
1005
695
303
242
47
422
355
85
113
179
104
879
634
228
221
568
409
387
681
450
602
628
268
504
123
283
20
383
379
77
365
428
457
1014
158
101
42
905
300
116
381
81
156
108
393
51
444
80
620
315
62
277
274
265
246
45
285
603
16
942
452
352
292
476
120
222
26
427
184
78
727
301
103
172
98
967
652
756
781
453
523
302
70
148
779
446
759
84
88
118
284
126
952
378
311
911
12
509
31
189
956
323
17
389
135
138
619
127
346
507
309
419
448
34
96
139
693
157
14
586
304
57
67
46
191
553
356
299
443
396
398
418
56
388
38
347
190
23
289
466
145
321
305
22
445
129
477
220
362
140
489
68
4
626
18
361
385
137
475
685
631
468
429
306
259
63
324
275
748
24
37
747
310
351
726
102
134
662
461
69
650
437
329
436
526
460
260
420
112
714
331
160
746
778
115
357
465
107
394
39
438
342
527
267
682
161
493
725
715
458
411
58
332
599
308
459
751
330
247
278
333
435
144
307
13
588
525
718
587
535
749
686
687
724
363
690
691
716
555
717
750
554
623
334
406
503
434
430
372
298
395
338
592
364
683
341
340
279
625
335
657
556
374
498
431
432
528
755
339
404
490
492
467
405
593
752
694
337
497
529
719
373
403
494
561
491
336
366
530
655
499
433
590
371
722
500
594
399
562
688
596
754
557
367
564
368
721
464
495
589
402
753
689
558
624
656
369
370
723
400
720
401
496
463
532
595
462
563
531
