434
527
774
316
292
488
587
384
351
277
315
432
737
365
251
464
517
513
63
304
665
556
480
691
36
383
328
139
386
105
736
303
368
664
323
463
355
356
191
775
369
568
507
692
60
147
489
459
688
451
342
486
483
588
122
340
352
735
329
89
455
353
583
473
491
327
207
554
706
741
120
431
128
299
713
417
72
633
404
100
490
325
500
553
435
210
75
687
54
334
772
324
707
76
373
385
65
330
382
381
518
345
287
142
8
652
710
372
159
229
499
460
112
606
17
659
783
163
617
375
208
461
492
259
312
458
622
430
129
196
321
245
680
732
714
230
411
101
388
428
663
354
582
188
27
119
494
549
592
401
209
423
454
146
770
522
611
594
637
301
471
235
113
39
153
219
273
429
406
595
10
317
151
326
289
52
631
298
300
224
253
508
755
579
682
629
666
757
20
236
523
127
456
218
548
291
700
655
361
320
596
658
598
24
495
581
511
685
628
636
121
644
183
238
540
552
771
547
200
541
422
177
438
124
767
185
684
699
184
744
179
141
187
605
609
619
465
560
728
550
539
630
294
625
346
265
493
578
718
756
216
567
426
634
155
262
99
660
22
686
225
74
623
781
457
126
137
758
234
206
242
32
217
263
286
131
759
168
14
261
607
730
662
237
519
53
252
31
302
15
569
333
478
780
526
597
154
413
536
580
393
181
485
656
350
370
645
212
148
753
211
0
452
26
7
501
82
275
643
626
400
525
591
271
186
130
84
367
29
25
1
442
701
776
389
562
661
576
280
638
545
85
269
439
205
754
635
176
575
243
241
708
45
244
768
339
4
673
520
782
232
551
180
203
624
577
380
653
599
512
284
319
448
296
240
98
152
497
123
297
712
702
150
158
16
615
56
420
419
731
272
226
409
227
295
30
257
144
174
681
189
729
726
55
202
95
239
162
231
414
178
412
720
94
530
761
546
671
11
117
274
436
376
92
254
59
285
535
246
149
679
182
674
558
564
709
270
109
97
397
374
407
424
115
467
693
506
228
201
570
172
559
698
318
600
498
748
777
437
156
391
170
337
646
654
484
521
197
266
86
145
765
657
503
610
505
308
281
293
114
589
268
290
711
475
362
719
668
255
42
198
43
134
618
574
573
566
614
561
447
604
190
529
143
563
366
747
641
749
396
470
651
571
648
469
472
649
171
612
590
118
557
450
647
169
468
603
267
449
416
390
743
689
96
441
421
572
408
778
309
199
173
766
440
477
504
80
349
779
669
670
311
399
336
443
44
425
565
81
773
307
394
415
306
531
650
724
502
697
338
734
363
379
696
678
335
733
256
305
444
740
769
282
279
474
283
677
310
704
676
675
705
418
446
