670
142
71
477
278
114
143
557
69
96
505
334
306
197
613
250
251
621
145
450
559
724
70
138
335
558
117
588
72
642
277
586
97
362
94
531
449
333
363
364
93
86
78
585
79
118
590
616
225
769
479
421
122
73
253
12
256
761
36
76
92
608
166
696
641
361
228
305
636
115
77
617
281
532
195
422
609
169
594
607
37
610
649
98
591
161
602
622
492
43
162
199
529
698
760
739
766
42
587
747
246
631
646
50
635
582
765
530
223
753
545
507
222
595
708
767
712
99
100
556
637
603
722
65
255
660
580
572
693
216
764
640
155
749
113
618
307
126
620
146
709
687
109
127
517
227
669
125
567
95
707
259
194
777
566
574
260
279
675
653
623
124
81
775
82
573
744
252
30
748
758
701
678
274
389
650
243
312
3
612
451
144
215
584
686
779
681
539
171
671
8
702
280
676
757
502
313
783
80
231
237
311
782
730
10
390
16
726
310
200
393
170
29
55
26
546
673
589
53
480
560
286
24
25
254
706
340
381
754
728
238
498
457
226
