280
297
758
23
0
680
155
148
69
167
596
682
1
443
10
587
7
342
15
16
110
206
262
34
759
84
9
196
755
301
5
412
449
753
112
3
25
437
17
608
271
663
252
14
511
238
67
652
391
19
655
609
18
13
339
85
44
60
71
289
385
632
113
111
315
21
448
30
673
32
61
64
628
115
36
38
313
35
420
476
752
354
644
338
760
588
782
239
290
410
384
54
46
777
66
308
501
197
55
726
299
12
324
39
486
45
353
33
20
672
357
88
309
589
300
532
477
92
86
761
756
28
645
779
586
700
568
253
68
514
268
327
630
780
366
487
47
757
783
364
421
48
52
367
701
29
533
781
114
50
171
269
326
424
773
89
727
31
42
381
37
87
229
147
170
365
49
120
140
531
296
423
419
43
425
775
765
51
266
330
288
615
146
53
614
331
40
141
298
41
510
267
475
763
142
774
117
735
143
356
257
283
227
737
503
201
764
198
200
762
559
199
328
387
418
447
329
256
359
558
502
446
530
311
144
145
255
310
386
282
361
254
734
226
474
228
389
736
388
358
360
