465
433
622
654
653
464
685
401
652
402
686
687
432
497
466
651
369
684
467
463
718
623
371
590
717
403
370
468
434
683
436
621
657
719
655
720
688
404
435
498
619
431
430
689
339
372
469
400
499
972
620
424
425
471
751
368
307
650
591
656
690
392
470
340
716
658
940
437
438
659
852
941
503
750
336
338
393
749
439
405
335
267
618
982
334
337
269
360
715
726
853
721
933
496
885
462
624
302
722
755
457
660
748
238
301
502
268
323
908
682
937
899
456
308
932
583
801
971
1007
666
1008
691
723
806
648
550
752
306
256
791
931
649
886
930
964
822
725
774
973
756
587
387
883
237
289
912
900
762
293
856
872
205
274
212
934
773
204
825
983
794
838
602
290
500
647
909
904
777
288
8
1015
472
724
694
365
950
833
823
782
305
485
275
905
800
1013
440
40
884
517
704
211
341
795
542
832
324
763
634
7
969
292
776
192
673
173
1016
39
698
373
887
236
787
320
20
831
672
676
981
857
294
968
641
984
123
206
615
423
980
775
1014
731
391
625
21
184
261
515
13
543
481
383
6
454
451
824
161
769
415
928
327
640
418
807
313
172
328
747
291
549
186
345
23
131
24
730
855
219
757
959
33
544
264
907
667
11
419
229
160
579
703
378
124
939
989
243
601
128
936
19
671
366
43
295
714
511
865
484
213
109
864
866
736
450
10
768
975
59
827
446
72
783
224
225
111
839
159
242
882
349
12
914
956
952
101
670
796
25
382
919
487
541
178
262
14
965
346
702
516
163
41
126
185
381
203
199
76
420
551
926
28
197
799
263
639
139
122
911
187
99
351
988
282
512
137
991
281
927
63
929
127
902
226
71
27
821
31
174
121
951
421
710
38
53
711
547
26
753
218
84
545
1002
483
60
367
198
797
859
504
79
233
16
808
858
130
764
767
52
990
230
1017
700
851
83
734
154
478
47
854
479
642
958
251
350
32
513
250
643
117
110
891
901
377
326
510
445
164
135
18
196
181
51
188
167
162
252
414
828
985
216
348
140
1021
668
830
873
244
223
314
475
45
193
890
77
915
860
9
4
125
112
1012
732
255
447
220
30
444
760
709
214
158
413
580
826
70
171
155
129
190
829
102
249
452
283
44
509
168
570
809
406
253
317
482
924
37
180
480
276
957
922
153
133
166
449
231
942
165
94
638
182
699
840
227
733
175
156
1011
380
1
142
148
514
548
507
741
254
169
319
58
195
265
222
108
518
546
576
918
232
194
64
539
863
228
36
100
62
61
5
678
477
115
46
85
888
257
519
35
69
143
248
1023
359
923
889
898
151
78
921
138
1022
379
954
96
217
781
754
67
508
150
645
637
91
80
635
476
17
995
361
113
735
116
410
411
152
145
894
22
953
925
34
286
803
280
82
287
141
892
136
606
170
42
285
871
157
412
48
538
147
708
386
149
935
333
107
896
443
535
120
577
893
15
955
613
697
316
296
861
144
895
870
132
571
49
215
202
50
54
765
742
778
92
299
743
284
315
2
917
987
986
179
95
259
177
221
581
876
453
146
247
73
805
303
191
260
540
417
0
1020
103
134
65
235
573
68
705
1004
1018
603
669
611
1005
607
183
114
104
189
949
234
318
572
862
636
93
201
297
897
675
766
578
90
605
612
701
75
407
66
270
810
442
501
869
416
56
347
200
57
89
790
105
245
706
920
86
916
609
355
582
646
737
745
967
55
679
798
3
644
963
88
426
506
772
574
947
792
867
118
707
81
966
729
87
176
258
325
970
29
1019
119
486
98
600
770
505
738
74
674
575
353
677
298
948
604
681
665
841
820
1001
906
680
409
771
266
246
97
835
106
358
610
780
388
744
834
304
943
628
398
385
793
739
614
312
608
759
352
586
802
422
868
271
1003
448
784
207
273
962
740
903
938
300
786
804
979
836
785
961
626
474
390
761
629
960
874
633
536
397
976
758
241
356
837
399
279
389
455
632
321
627
354
712
779
616
913
210
384
996
692
344
357
842
408
811
473
239
850
813
589
974
812
727
746
588
880
617
1010
944
788
881
693
910
441
309
272
322
877
994
209
329
695
713
875
1000
568
277
330
488
537
844
567
978
374
663
843
1006
946
845
569
999
945
394
814
558
819
208
489
332
1009
534
584
815
599
998
993
664
375
592
376
278
997
789
631
728
662
992
818
342
552
429
661
977
846
520
240
879
364
331
554
458
696
311
817
816
630
521
310
555
585
343
878
531
396
529
553
849
557
362
530
598
597
490
566
848
533
593
427
556
847
532
495
363
522
596
395
459
564
565
428
594
561
461
595
559
528
560
523
525
563
524
562
494
491
460
526
493
492
527
