849
817
818
848
819
240
239
816
186
392
238
660
565
815
188
154
629
249
1010
870
850
680
440
991
199
900
992
230
360
455
194
659
218
654
546
925
977
959
899
407
577
702
424
1023
197
609
533
241
691
685
962
583
384
789
927
611
597
901
153
960
813
598
932
648
696
254
837
686
946
198
155
578
961
838
783
896
921
820
167
788
196
207
692
859
270
798
83
669
91
273
269
642
471
830
766
82
675
481
674
566
591
281
1002
831
618
520
990
522
538
152
814
707
537
187
881
73
317
61
251
348
49
93
978
437
826
712
151
252
439
847
124
376
710
893
846
584
678
470
408
282
250
48
59
505
871
576
501
225
110
130
673
560
637
291
971
43
261
872
175
473
2
975
545
661
845
646
994
86
902
701
469
1009
224
630
111
391
208
375
506
645
743
904
787
732
569
551
711
237
617
684
513
829
52
226
928
869
940
423
945
166
510
891
664
502
345
534
121
480
941
658
100
41
724
131
550
327
29
44
541
877
183
77
663
27
790
482
858
632
402
803
670
740
802
622
876
227
25
326
914
570
939
3
653
79
933
54
179
677
359
907
882
318
581
729
804
919
493
679
354
647
1011
219
99
972
918
447
479
761
875
517
109
888
651
909
835
986
908
957
1018
182
76
192
843
635
10
737
253
128
518
644
11
0
641
699
700
639
487
30
601
839
171
733
344
524
87
438
780
765
672
1003
579
206
235
894
350
9
50
552
28
142
514
148
895
856
421
844
521
690
571
585
985
913
951
794
390
328
1019
983
47
449
976
209
195
426
60
149
548
885
169
773
580
143
371
825
176
185
698
472
1006
1007
567
122
262
170
676
314
926
739
958
236
164
771
