532
530
562
531
558
564
526
563
462
529
561
596
594
495
463
557
593
533
534
496
430
527
497
395
494
565
597
595
628
396
626
528
394
500
559
556
364
502
590
501
566
429
629
498
464
627
363
847
880
589
848
727
362
177
849
850
525
694
726
759
499
879
426
409
427
662
208
1005
913
330
329
746
608
846
236
393
695
503
555
1004
209
1000
242
535
996
747
341
661
1013
912
758
580
342
883
298
377
361
1015
881
575
176
144
851
998
911
206
714
745
207
952
748
860
295
681
820
889
241
581
308
1012
48
882
422
776
713
408
1021
461
445
441
576
779
650
819
112
1014
956
374
428
267
373
1020
16
683
1022
778
791
275
360
725
237
679
250
397
392
307
712
775
331
682
612
574
633
310
821
671
993
448
17
734
178
328
145
516
319
13
282
309
693
548
582
203
836
549
477
279
278
31
475
865
602
614
66
205
814
84
716
811
703
80
351
868
914
989
98
314
897
944
1011
228
999
107
615
175
172
863
315
243
808
161
997
818
251
260
283
444
332
577
376
807
859
728
425
800
191
832
744
767
262
837
760
57
247
173
579
195
979
790
507
905
296
603
945
573
211
817
37
878
299
157
391
719
219
777
540
229
866
789
261
420
65
58
160
892
79
24
741
289
1023
174
129
32
888
539
827
640
197
910
990
607
221
605
210
545
120
33
9
34
71
696
578
139
327
890
792
280
844
38
343
119
123
346
934
170
953
6
517
884
187
140
39
239
67
874
665
18
709
647
266
293
634
735
894
857
664
572
246
554
188
70
23
189
867
22
388
609
833
89
474
56
63
995
649
625
217
64
274
919
81
509
204
49
442
925
380
974
875
717
720
165
476
135
805
567
231
845
706
643
764
258
417
321
991
194
588
193
190
673
1016
613
297
751
705
852
141
125
286
824
359
861
103
453
877
12
134
641
357
7
923
216
220
853
700
757
316
543
864
95
571
806
248
227
74
876
88
858
42
198
955
240
828
544
447
186
102
454
799
326
105
68
385
253
277
959
40
942
929
235
440
356
413
610
796
353
375
542
53
937
762
936
967
547
150
155
639
390
41
75
697
920
938
1001
55
126
90
156
812
702
46
111
350
977
768
736
924
541
184
943
611
704
50
965
804
263
969
672
900
909
773
478
730
158
325
423
118
964
902
512
147
196
25
738
238
292
106
389
1010
862
869
294
930
276
62
931
515
69
604
973
737
707
966
508
347
94
185
96
320
794
14
988
162
798
218
151
550
731
947
729
130
769
954
138
163
99
287
793
831
159
739
963
257
213
708
870
164
684
968
980
387
670
418
268
680
970
815
202
431
114
358
300
421
816
484
630
85
87
311
324
8
352
842
978
646
795
122
142
601
802
21
829
124
416
143
383
154
715
91
117
378
871
843
546
386
412
948
76
483
15
45
994
2
841
182
898
674
651
823
20
922
622
317
666
893
668
915
761
854
895
446
318
774
856
270
701
245
127
410
676
984
839
230
72
899
887
223
583
452
411
443
1008
1
636
906
108
891
183
54
570
419
926
252
288
137
30
354
171
226
750
344
1019
93
192
113
