646
108
378
427
739
325
777
313
223
358
177
735
151
628
341
89
221
431
698
556
76
765
627
42
753
678
73
195
162
629
345
352
436
192
693
747
99
381
710
153
399
769
86
333
324
329
163
772
407
225
713
451
379
386
281
617
480
113
744
760
422
434
169
616
393
642
737
535
717
779
741
350
100
322
351
312
307
742
461
164
590
90
746
557
305
724
489
408
709
738
109
96
142
450
74
490
117
137
193
462
712
311
761
251
706
323
588
115
421
69
506
775
363
70
507
361
707
479
745
72
143
136
104
249
145
335
708
449
138
390
277
71
253
558
586
306
505
114
222
194
477
250
278
197
670
334
362
