172
396
397
677
116
370
506
173
423
562
478
705
338
369
249
376
336
443
535
774
164
372
422
144
324
442
368
348
398
400
343
194
220
399
734
772
437
731
163
534
465
371
773
344
132
135
414
425
385
456
318
466
349
373
424
415
305
254
394
493
455
428
416
496
615
222
393
411
175
386
469
520
427
384
365
201
468
470
563
439
704
467
703
438
525
476
61
454
131
227
244
553
202
295
22
337
426
387
29
233
781
107
757
18
483
728
52
637
136
59
32
297
388
494
471
141
200
499
205
729
133
644
28
511
11
17
167
119
174
203
103
779
19
510
497
62
9
445
697
589
457
140
635
577
524
699
377
521
149
509
482
154
231
782
617
783
1
620
547
25
413
645
5
484
106
60
576
13
441
33
678
147
102
522
159
129
192
155
485
648
550
162
420
758
229
537
593
3
130
101
311
486
548
481
204
636
701
629
110
574
575
274
671
632
453
527
498
564
539
578
150
35
507
157
309
495
34
117
512
601
161
364
552
487
606
223
523
604
113
12
596
58
160
634
473
538
304
392
570
540
647
526
333
605
549
170
603
118
619
760
156
224
128
723
63
284
105
726
444
38
761
51
508
674
536
607
108
581
565
702
614
531
