71
69
70
72
142
68
75
67
96
76
46
66
422
93
559
65
277
74
90
94
477
670
505
197
37
38
92
531
117
64
48
73
97
450
642
78
223
143
278
50
305
91
334
228
49
114
333
251
144
590
557
47
36
646
12
35
122
364
761
145
256
362
588
118
34
79
335
449
621
166
591
421
306
88
120
104
51
613
620
617
227
724
95
250
648
760
169
255
13
229
570
635
649
200
63
578
201
529
618
616
631
602
607
572
532
222
60
558
108
211
225
698
77
113
361
128
568
125
119
603
195
753
138
87
433
100
577
86
194
240
507
605
543
569
224
723
124
608
62
126
98
372
392
637
571
574
610
146
586
636
606
147
541
332
633
162
363
123
212
161
127
246
663
131
213
589
594
273
45
99
239
634
575
154
193
183
601
115
432
393
628
373
249
304
563
675
254
674
185
376
595
184
580
259
167
52
431
192
61
619
172
567
660
436
173
159
89
331
662
707
281
547
609
170
576
726
645
653
43
598
599
231
199
3
779
758
349
121
757
260
767
82
681
253
321
230
548
549
408
678
141
542
702
203
587
348
476
347
435
518
550
592
535
546
479
163
632
190
283
404
130
701
58
164
579
110
499
728
622
219
337
472
320
158
506
16
782
284
775
420
573
611
33
783
556
152
405
769
171
381
28
490
174
604
596
311
243
102
671
2
274
659
566
654
116
389
29
451
656
244
384
772
400
585
426
294
539
676
582
191
581
107
625
25
139
685
540
730
684
101
708
552
467
623
630
17
30
525
5
686
351
626
365
57
712
773
413
691
460
657
216
683
651
21
4
32
352
42
755
27
650
346
498
280
473
644
153
777
520
133
781
597
729
371
544
463
8
661
536
20
459
149
519
24
478
54
765
524
19
188
343
269
26
241
624
275
593
324
442
345
160
700
673
217
245
10
293
268
178
297
495
443
709
202
55
234
497
309
109
56
516
380
103
629
401
458
296
687
553
301
491
508
722
664
215
388
112
385
84
523
276
0
1
157
555
403
695
7
665
641
652
639
647
41
583
554
150
267
696
699
489
638
360
527
513
511
303
105
667
387
690
669
386
445
359
528
39
40
666
584
