462
532
463
563
562
531
495
594
596
595
564
530
558
496
494
561
529
557
395
430
341
593
694
526
394
497
500
342
589
330
373
374
527
590
464
308
746
364
720
362
363
396
556
528
628
307
714
499
726
275
683
331
298
748
503
747
682
332
727
759
361
429
689
719
716
847
1005
911
662
340
393
309
535
533
329
778
715
626
879
405
1014
498
650
242
310
1013
1004
725
534
406
431
144
608
299
279
597
721
475
695
912
427
1000
998
267
952
409
880
996
758
477
717
956
944
749
779
445
278
507
688
448
627
588
177
750
13
612
745
555
751
580
247
905
554
889
807
1012
883
800
587
693
260
860
161
441
426
58
681
559
509
1015
776
351
283
107
160
865
625
420
112
516
846
428
603
1021
942
602
827
633
999
461
741
565
540
897
713
836
967
913
574
863
333
1001
422
315
145
997
575
868
289
24
974
411
57
129
220
866
993
191
709
17
979
607
548
16
476
357
18
39
775
172
346
1022
23
444
808
37
339
31
295
791
140
134
157
38
321
228
890
752
549
910
385
501
63
98
276
347
34
764
102
67
936
388
573
22
319
832
274
84
705
189
851
824
243
216
768
56
634
190
805
671
821
356
343
277
377
605
80
572
892
973
937
795
135
123
306
250
980
703
246
734
1020
718
324
139
730
828
