531
530
746
714
532
747
535
716
745
715
564
683
758
726
719
748
368
242
749
759
533
534
498
589
465
361
503
307
563
718
717
499
432
777
727
720
682
87
1011
210
1021
562
369
119
778
81
335
989
750
688
779
340
18
464
339
433
400
713
392
336
808
633
463
497
883
1000
621
124
275
145
431
22
80
341
420
832
393
781
500
851
472
337
23
334
228
408
999
267
602
360
864
268
123
751
947
1020
795
114
516
113
521
780
308
665
988
424
1004
935
112
50
690
197
276
801
401
367
776
689
274
741
763
684
914
596
502
209
553
243
71
833
440
565
236
10
419
445
703
144
415
507
615
827
177
504
425
865
583
681
657
807
812
966
969
120
471
1023
588
1012
56
31
70
102
21
828
590
216
508
640
658
782
852
338
178
230
1001
345
99
399
933
931
96
547
762
330
39
915
671
601
211
882
466
529
260
98
897
8
721
773
64
42
171
901
107
1017
289
548
791
299
205
964
511
774
204
269
150
407
501
567
223
262
641
129
409
128
620
101
996
146
462
995
542
92
934
218
329
298
764
295
666
172
1002
38
63
314
903
824
911
1
902
899
198
475
49
446
541
687
164
441
82
1016
554
540
1008
17
32
24
694
418
34
377
301
952
257
984
383
53
333
250
880
388
612
151
831
376
954
293
968
912
879
263
385
517
355
768
161
956
881
229
943
884
571
249
582
20
545
41
152
856
40
580
509
100
309
929
165
942
860
557
963
76
1013
699
386
33
628
1022
69
480
9
800
476
346
261
155
156
552
980
66
607
614
866
775
382
485
54
572
410
203
241
923
184
417
566
292
944
888
802
520
186
219
873
484
72
536
217
111
892
373
351
1014
108
820
769
698
752
1010
965
444
439
125
983
412
850
366
477
139
921
328
319
259
819
803
581
893
642
451
237
898
674
294
290
736
127
896
176
1015
190
708
158
78
584
19
930
783
193
594
834
356
609
595
997
496
37
1003
539
391
313
183
110
130
187
277
473
378
706
282
140
634
936
315
676
67
235
109
362
558
731
796
454
174
976
887
626
442
853
251
951
280
287
2
447
550
890
608
14
188
639
325
79
160
732
173
673
306
191
836
421
575
231
189
131
918
811
248
805
302
909
948
941
806
810
985
904
515
744
349
452
576
95
900
835
895
48
522
212
913
940
709
730
546
579
735
324
467
254
734
443
185
659
891
587
55
36
889
175
885
375
116
206
115
967
1007
16
304
636
196
767
859
920
104
917
143
613
220
537
570
863
305
387
549
757
288
7
650
905
182
35
738
222
916
610
255
868
258
928
919
244
770
83
1005
799
823
700
474
430
68
323
347
122
945
65
13
252
986
413
159
937
342
651
134
551
652
606
632
982
794
97
479
962
352
953
51
906
972
126
809
946
137
886
862
389
638
194
281
932
93
861
73
28
742
1009
573
448
977
981
350
702
478
569
855
225
543
987
320
813
88
118
11
772
77
561
950
733
332
568
423
510
670
317
838
544
354
264
6
103
238
878
605
62
74
138
637
5
627
512
600
925
394
577
646
867
344
253
854
1019
247
321
411
949
482
695
157
603
291
43
470
456
818
841
141
27
303
380
538
894
669
47
616
358
285
357
374
46
625
790
224
370
106
797
647
737
94
381
693
283
449
327
839
450
672
788
973
86
910
414
979
30
326
135
170
505
574
871
142
179
789
457
643
300
957
506
604
955
200
221
975
195
416
379
279
710
121
215
44
273
232
668
166
514
858
353
667
12
578
154
924
804
132
153
422
105
970
648
845
208
685
316
739
310
644
907
199
961
857
822
922
874
740
712
372
233
645
45
162
998
25
488
318
649
519
978
677
705
453
322
163
678
0
214
213
704
849
384
226
556
297
312
181
136
844
117
90
256
365
169
869
75
483
434
58
266
725
701
686
635
938
133
990
481
821
846
629
555
870
52
958
814
840
359
697
296
468
926
348
660
707
675
84
798
245
586
278
398
513
872
390
284
765
192
792
619
829
664
787
593
406
455
15
469
661
167
207
971
622
848
147
227
826
994
875
847
202
771
180
426
3
585
766
402
611
877
286
486
91
148
518
331
830
343
495
201
438
680
908
729
59
760
149
270
168
784
26
246
489
876
597
927
960
825
487
837
743
1018
234
993
974
939
272
696
753
311
60
842
679
653
265
1006
817
364
371
4
843
711
618
815
405
271
89
991
85
397
992
57
435
816
786
490
29
239
656
396
427
61
663
617
756
691
793
761
785
429
722
437
240
458
528
631
662
436
692
599
428
654
728
403
404
459
363
755
754
494
724
526
395
959
527
461
624
591
523
723
655
630
560
559
598
592
623
460
525
491
524
493
492
