145
131
764
804
701
207
537
594
41
74
685
746
279
312
602
603
115
243
775
23
848
545
425
983
765
300
935
144
82
834
505
737
802
946
965
361
969
297
353
744
985
785
333
976
681
971
869
779
365
736
469
546
608
167
677
830
845
853
743
819
419
768
881
392
997
248
944
411
978
866
569
923
642
270
364
330
990
371
885
988
894
813
812
477
937
609
329
104
574
456
846
203
720
852
896
446
627
385
1000
233
877
888
987
1004
712
777
719
370
506
439
273
580
873
801
640
745
827
482
644
376
808
380
700
797
641
301
909
674
666
942
913
673
274
698
331
919
37
884
718
636
601
514
951
386
699
437
407
277
307
897
322
328
864
850
583
487
1008
688
316
605
954
412
1015
837
966
424
667
882
865
829
912
883
633
836
508
936
1019
886
47
318
958
832
927
363
786
876
828
360
910
999
706
519
903
635
665
19
678
472
668
294
28
704
1022
21
438
994
702
911
298
898
796
406
578
260
391
327
820
943
925
800
520
762
752
354
630
860
455
401
551
332
908
763
696
662
381
924
952
956
854
939
634
570
851
7
805
995
871
707
709
34
299
778
989
901
859
257
417
844
576
893
843
933
726
77
863
840
982
998
940
798
341
308
867
874
488
539
705
1023
968
1018
986
132
861
905
540
158
727
918
711
742
868
950
620
515
680
789
62
238
53
679
738
922
769
970
568
584
289
405
938
453
579
268
676
1021
471
1020
731
862
628
390
887
842
445
895
423
547
518
721
504
991
900
810
892
534
513
947
293
645
356
959
607
485
373
448
788
166
499
730
934
906
920
615
992
669
478
875
758
664
972
255
643
996
921
486
122
811
509
728
536
234
384
192
450
963
735
415
571
457
841
807
175
140
904
479
473
197
185
670
914
732
632
541
202
795
799
1014
790
948
675
237
283
235
787
981
902
374
542
953
387
949
269
614
443
967
606
926
773
275
451
550
1010
960
194
517
766
549
648
872
697
980
770
930
979
833
907
722
511
616
372
772
759
734
54
767
582
440
915
481
858
647
962
512
637
552
476
1013
422
14
288
581
975
961
588
741
143
740
532
375
932
317
638
672
510
444
170
1012
929
757
45
503
416
831
320
821
311
8
164
695
475
889
480
964
566
544
600
236
694
838
343
823
543
890
839
993
611
224
899
1
229
174
267
454
342
974
1007
408
138
263
507
671
646
955
723
149
973
206
708
287
352
597
729
310
256
739
916
9
891
822
528
931
447
189
826
857
703
162
651
806
212
774
771
613
1011
870
413
917
598
470
653
245
49
663
295
89
474
561
928
502
791
351
157
218
760
409
725
794
856
441
377
227
276
575
0
1005
590
459
753
449
564
414
213
99
855
169
687
649
639
141
56
625
139
355
348
153
458
1006
182
761
225
631
113
163
58
824
383
26
24
87
109
43
198
489
724
116
20
567
135
147
825
756
553
494
599
754
48
379
460
179
161
792
50
246
148
531
793
382
686
251
178
231
264
193
521
146
410
535
156
253
319
136
755
442
106
83
284
593
5
96
324
461
252
205
596
650
585
95
617
75
247
108
86
55
557
378
221
656
173
291
159
563
51
85
292
180
349
107
219
323
137
230
558
18
181
44
84
52
31
57
350
595
64
619
214
118
586
32
128
220
25
134
15
587
42
490
199
618
554
6
622
127
527
491
522
3
560
117
526
168
624
654
4
592
555
17
556
160
16
655
493
559
523
525
492
591
623
524
