590
474
670
197
362
446
477
618
96
171
449
283
646
676
696
114
390
306
505
705
311
143
115
708
418
169
334
647
472
675
589
473
557
44
531
450
89
221
305
563
335
137
648
421
706
363
535
447
591
707
92
678
744
81
95
256
80
117
702
712
118
529
43
251
109
333
668
710
222
282
170
471
144
361
724
391
138
249
556
726
564
709
693
165
130
91
507
72
74
145
669
177
451
689
779
566
558
745
506
193
279
199
94
583
388
741
502
704
713
475
123
698
228
460
86
743
174
559
307
255
748
610
443
425
125
444
569
682
747
113
254
733
685
124
90
528
619
525
119
614
98
162
243
686
406
746
568
679
651
210
767
717
389
201
580
711
650
99
151
142
194
749
642
470
718
178
274
108
607
738
681
176
424
719
393
611
97
202
310
753
478
662
100
592
639
565
448
742
396
400
452
697
259
173
523
714
404
346
461
192
223
441
120
659
766
42
76
728
495
104
172
536
677
216
399
499
578
56
617
16
683
272
209
636
467
93
440
674
122
439
538
509
673
663
299
684
581
267
667
503
680
469
204
246
230
582
688
300
147
270
649
71
302
126
537
298
777
442
571
14
497
297
716
498
231
250
715
415
277
553
570
378
437
671
354
720
554
163
479
183
208
150
237
353
1
278
242
239
185
198
630
765
435
782
157
367
510
588
25
200
778
236
758
730
339
432
212
284
188
73
131
552
633
82
757
244
55
160
182
700
594
434
148
401
141
22
326
30
257
701
739
414
301
181
261
325
635
768
179
121
567
226
754
4
152
149
405
573
31
783
84
351
641
462
134
626
238
737
603
203
26
629
632
102
638
235
348
186
328
521
658
258
526
190
159
409
416
312
687
408
596
436
321
520
660
206
158
154
628
695
327
375
24
625
740
627
760
180
433
184
324
548
731
656
402
522
661
606
579
576
657
550
431
602
382
600
189
494
266
426
233
631
468
407
29
136
508
672
275
575
645
214
352
85
403
413
458
129
220
374
380
271
381
501
240
18
377
295
480
155
599
207
597
15
735
562
624
759
54
493
781
577
555
412
0
752
101
229
7
52
153
140
527
620
225
75
770
519
560
8
213
539
338
438
65
385
146
17
286
616
384
457
330
53
379
419
227
584
211
491
232
83
734
771
621
132
463
551
411
541
355
545
329
175
736
417
775
530
612
454
331
489
542
511
488
490
586
358
68
751
360
