334
449
455
251
305
709
91
43
74
277
138
741
450
72
769
675
483
642
676
221
705
278
137
71
294
719
454
482
130
753
718
109
427
647
710
288
717
765
685
92
193
317
174
126
738
511
97
98
113
619
119
406
556
713
287
568
295
99
108
75
249
230
284
42
222
569
510
293
161
669
316
223
686
689
684
641
289
674
682
241
315
761
716
239
570
296
216
499
398
592
237
706
711
777
147
64
495
426
701
355
202
443
205
82
655
657
633
238
324
383
683
234
312
605
156
104
131
656
187
538
242
613
233
367
342
175
208
375
585
250
393
240
593
764
232
571
274
179
339
376
551
577
704
553
539
178
680
576
532
754
344
681
648
550
372
498
628
155
575
73
165
528
12
660
173
370
65
349
160
497
235
631
610
54
194
410
318
432
52
20
639
658
672
244
620
715
203
371
636
217
629
328
572
281
573
30
579
299
606
211
611
548
28
523
560
428
67
565
667
364
374
564
27
378
159
607
214
380
382
524
630
379
158
679
319
327
381
456
444
596
154
353
298
373
537
549
687
663
661
213
261
57
522
189
407
783
470
527
188
116
405
688
608
6
601
185
409
260
626
347
654
207
599
2
604
547
581
314
45
258
157
597
343
3
297
168
206
248
215
356
204
70
5
66
400
345
574
609
781
120
352
163
425
598
632
404
540
723
134
33
17
32
431
399
578
625
326
101
729
526
140
555
476
148
411
320
773
209
602
8
53
552
600
351
190
162
603
337
635
412
286
273
58
262
112
37
479
627
727
21
348
554
377
545
49
469
509
19
384
623
468
252
129
587
192
265
480
624
325
51
780
396
11
401
536
23
125
304
354
414
231
521
340
133
422
408
9
755
212
634
652
111
18
88
264
776
519
68
180
493
183
83
595
546
583
346
520
275
259
580
102
69
149
78
50
196
453
36
132
87
369
699
500
653
210
622
430
508
424
61
584
459
567
182
150
756
186
525
677
245
457
219
402
492
582
164
750
153
290
561
494
121
721
152
176
218
491
60
638
34
416
762
496
151
184
534
615
321
734
692
533
722
13
640
478
40
136
276
195
403
323
690
285
429
562
224
397
292
691
463
664
177
110
39
666
649
484
181
220
694
566
481
322
38
124
291
621
643
368
763
263
594
651
512
139
518
341
489
445
612
247
191
93
41
166
395
77
392
637
650
490
122
48
35
46
47
63
365
423
488
105
386
678
62
106
167
357
387
394
420
665
103
123
350
732
725
94
487
95
313
517
774
96
107
514
135
485
486
513
703
515
516
