460
363
395
492
493
436
428
427
434
396
491
364
437
560
435
459
365
403
429
397
592
461
662
692
468
394
561
404
528
402
624
974
1006
398
593
659
331
469
467
405
362
655
406
466
366
527
663
372
661
724
842
756
793
374
693
691
332
623
660
529
342
373
754
992
785
272
626
559
426
399
631
816
843
371
910
201
1005
390
723
875
271
798
494
874
315
284
458
283
232
630
959
960
599
234
347
784
840
678
704
658
333
869
303
227
841
215
878
384
766
15
148
711
939
938
180
422
490
705
316
57
737
755
993
870
221
743
710
343
761
625
265
233
16
149
357
809
877
908
379
829
922
991
367
926
438
876
389
765
266
837
753
830
202
613
817
973
248
797
646
654
47
709
536
252
321
26
742
627
273
786
322
598
27
189
740
375
994
304
526
247
611
924
581
907
240
246
573
253
48
354
58
844
416
645
302
998
735
200
677
701
796
153
297
707
346
679
644
568
970
17
604
44
606
961
848
706
318
656
352
311
306
826
49
919
788
300
847
815
872
473
868
672
147
122
353
505
258
453
259
46
103
286
279
524
845
296
170
181
486
291
799
86
45
594
725
75
448
157
958
199
792
141
1003
89
920
668
804
358
310
108
639
578
452
214
810
481
896
169
421
614
839
675
523
79
895
85
643
950
977
133
925
975
136
859
163
653
386
330
411
513
685
818
59
74
80
518
35
891
1004
350
575
927
220
194
962
309
6
183
540
1018
768
139
95
455
226
787
65
1009
610
30
736
317
700
569
702
823
104
4
760
591
235
196
270
549
282
168
510
913
2
767
132
73
667
356
61
744
222
476
981
945
739
979
846
167
280
385
118
105
946
29
285
574
889
728
94
854
97
441
90
850
182
142
538
539
498
162
278
978
928
245
771
955
152
60
867
98
131
109
1022
264
28
138
113
112
106
126
341
918
537
159
93
301
328
603
166
894
865
942
1019
127
858
508
256
134
137
320
31
5
76
949
674
67
572
987
192
450
324
84
483
982
861
474
88
479
77
121
775
504
772
190
544
731
580
68
470
37
78
239
820
576
629
62
903
957
125
525
730
217
696
695
501
92
454
124
81
819
135
116
892
605
738
951
195
825
140
329
934
600
953
519
834
1001
789
734
635
577
326
251
514
582
488
898
443
487
185
857
91
990
0
1010
664
115
888
976
849
866
712
637
63
647
807
55
732
305
506
814
608
929
130
708
3
997
423
722
821
143
863
325
119
551
281
638
359
117
902
879
312
290
676
694
937
783
698
14
906
261
154
512
699
932
967
25
444
871
158
1015
191
12
543
640
447
862
107
673
66
442
733
520
72
407
764
348
836
930
811
146
897
83
260
893
873
377
800
917
294
52
971
941
287
904
900
254
477
418
440
855
571
391
752
507
890
101
164
1013
475
380
111
355
225
684
612
213
680
478
914
899
776
449
179
292
299
298
110
886
231
1023
150
944
208
288
822
1011
921
388
99
729
439
642
579
206
570
344
915
100
120
853
669
102
387
835
171
686
965
1014
1
263
916
244
885
546
323
860
230
412
417
851
542
327
943
255
64
41
632
277
641
562
36
207
409
550
634
947
882
33
980
703
828
262
838
509
607
319
69
96
229
410
413
881
173
484
794
757
802
697
43
123
82
905
32
636
433
782
769
666
165
188
887
936
831
176
517
314
34
87
205
237
378
38
912
511
203
986
806
808
472
1012
901
54
1007
609
909
129
376
197
485
615
497
482
216
813
56
548
935
198
351
184
763
671
583
541
204
670
923
42
114
9
880
803
628
308
954
156
414
236
160
400
13
241
7
243
451
223
144
257
128
228
187
70
911
741
762
545
430
948
969
381
456
151
770
972
267
790
155
446
238
269
931
1002
293
53
145
805
175
71
779
250
713
985
968
274
515
50
212
963
219
824
51
791
502
249
18
1016
566
480
933
340
999
616
1008
211
489
408
1017
289
193
1020
370
334
19
812
552
40
883
419
161
445
345
633
177
984
940
652
952
313
602
174
516
383
617
795
361
39
774
648
996
864
295
773
781
209
801
530
349
276
827
852
8
856
186
224
11
275
584
884
420
780
681
777
778
360
172
268
832
465
218
746
601
956
393
547
20
178
833
1021
382
665
534
495
745
242
983
21
401
567
649
1000
759
988
392
597
24
338
210
431
995
964
471
751
715
716
758
966
682
714
727
307
585
748
747
424
500
335
415
10
750
496
749
23
336
690
721
339
337
425
726
687
989
22
553
651
717
457
565
522
595
368
521
683
432
650
503
499
622
657
533
689
618
535
718
369
720
719
688
596
621
464
620
563
586
462
532
619
554
531
463
564
590
555
558
589
587
556
588
557
