104
613
375
761
653
615
299
397
431
429
32
681
218
656
33
9
215
366
149
82
632
458
783
605
601
568
184
271
209
264
460
606
128
393
131
362
624
163
781
778
760
546
573
569
6
236
484
754
380
381
493
574
655
354
701
428
459
476
155
413
602
140
266
598
158
19
216
403
85
113
649
729
119
300
769
238
670
430
235
130
189
377
782
599
326
669
575
243
396
486
207
560
217
350
335
324
325
596
103
1
129
327
541
600
629
351
426
84
488
513
654
581
274
628
603
524
159
246
73
190
758
132
492
244
265
572
94
511
496
76
379
504
79
210
647
405
570
239
188
567
157
16
449
553
423
518
270
626
92
101
438
577
337
627
777
378
56
74
526
30
205
307
55
353
610
412
471
580
424
481
11
494
576
689
162
456
237
578
673
547
536
433
204
516
44
97
348
309
394
550
432
671
548
160
414
176
579
443
650
773
591
134
453
539
497
505
597
98
285
728
25
549
477
59
95
537
495
99
535
637
349
173
521
376
648
519
172
421
363
465
399
490
522
338
93
310
440
241
439
520
203
416
96
466
482
109
467
415
509
508
320
677
268
441
197
604
571
468
565
498
183
442
297
523
279
566
292
201
612
564
651
472
470
169
589
779
469
705
450
425
704
283
678
676
444
563
311
118
646
256
698
675
696
726
618
614
282
478
557
80
529
65
170
558
590
390
171
419
226
391
198
475
447
531
474
697
446
418
