250
249
278
195
166
107
745
66
90
194
48
193
70
69
332
341
555
222
223
746
67
221
379
360
528
331
47
37
742
50
38
110
62
68
71
165
359
277
405
251
64
376
473
377
433
91
78
738
403
586
106
527
706
351
89
357
717
507
479
51
387
349
350
147
248
136
510
46
343
122
432
445
707
77
556
480
741
120
588
303
334
304
128
35
102
313
775
713
509
34
36
451
315
220
406
375
667
380
361
88
710
72
75
688
100
404
616
620
574
76
584
499
587
352
108
583
358
511
369
340
378
316
138
191
105
737
230
144
65
216
572
229
471
49
192
573
325
407
353
119
142
386
87
639
365
13
642
371
54
691
60
655
537
63
389
554
215
113
603
299
61
388
553
333
735
617
687
104
127
23
695
103
156
592
214
314
259
175
177
500
101
708
654
772
126
715
312
483
549
484
385
664
431
224
73
288
558
624
744
619
130
763
137
253
293
164
327
492
41
152
491
260
481
17
602
348
544
146
714
21
39
716
323
718
532
723
594
8
774
158
739
568
187
464
485
534
736
324
393
74
112
783
151
287
186
182
692
237
121
160
686
40
129
422
591
12
116
124
342
508
482
180
753
680
204
298
685
3
398
58
771
622
538
272
631
93
181
672
276
123
582
57
52
27
161
179
99
760
728
545
700
163
326
767
234
535
536
411
368
354
518
225
10
131
117
438
552
455
526
176
712
596
551
244
417
263
727
524
525
45
665
608
154
20
770
762
625
157
213
139
569
217
19
322
758
663
434
548
284
364
5
751
486
28
95
92
381
290
185
6
578
94
646
757
660
370
512
219
243
550
690
413
626
384
302
452
155
580
547
197
597
581
623
196
212
174
629
709
658
125
683
141
493
233
392
465
423
18
437
497
442
367
153
567
2
439
295
347
111
245
684
560
627
630
344
755
168
24
726
546
291
731
33
115
428
172
132
429
32
768
543
457
454
730
540
98
400
644
611
628
218
490
209
653
390
150
701
539
781
274
289
476
184
82
362
339
517
496
159
261
460
645
9
236
252
659
782
280
25
601
201
605
109
140
97
203
595
408
458
296
662
269
1
426
414
699
145
170
430
148
519
242
514
636
31
681
374
271
167
211
206
607
114
754
541
188
258
202
542
286
780
264
395
346
22
575
495
330
53
26
83
698
4
647
673
761
590
265
674
294
478
84
679
759
205
262
16
231
7
618
178
85
391
0
200
505
208
143
520
235
513
498
43
682
372
656
320
56
297
559
702
329
564
14
494
515
589
570
461
275
563
577
246
149
317
29
247
255
637
506
671
162
453
764
183
648
401
15
232
732
523
522
96
562
448
449
756
776
133
599
427
30
725
319
719
635
396
410
337
652
600
566
598
489
273
670
651
266
227
318
257
301
666
472
409
459
606
456
11
171
254
729
477
467
747
355
463
576
609
86
693
557
424
292
661
421
466
345
450
373
529
300
210
435
412
55
643
777
189
420
135
501
270
743
610
621
268
321
402
416
169
614
633
694
632
752
382
79
638
579
668
397
720
118
711
615
641
779
241
383
765
521
443
285
748
470
44
281
267
593
42
441
238
649
228
503
226
419
530
531
199
