703
96
590
774
95
123
589
247
696
122
72
71
94
44
124
67
283
125
563
350
135
191
477
568
43
450
643
724
219
535
322
507
153
74
276
505
449
773
152
617
181
93
377
588
64
569
267
97
565
734
434
321
421
615
762
378
616
406
75
218
763
447
182
68
65
121
255
418
433
462
106
500
220
210
256
320
151
275
756
748
294
76
69
335
373
271
668
405
248
699
287
273
150
14
363
567
302
177
695
270
601
239
245
662
154
580
70
66
451
752
142
761
304
667
749
157
323
570
346
345
400
178
272
732
192
386
138
349
380
59
390
149
578
183
228
147
311
525
597
776
100
627
573
282
593
73
372
715
755
697
364
435
552
408
173
571
114
446
362
585
268
602
126
274
576
45
295
572
348
458
753
607
496
347
99
266
379
720
376
301
278
391
598
575
315
663
176
190
371
432
358
16
136
659
781
549
107
764
461
300
693
442
298
254
469
459
374
579
399
448
407
306
631
42
387
129
660
444
92
164
88
645
688
436
242
639
215
134
119
7
334
716
141
600
237
729
299
36
416
727
532
319
297
381
425
644
155
293
148
754
212
574
48
587
165
581
91
611
548
522
370
606
414
759
633
37
234
550
112
630
470
687
213
258
139
196
357
238
547
328
608
711
209
12
4
719
206
404
202
211
409
98
132
603
225
524
396
577
22
207
326
115
599
26
635
187
352
775
34
85
415
227
495
327
604
83
30
330
636
33
553
214
467
389
351
402
240
658
226
31
412
279
198
296
260
497
55
8
77
410
440
11
224
613
438
180
325
475
189
185
24
166
269
439
109
203
229
0
160
236
686
5
2
120
167
61
1
629
609
20
235
127
632
385
431
27
231
28
672
561
