474
171
114
418
446
390
531
618
558
311
89
505
708
283
449
559
447
306
676
705
169
72
92
391
589
706
702
472
95
334
389
726
363
142
451
74
535
138
94
678
118
475
109
44
350
591
256
81
71
228
556
199
90
194
91
525
251
675
43
250
502
254
289
318
305
528
566
317
249
583
741
693
86
291
461
282
710
278
255
97
193
125
738
709
100
746
779
724
586
127
99
747
76
120
323
123
651
70
98
177
588
122
580
174
113
478
713
124
198
119
223
126
448
290
279
617
200
128
743
393
307
219
108
67
191
225
172
614
176
268
322
737
717
344
753
147
766
347
592
263
735
104
775
352
381
662
462
728
616
201
555
299
345
202
296
240
14
739
611
594
439
432
718
497
649
554
770
503
499
661
452
621
681
187
374
425
195
297
230
442
536
16
274
73
441
605
319
758
620
650
509
131
669
671
501
711
218
765
498
351
467
325
444
581
630
375
552
628
582
56
570
231
262
443
189
327
146
266
736
25
382
783
269
190
569
211
298
121
328
760
652
156
526
768
634
379
527
438
419
409
75
220
42
782
632
253
82
603
316
537
480
524
26
408
373
272
704
772
520
1
229
207
326
719
508
494
493
257
701
206
633
548
55
530
598
302
658
173
205
642
31
551
403
631
69
716
715
300
102
547
626
623
161
155
192
101
457
260
402
349
270
411
674
8
459
277
151
301
246
150
203
213
84
601
52
688
754
264
519
15
372
17
233
312
645
413
622
463
599
602
539
437
597
160
777
245
149
158
148
560
152
7
510
244
180
672
492
294
153
163
348
576
573
600
54
687
538
159
489
412
595
5
414
64
684
464
426
385
239
575
596
635
781
132
541
28
20
0
401
574
10
639
19
235
540
468
188
545
154
85
761
476
227
129
157
238
6
353
577
565
355
604
310
164
320
579
682
624
367
53
23
466
330
57
27
321
261
532
340
208
79
271
112
495
236
3
183
376
284
422
546
9
659
273
21
140
729
2
280
407
11
168
134
356
727
644
562
212
68
415
243
232
32
364
303
550
683
337
378
33
242
522
329
654
637
542
433
265
383
465
237
608
288
429
609
209
685
755
339
111
51
216
780
638
234
664
430
653
657
641
61
778
275
343
58
331
445
453
692
186
404
572
523
699
196
500
454
436
179
210
293
655
405
241
496
607
578
756
613
136
518
764
416
428
549
543
423
511
776
162
184
615
314
370
769
435
37
568
665
482
181
178
252
12
567
224
116
483
398
434
77
377
292
481
504
587
691
762
593
287
60
365
66
360
561
285
358
732
643
87
366
166
371
341
59
517
103
487
247
585
397
406
690
666
133
45
357
694
369
427
763
336
723
455
308
36
387
315
332
395
512
110
78
139
640
49
534
544
313
13
50
773
386
342
106
281
484
309
751
34
392
105
456
725
88
721
248
38
750
368
485
533
304
722
39
167
774
516
486
48
62
47
359
35
40
420
46
514
107
394
513
41
515
63
276
135
703
