365
463
469
372
363
394
659
652
401
593
496
560
626
561
464
625
404
716
373
370
682
371
340
528
161
658
341
499
487
455
715
627
67
332
76
346
500
530
475
48
331
16
1015
1005
486
116
426
35
574
374
15
428
406
1006
362
649
423
438
518
342
333
820
63
851
167
501
1011
656
687
657
559
673
1007
319
852
12
212
129
1012
911
31
17
230
575
52
983
821
264
427
411
634
398
594
1004
252
231
432
979
301
446
714
679
204
807
724
705
283
875
618
454
300
162
135
510
984
422
774
545
309
519
66
308
98
850
737
704
431
11
314
233
681
728
506
235
974
495
829
244
677
710
168
136
347
840
220
315
40
115
148
857
676
856
543
660
127
90
247
261
211
648
1016
863
831
706
775
205
853
339
923
447
819
605
287
453
485
303
163
708
573
494
84
103
91
270
158
647
236
942
590
130
869
874
117
699
760
122
973
443
180
378
638
393
318
791
957
138
674
195
58
802
539
85
636
203
160
96
641
672
888
262
237
284
929
808
843
839
838
189
26
229
692
293
159
901
34
320
268
72
260
33
476
908
251
474
912
768
107
700
542
837
507
606
255
7
316
361
841
1010
71
830
698
1022
794
59
822
99
47
980
477
551
930
292
718
900
329
126
425
868
89
879
80
157
1014
1002
836
828
79
763
164
1003
222
334
444
668
25
45
323
712
267
473
44
121
6
505
509
898
729
174
562
541
991
154
969
123
139
547
637
680
579
13
882
384
571
299
221
291
845
806
736
924
1023
943
826
355
864
246
8
254
517
172
49
169
871
629
988
147
228
666
640
880
379
330
348
27
854
39
876
881
861
549
781
302
711
646
956
298
65
57
386
873
927
799
279
678
743
756
280
897
338
513
445
171
95
859
125
970
797
369
546
248
731
131
484
858
97
321
975
353
581
644
194
809
70
578
902
894
216
914
717
193
20
941
742
108
810
200
508
1001
628
36
968
725
865
827
213
892
191
789
607
790
962
891
540
296
946
38
602
140
959
932
870
889
418
179
472
550
805
537
185
479
325
352
832
958
643
69
667
782
223
188
269
538
215
173
324
834
56
354
184
933
285
265
965
441
788
202
951
1009
183
642
326
570
417
190
104
669
243
707
83
1021
800
938
697
612
214
860
990
276
1008
234
919
764
635
73
739
128
964
814
896
922
375
416
967
825
92
1013
812
288
111
245
787
866
385
867
893
926
994
709
478
934
823
88
793
224
769
952
675
351
883
343
833
124
761
226
738
349
544
989
75
271
713
390
645
421
910
61
824
149
604
748
688
846
735
569
511
156
849
206
253
796
913
577
81
290
813
740
286
310
407
275
615
872
907
762
186
238
155
219
14
119
217
603
801
250
747
181
582
572
514
978
274
842
452
732
152
278
925
225
966
165
60
218
899
804
580
77
818
322
199
955
811
792
997
616
905
151
920
289
971
360
610
982
548
1017
192
855
773
862
259
227
313
389
847
112
937
909
272
102
141
177
663
798
153
307
776
884
744
297
100
93
999
78
630
109
481
327
583
993
701
356
784
890
266
887
1020
366
86
795
848
415
357
611
134
187
921
249
18
317
670
945
263
939
43
940
878
101
931
175
114
780
210
639
695
504
387
32
950
609
311
936
410
693
483
391
844
178
328
201
516
877
442
906
450
755
294
42
448
1000
383
120
915
961
786
960
746
142
345
533
30
976
150
256
981
53
817
74
767
143
196
68
944
733
947
928
935
903
358
633
350
456
133
382
515
273
727
412
757
282
998
741
451
41
987
258
772
449
816
488
770
312
527
94
995
783
277
576
295
512
694
166
904
948
424
536
64
380
239
665
482
132
62
480
110
2
257
734
895
608
662
176
777
87
304
885
765
759
1019
388
197
972
696
105
55
50
916
815
953
691
118
414
419
24
661
28
413
46
702
198
54
954
82
470
182
723
9
785
208
440
886
240
613
985
726
758
306
461
918
51
949
305
170
963
996
359
835
778
617
242
614
209
144
703
281
392
568
730
597
992
19
106
671
766
207
409
749
526
771
601
420
241
631
803
779
408
145
986
977
0
719
29
722
377
5
565
664
337
381
23
3
335
619
146
400
754
439
1018
37
113
750
10
917
1
598
745
344
689
632
21
22
690
600
721
751
376
753
336
720
599
520
621
532
558
531
493
567
399
752
566
471
552
584
457
368
534
367
4
595
620
596
459
502
535
503
458
585
489
460
563
553
564
521
525
586
492
491
490
587
589
524
554
522
523
557
588
555
556
