437
335
364
765
12
362
760
541
351
762
775
498
603
571
631
345
649
650
40
545
517
549
611
614
566
515
109
324
595
544
193
583
422
569
674
568
108
444
169
103
513
420
618
122
143
195
641
516
421
35
669
63
585
142
621
602
508
51
223
43
536
41
567
312
105
591
36
726
764
251
100
87
138
572
610
449
505
646
556
392
451
95
675
45
698
590
224
69
477
761
166
472
696
70
479
613
642
529
225
90
99
88
48
91
50
98
47
49
37
724
77
197
75
38
64
670
76
557
96
104
78
450
334
46
306
73
68
94
92
93
79
65
74
97
66
72
71
67
