-0.041770935
-0.17032051
0.08388996
0.09374428
-0.09713459
0.026758194
-0.0647974
-0.039752007
0.097001076
0.13954926
0.067341805
0.010231018
0.06742382
0.42931557
-0.096731186
0.11079311
-0.16419792
0.07285023
0.08014774
0.12876987
-0.010733604
0.1735487
0.008038521
0.17091942
0.07825947
-0.06777096
0.010818481
0.07932663
0.018612862
0.042617798
-0.006752968
-0.062309265
0.016284943
-0.035139084
0.36457968
0.6013279
0.25935745
0.12531757
0.47343874
0.116140366
0.044540405
0.29661083
-0.1528225
-0.9216347
-1.3422031
-0.35569382
0.4253726
0.49008465
0.5269246
0.097210884
0.21304226
0.016958237
-0.013845444
0.102713585
-0.058532715
-0.0030412674
-0.25548458
0.057779312
-0.002702713
0.26980686
0.21188164
0.15126991
0.6684451
0.55077887
-0.36890316
-0.19143581
0.56932926
-0.052963257
0.43853474
0.3763485
0.09463215
-0.43027592
-0.75464344
-0.11777115
-0.8003416
-0.2983179
-0.45310974
0.42879486
0.23288727
-0.50238895
-0.41339397
-0.28633118
-0.077082634
0.25754166
-0.042752266
-0.06280422
-0.45132923
0.09435272
0.059138298
-1.2188044
-1.0218201
-1.1115141
-1.3580294
-0.8512478
-1.0361738
-1.1476517
-1.7491083
-0.7244425
-0.4849949
-0.38329697
-0.3135357
0.089351654
0.086977005
0.7649574
-0.104896545
0.53025246
0.53818464
1.0984325
-0.45275974
-0.43250942
0.34437943
0.19443989
0.17322254
-0.36791706
-0.9606867
-1.1325846
0.094041824
-0.95306396
-0.84797764
-0.4760418
-0.5053797
-0.41322994
-0.4102993
-0.7993946
-0.46407413
-0.4439392
-0.36384106
-0.41716766
-0.24608898
0.1677351
-0.5769739
-0.08485699
0.38792324
0.49845982
0.14604187
1.2529178
0.52699375
-0.69307613
-0.5838213
0.27729416
-0.028276443
-0.08833122
-0.45637608
-1.1072874
-0.6054001
-0.50551987
-0.022788048
-0.23360538
-0.07979107
-0.2795601
-0.40344524
-0.3947668
-0.29604912
-0.3522768
-0.06956673
-0.008004189
-0.31010628
0.27486324
0.003165245
0.14787865
0.09426212
0.490582
-0.08814049
0.19456673
0.43175507
-0.4785719
0.44285393
0.58134174
-0.017738342
-1.0606422
-0.4859867
-1.0750399
-0.18689442
-0.19996548
-0.31120586
0.20406437
-0.31008244
0.0012388229
0.2937641
0.30395985
0.17027569
0.48760462
0.2572403
0.01695919
-0.0073690414
0.08716869
-0.17696667
0.31697178
0.06961632
0.12521935
0.008804321
0.5553751
0.04729843
-0.5285616
0.17534924
0.16496658
0.27098465
-1.6685829
0.22348976
-0.26290417
-0.048464775
-0.33402443
-0.06823349
0.025743484
0.11308193
-0.25051308
-0.12600708
0.019472122
0.27220535
0.21255589
0.37218285
-0.10286617
0.1746378
-0.027298927
0.050127983
0.22834206
-0.08318615
0.13762474
0.34477043
0.4560871
0.27478313
-0.71667767
-0.094843864
-0.39339828
-0.0031814575
-0.2289648
0.33226395
-0.034932137
-0.45942783
-0.12481785
-0.2386074
-0.12521267
-0.112817764
-0.15384293
-0.109788895
-0.009096146
0.04516411
0.18235493
0.14170456
0.35777855
0.14923191
-0.27630997
0.07599735
-0.16518211
0.022011757
0.40982723
-0.0006570816
0.49799156
0.25749493
-0.007507324
0.09594345
-0.91741276
0.42236757
0.2398758
-0.02008915
-0.60542774
-0.956522
0.07313824
0.15183258
-0.12191677
-0.029278755
-0.027086258
0.21424675
0.5215359
0.1983509
-0.10626221
0.49537086
0.65722656
0.4297018
-0.02088356
-0.024479866
0.16596222
-0.023179054
0.21567154
-0.01462841
0.23670101
0.6513176
-0.1754179
-0.31986713
-0.33838654
0.16842842
0.5017581
-0.39287472
-1.2455635
-0.3945074
0.4277115
0.1627779
0.4820032
0.53640556
0.775547
0.42962074
0.5019283
-0.30931473
0.2421608
0.44554186
0.29654598
-0.02598381
0.091347694
0.027439117
0.15448189
-0.09022617
0.008823395
0.03038311
-0.0025672913
0.34078312
-0.8420687
-1.473505
-0.27746105
0.69528913
0.09626293
-0.0641737
-0.88195324
-0.090335846
1.0148015
0.3522749
0.3935032
0.3889265
0.6984358
0.39082193
0.03609562
0.2058773
0.41757584
0.28984356
0.11935234
-0.24332047
0.15445232
0.07679939
0.025592804
0.18870735
0.24635029
0.31121826
0.12373638
0.22595596
-0.8048992
-1.4627867
-1.2149134
0.5320029
-0.00223732
0.46473503
0.011582375
0.24131012
0.6523285
0.43995905
0.066791534
0.1146822
-0.09929657
-0.2757759
0.074952126
0.24034119
0.13236618
0.60233307
-0.20446491
-0.054094315
0.18482113
-0.051522255
0.30065536
0.018826485
0.571507
0.81157017
1.0118356
0.87106276
-0.3879385
-1.6651316
-0.73340034
0.15725613
0.54039145
0.44518185
-0.046928406
0.78173065
0.2612753
0.069628716
0.055501938
0.09084797
-0.059915543
0.018953323
-0.110165596
0.11780739
0.25180435
0.26384926
-0.23635292
0.05514145
0.0067777634
-0.009732246
0.2750044
0.25957775
0.08806324
0.54264355
0.51462126
-0.4281664
0.06194687
-0.6686659
-0.1528883
0.46479893
-0.061875343
0.70926714
0.49191236
0.08385944
0.2446661
0.16391945
-0.16176319
-0.21015453
-0.006132126
0.069955826
0.37252188
-0.08357334
-0.009379387
0.3177166
-0.08065319
-0.2375145
-0.04933262
0.04925728
0.075325966
0.12810612
-0.13080025
-0.086156845
-0.33867455
-0.24630356
0.7154064
-0.16627026
0.5845952
0.56603146
-0.78755474
0.26628685
0.40854883
0.05635929
-0.29237175
0.19603729
0.4628539
0.35944557
0.14499569
0.18357754
0.07753277
-0.046476364
-0.008638382
0.0029325485
0.008453369
-0.001666069
-0.21449852
0.1483841
-0.11532974
-0.1619749
-0.37276554
0.017773628
-0.56366444
-0.6911535
0.16020012
-0.6120148
-0.40820026
0.051900864
-1.0471745
-0.8719168
-0.3789215
-0.00016021729
0.18479538
0.6661887
1.008781
0.89222383
0.23997879
0.07841015
0.22479534
-0.28691196
-0.036050797
0.1277008
0.4304633
-0.032374382
0.062218666
0.013166428
0.3251524
-0.051223755
-0.12688732
-0.2548685
-0.54292107
-1.2184248
-1.0869064
-1.3276062
-0.16025257
0.09693146
-1.181077
0.21230412
0.07187462
0.19632053
0.5290046
0.5929699
0.82905483
1.2444153
1.1218982
1.1964507
0.8520036
0.5854392
0.5827174
0.6630883
0.3405857
0.14807129
0.0005836487
-0.023953438
0.25820446
0.23257256
-0.22600746
-0.29306412
-0.3900938
0.21359253
0.09673309
-0.07137108
-0.22061062
0.37312603
-1.0852184
0.11462593
-0.29093933
0.14478016
0.14642143
0.22944641
0.5383072
0.72500277
1.3125734
1.1513944
1.4092741
1.4208536
1.0270023
0.54782677
0.19441414
0.020141602
0.014632225
0.08064461
-0.21927357
-0.014268875
-0.36570358
-0.25815487
-0.073747635
-0.3717451
-1.004178
0.5720625
-0.75619125
0.11632633
0.4063406
0.5254302
-0.41365528
-0.05294323
0.130229
0.07482433
0.13057709
0.11843109
0.13001537
0.2552271
0.18290329
0.41124868
0.17161274
0.17380142
0.06500816
0.017001152
0.19446087
0.031586647
0.13473225
-0.18665123
-0.08462429
-0.2539692
-0.090929985
-0.62817
-1.0385923
0.025995255
-0.23976994
0.01575756
-0.14536572
0.26665688
-0.70421886
-0.3982048
-0.16052532
-0.562603
-0.52023315
-0.574811
-0.5432997
-0.39482594
-0.3229828
-0.21773338
-0.26648998
0.08774471
0.09932995
-0.05128765
-0.010482788
-0.14487267
0.09112072
-0.3687687
-0.1589508
-0.30617332
-0.5454941
0.2380085
0.020663261
0.78090286
0.31437206
-0.15924549
-0.8902168
-1.7461929
-0.9254074
-0.40482903
0.22457981
-0.2554388
-0.21896267
-0.1017437
-0.2036047
-0.1841898
-0.09989834
-0.07386112
0.0825758
0.21457863
0.1448927
-0.054032326
0.18079758
0.038989067
-0.27554035
0.21199226
0.25613308
-0.42482185
-0.28079605
0.5251322
0.07832718
-0.696126
0.23898983
0.08477497
-0.14438152
-1.3344898
-0.6401901
-0.12054348
-0.14863205
0.0018453598
-0.043042183
-0.06078911
0.082494736
0.00010108948
0.28144073
0.05300522
0.11742115
-0.02715683
-0.059197426
0.09271622
-0.0014514923
0.2822647
0.15079594
0.049077988
0.5434246
0.28221893
0.0060653687
0.6034255
-0.18260193
-0.7275915
0.3273859
0.0775156
-0.09117699
-1.2890711
-1.3040771
-0.95033073
-0.42088604
-0.5914602
-0.46568394
-0.09281254
0.4644909
0.43536568
0.26716805
0.15495491
0.028695107
-0.06401253
-0.2444315
0.112044334
0.15358639
-0.05185032
0.13595581
0.43376637
0.81153154
0.48394775
-0.042027473
-0.5571985
-0.6215
-1.8453417
-0.15141582
0.02862072
-0.09477711
-0.40964985
-1.2284279
-1.0726442
-0.24494362
-0.6241741
-0.39395237
-0.009254456
0.1830492
0.023818016
-0.012816429
0.00020217896
-0.27840233
-0.23000145
0.15336132
-0.09296799
-0.41856384
0.42703152
0.49121952
0.45940065
-0.20780659
0.36704922
0.122078896
-1.3069639
0.3496771
-0.48722267
0.16341782
-0.1191206
-0.17367935
-0.6332922
1.4349866
-0.38869286
-0.5925293
-0.59467316
-0.7225256
-0.841753
-0.5649233
-0.38605022
-0.16571045
-0.5767021
-0.23294926
-0.1454897
0.08532715
-0.21141624
-0.37917805
-0.34148693
-0.5280018
-0.053001404
0.37675905
0.3062172
0.07709503
-1.2936325
0.83072996
-0.5405884
0.121032715
-0.20015621
0.028629303
-0.12591743
-0.06746769
0.59787273
0.10954857
0.63317394
0.05916214
0.32787228
0.13977337
-0.095217705
-0.10682297
-0.1449995
-0.55442524
-0.06291485
-0.5519085
-0.6449337
-0.47273827
-0.4749794
-0.6105957
-0.28866196
-0.17948914
0.4721613
0.963068
-0.1142807
-0.46469212
-0.088796616
0.19405556
0.22948933
-0.011146545
-0.124222755
0.08997822
-0.13737297
-0.12059307
0.40142202
0.47739506
0.016309738
-0.21386051
-0.3613243
-0.4790411
-0.26598358
-0.30509472
-0.114604
-0.0496912
0.13162708
0.17298412
1.1092854
0.15685749
0.36765623
0.023488998
-0.036665916
-0.36780834
0.12375927
0.06341934
-0.18940163
0.009851456
