0.06446409
0.1106534
-0.19278848
-0.13086653
0.029013038
-0.11158955
-0.036013722
0.09471011
-0.18442631
0.030714393
-0.2187916
0.12833464
-0.3886813
-0.67387426
0.20768523
0.18921971
0.064391255
-0.05474615
-0.04824984
0.020612717
-0.00030899048
-0.22166073
0.22280777
-0.21923637
0.08648431
-0.03396833
0.09500766
-0.15408516
0.05269003
0.13022673
-0.07574034
0.03840971
-0.038808823
-0.10088277
-0.56662023
-0.9314722
-0.90434134
-1.1707977
-0.7529665
-1.0751022
-1.2984937
-0.89747727
0.6496063
0.24135423
-0.11754775
-0.34779477
-0.46617758
-1.1458083
-1.1087688
-0.536543
-0.8862647
-0.59896505
0.047818184
-0.09936702
-0.13268697
0.15203226
0.15584707
-0.13031244
-0.21335053
-0.07009959
-0.45451868
-0.098398566
-0.62045145
-0.9668884
-1.050691
-0.6724409
-1.3656884
1.0897895
-1.2117575
-1.2368885
-0.4853207
-0.16778946
-0.0031692982
-0.063531876
-0.39141095
-0.18353724
-0.3113588
-0.9620427
-0.99271
-0.70327103
0.010748029
0.14578593
0.046447158
-0.06901324
0.084474325
-0.087860584
0.055388093
-0.4895748
-0.48859584
-0.046566367
-0.56676686
-0.6141623
-0.0965873
-0.4605986
-0.09599924
0.03266096
0.29114234
0.02465713
0.10706496
-0.083917975
-0.16453671
-0.09106672
-0.09596741
-0.0315454
-0.40103912
-0.4954356
-0.41285765
0.91043496
-0.045096517
-0.08312011
-0.23856258
-0.06384277
-0.12670505
0.021205783
0.35913765
0.1366781
0.56335425
0.4325503
0.31194055
0.1437285
-0.24778497
-0.26401043
-0.40321982
-0.2544384
-0.30887163
0.042315483
-0.4679742
-0.32845068
-0.29967105
-0.24195242
0.2096231
0.22142792
0.16580462
-0.0030623674
0.15778089
-0.28265274
-0.34451997
-0.033819914
-0.5255188
-0.6538371
0.072337985
-0.039696217
-0.24929166
0.21889126
0.8224213
0.53930724
0.047583222
-0.1916492
0.0968281
0.21349096
0.02265215
-0.3311056
-0.14284062
-0.2432431
0.0048257113
0.12832189
0.047742605
-0.14637792
-0.14129734
-0.19976854
-0.22021759
-0.46718562
0.05636716
0.2584182
0.21319556
-0.00703907
-0.8292228
-0.34719145
-0.11587906
0.20487332
0.32353652
0.8621054
1.1107376
0.8199886
0.13394308
-0.011430979
0.15637553
0.07515812
-0.13165271
-0.08049166
0.0675267
0.006189823
0.11249471
0.41244805
0.2192918
0.31178606
0.009208798
-0.28127432
-0.280617
-0.1750437
0.060449123
-0.29359865
0.14884877
-0.034630418
0.58443666
-0.7222885
-0.07043648
0.45775998
0.43757188
0.49130416
0.09444654
0.12432134
-0.0069617033
-0.077255964
-0.21185315
-0.13383949
-0.06867111
-0.021749854
0.11978018
-0.0066660643
-0.049495816
0.13305104
0.11980486
-0.08308256
0.12808633
0.0030962229
0.05560386
-0.18589044
-0.34186983
-0.34262872
-0.26193154
0.14650345
0.6358781
-0.20489788
0.1847961
-0.09053743
0.35690713
0.011687279
-0.12897396
-0.33589184
-0.20614648
-0.055081606
-0.15937698
-0.0050514936
0.081452966
-0.09133923
-0.016675591
-0.0827024
0.14400804
0.107435584
-0.04602754
0.045794845
-0.03977573
-0.2205913
-0.18307889
-0.22106242
-0.16349673
-0.71431696
-0.8817836
-0.29074538
-0.8193008
-0.5112225
-0.62051666
-0.10170424
0.40090084
0.1758647
0.26238012
-0.1720159
-0.27603793
-0.040531993
-0.15251374
0.047623277
0.14000785
-0.0943625
0.08209145
0.1608653
0.25120533
0.21527147
-0.16157591
-0.16722679
-0.044039488
-0.33633792
-0.1390152
-0.25189888
-0.26841724
-0.6479536
-0.89766943
-0.48100054
-0.8905145
0.96727556
-0.21346545
-0.14902723
0.79788387
1.1194317
-0.23922694
-0.2387451
-0.40288925
-0.17122126
0.14133263
0.36079288
0.071992874
-0.18052995
-0.2402687
0.07828033
-0.27446973
0.32686567
-0.08958697
-0.11324048
-0.3643912
-0.07028878
-0.40854752
-0.5017971
-0.3850398
-1.1784931
-0.9627546
0.9768723
0.3053683
0.089767694
-0.077017784
-0.24844003
0.83037627
0.54885113
-0.3811412
-0.79486644
-0.3444885
-0.2392478
0.18349504
0.2882328
0.009669781
-0.06666565
0.47331238
-0.35902953
-0.36503267
0.04016781
0.20986402
0.0031670332
0.022756577
0.03551197
-0.17947555
-0.4947871
-0.5462011
-1.3735813
-1.5844477
-0.07731342
0.20362353
0.642969
0.37228906
0.30508304
0.5633795
-0.47919977
-0.5650822
-0.743008
-0.18767858
-0.078081846
-0.23278844
0.003440261
0.3060608
0.17032588
0.16194856
-0.15761268
-0.0131073
0.1106329
0.23585057
-0.04635322
-0.35565376
0.123834014
-0.18162227
-0.76453316
-0.8217648
-1.6060554
-1.9407426
-0.7389544
0.31804585
0.8137258
-0.2549584
-0.21211064
0.23215187
-0.4712094
-0.32194364
-0.047174215
0.5433434
-0.070465565
-0.18872213
0.0077964067
0.49768722
0.07702005
0.16184068
0.022473454
0.18063605
0.08944261
-0.11149311
-0.33870292
-0.19564724
0.025111675
-0.095431805
0.111934185
-0.5197123
-0.5942215
0.14543474
-0.64333427
0.29008782
0.060415745
-0.13996589
0.60615647
0.12481463
-0.11220157
0.84088725
0.37642193
0.027810216
-0.17018104
-0.31948555
-0.29887688
0.00758934
-0.099622846
0.16956317
-0.20349896
-0.011233568
-0.17917144
-0.17036343
-0.41415894
-0.21785438
0.021974921
0.37733305
0.02406001
0.5189638
0.48740292
0.56771636
0.0025820732
0.81179357
0.018963099
-0.053768516
0.42234266
0.81366616
0.40863812
0.5266136
0.5891099
0.091905236
-0.00082075596
0.05578375
-0.21977162
-0.026924372
-0.27582192
-0.18366551
0.1675291
0.1000247
-0.2732513
-0.086592674
-0.2935964
-0.4129511
0.15094364
0.5068182
0.5962425
0.5928898
0.9266088
0.6050139
-0.10380244
1.1265478
0.5541358
0.27102554
0.08450115
0.6746946
-0.38927495
-0.2476269
-0.1722939
-0.20062184
-0.41896474
-0.14805567
-0.050534725
-0.11837852
-0.42674363
-0.1226207
-0.09763241
-0.16237104
0.15922189
-0.08774328
-0.5085989
-0.49117005
0.43263185
0.63356847
0.68236357
0.8381728
0.2034539
0.53764355
0.69888556
1.3732556
0.07008445
-0.007545352
0.3562678
0.6130595
-0.82010937
-0.6102115
-0.69362247
-0.47210467
-0.43856514
-0.8692516
-0.6696545
-0.22567534
-0.1875298
-0.52278197
-0.15393317
-0.039607048
0.40458965
-0.10421002
-0.24434221
-0.2469734
0.44261873
0.26480353
0.6012106
0.24903607
0.2530582
-0.12661374
0.20003557
0.25290418
-0.8128592
0.1764065
0.38471198
0.767778
0.22086549
-0.2467351
-0.29532075
-0.4750371
-0.4899211
-0.66977227
-1.3484269
-1.245655
-1.1444875
-1.079007
-0.7226175
-0.057886243
0.124203324
-0.1800965
-0.42835653
0.020877004
0.35368562
0.26526594
0.76615465
0.1465925
-0.3030647
-0.43928802
0.2616645
-0.17364085
0.74798995
-0.24979413
-0.4711238
-0.07567179
0.87848854
0.21850038
-0.15078032
-0.29587412
-0.3720106
-0.53701365
-0.54442203
-0.5556321
-0.29145432
-0.7335328
-0.3803947
0.21204972
0.10266757
-0.0860455
0.069384694
-0.008545518
-0.1253922
0.13748968
0.23870397
-0.1402986
-0.5068308
-0.3832755
0.10259223
-0.37406683
0.30786085
0.038637757
0.3242092
0.3277588
0.792642
0.44993126
0.15840709
-0.095338345
-0.3011608
-0.13187051
0.017181158
-0.059197187
0.18210173
0.002387762
-0.16984808
0.16802883
-0.019701004
-0.05667913
-0.10915208
0.012984514
0.120551825
-0.12857771
-0.22006392
-0.2847767
-0.5374547
-0.66765535
-0.26367402
-0.6624707
-0.40979755
-0.063393
0.64091516
0.4940573
0.07991958
0.13891244
0.039821506
-0.434986
-0.48458397
0.106144786
-0.012735128
0.12835956
0.106643915
0.13535774
-0.10253894
-0.35495615
0.0009788275
0.12814617
0.45845938
-0.02875948
-0.23026371
-0.57750475
-0.25546968
-0.29263675
-0.5553752
-0.5535103
-0.3879038
0.0389328
0.06672859
-0.10859811
0.14486611
0.5539676
0.19303787
0.01589632
-0.29434586
-0.5796741
-0.42531455
-0.010547757
0.1152488
-0.15457511
-0.05614412
-0.08318007
-0.1989708
-0.49094188
0.015237451
0.25286973
0.5331316
-0.07457197
-0.096892476
-0.27263105
-0.24704313
-0.48550844
-0.8883033
-0.9855648
-0.5997013
-0.03434205
0.04201281
-0.066172004
0.06972957
0.6831721
0.8603537
0.9154065
0.26142883
0.2017169
0.5608916
-0.26501536
-0.22341168
0.01835835
-0.086894035
-0.5064753
-0.50750935
-0.2464968
0.013157368
0.56849635
0.48555565
-0.07483375
-0.5822948
-0.8767501
-0.73725235
-1.219164
-1.0990783
-0.6486007
-0.2460059
0.9477744
0.076135635
-0.11604166
0.18665004
0.20975518
1.0129764
1.3581465
1.4001322
1.2212269
0.66863656
-0.07459426
0.13006032
0.0014101267
-0.40292442
-0.6108867
-0.53426325
-0.35462475
0.03813255
0.37504053
-0.035166383
-0.35636067
-0.6658777
-0.63992083
-0.0036832094
-0.6319088
-0.8664402
-0.37030494
0.3723675
0.43398368
-0.12909019
-0.07920492
0.069891095
0.31116247
-0.13045931
0.91469544
1.3338637
0.68571717
0.6910516
0.5041777
0.27498233
-0.0927093
0.24912035
0.007802725
-0.18400657
-0.12103546
-0.3838948
-0.27386498
-0.31683052
0.108377814
-0.25580347
-0.15542996
-0.13764775
-0.18879282
-0.297871
-0.197209
0.0131253
0.41086102
-0.20810044
0.13458002
0.121543884
0.05831039
0.19503021
0.1525526
0.45138466
0.5416355
0.16536427
-0.011807442
0.07199252
0.21603179
-0.2552067
0.42855656
0.3304566
-0.027042985
0.47434735
0.030923963
-0.13412356
-0.03178954
0.22165978
-0.10244131
0.020527244
-0.20002246
-0.7081107
-0.20287228
-0.03603053
0.11728859
-0.10613799
0.0017421246
0.09172034
0.022555709
0.0033478737
-0.2446897
-0.07887983
-0.19602203
-0.5501498
-0.32263458
0.3878876
0.44473934
0.15676689
0.46666563
0.3893515
-0.16715932
0.19221294
0.48789585
0.8186944
-0.29255843
-0.20990002
0.03435552
-0.026966214
0.029754639
0.5756978
-0.16359925
0.12754774
0.102506995
0.030250192
