224
368
44
98
416
638
503
309
302
45
370
561
639
69
108
415
775
614
605
142
732
640
399
618
452
742
591
386
624
97
475
307
666
189
417
59
42
285
396
39
263
43
101
444
114
125
504
201
697
264
41
134
40
132
453
62
387
651
371
190
480
293
565
127
373
743
340
360
690
481
131
619
206
554
425
397
398
455
483
121
733
465
400
572
698
612
159
774
367
559
126
297
109
456
592
240
758
86
158
244
382
622
220
282
642
303
385
357
128
230
637
363
63
669
413
233
526
414
681
232
588
202
100
768
423
381
55
702
650
769
174
520
130
641
345
536
329
771
150
239
450
615
372
670
752
24
776
427
564
512
498
661
668
674
685
279
358
162
443
731
216
320
218
21
330
484
633
492
410
636
212
273
18
31
726
725
662
245
734
391
404
708
234
679
290
729
219
509
112
2
272
625
584
474
217
505
750
709
364
547
634
56
129
601
87
420
454
544
607
519
635
660
569
448
553
428
467
342
540
291
756
611
237
667
119
678
0
767
765
589
649
10
478
528
156
30
755
76
75
782
325
339
431
533
552
369
238
52
221
580
715
597
14
673
543
292
770
235
4
487
643
58
107
606
573
344
77
300
319
447
583
603
727
318
576
751
672
663
441
68
25
469
449
647
687
595
225
179
84
694
476
686
599
653
753
299
773
32
486
316
616
440
141
652
140
255
265
699
85
525
665
29
207
497
336
54
459
577
419
335
608
762
57
161
296
275
658
724
587
271
298
154
610
157
700
515
629
600
176
438
621
728
654
186
493
494
781
632
118
560
766
236
578
257
15
392
53
315
556
596
442
701
590
354
626
321
464
550
7
211
551
496
120
151
9
432
579
26
585
262
6
241
426
623
458
409
146
777
421
511
401
620
28
180
196
574
261
628
384
287
527
439
215
301
20
13
754
546
759
365
1
270
178
460
27
617
185
181
294
17
252
8
402
682
188
627
567
256
571
19
764
457
689
575
581
671
645
482
83
205
418
706
343
659
604
349
168
204
523
586
269
631
539
704
243
657
182
695
23
266
259
630
757
532
326
472
203
81
522
429
149
477
705
466
524
521
582
570
348
529
5
422
143
730
683
99
3
122
169
22
737
479
113
359
328
247
82
445
228
183
11
111
710
61
693
558
374
104
246
305
383
286
707
135
341
508
191
684
34
337
260
772
613
165
568
376
51
267
501
744
268
446
65
703
760
406
594
36
124
327
644
499
470
598
200
780
213
646
549
537
175
609
160
763
473
280
741
70
548
407
545
258
514
495
714
110
740
33
229
375
680
304
403
153
485
723
713
746
353
778
274
507
510
602
388
433
16
518
531
80
152
155
248
148
488
173
242
435
538
593
12
276
346
656
655
350
38
490
783
94
489
500
66
393
331
210
378
436
749
688
356
412
308
284
424
761
64
187
461
283
194
513
74
103
281
664
209
226
