193
690
454
156
477
541
712
658
369
710
440
298
553
632
692
654
294
703
106
769
224
688
620
76
694
753
767
367
394
505
264
94
603
92
223
629
568
719
682
358
315
709
185
412
335
434
460
612
680
606
404
130
182
722
636
104
607
635
777
567
218
263
573
524
184
399
57
105
96
655
27
108
342
716
330
487
627
95
2
260
508
431
453
743
113
537
668
150
575
720
641
112
178
584
534
3
539
509
23
780
119
197
208
72
61
326
667
670
169
58
44
32
511
116
571
604
325
312
526
731
628
324
681
110
212
721
307
645
741
507
190
569
482
538
432
355
554
517
240
204
82
545
479
609
351
205
392
192
674
168
455
158
425
749
262
235
420
718
708
426
33
85
585
570
131
763
699
461
421
649
484
488
556
206
397
773
600
581
167
379
346
764
133
383
213
572
237
613
577
291
498
301
273
329
514
574
245
542
293
552
782
316
750
411
370
467
373
486
439
233
430
428
352
470
337
615
748
489
132
427
499
289
102
637
495
267
555
288
689
177
236
149
270
28
565
599
353
566
403
261
30
401
402
295
597
711
162
592
207
593
297
696
407
580
217
669
551
729
378
458
596
413
164
374
442
766
456
20
483
6
234
452
357
0
707
527
109
343
583
578
701
638
591
643
241
216
406
377
781
385
186
135
97
510
84
101
747
375
43
380
376
462
318
73
671
562
140
395
619
214
265
9
287
209
516
783
429
1
161
55
292
327
610
422
344
56
189
650
99
314
598
768
160
543
762
544
611
485
165
400
560
493
311
239
754
625
398
433
515
19
740
582
11
321
310
266
320
756
481
435
528
776
59
322
163
480
134
159
673
268
210
471
285
523
561
296
384
414
317
765
504
415
173
323
675
490
546
393
319
589
103
382
143
779
348
363
445
42
405
22
98
243
437
242
338
244
272
388
238
350
614
356
372
451
725
187
416
345
347
271
640
457
443
679
283
269
354
396
464
188
200
647
648
704
423
371
299
706
491
618
557
521
14
114
646
494
702
506
530
465
424
81
172
472
328
144
732
450
282
444
590
254
300
733
676
199
698
726
677
639
529
279
705
80
586
559
389
170
473
478
501
678
734
417
390
226
171
419
198
558
475
447
531
391
697
474
446
418
