556
555
523
588
650
617
598
586
651
587
180
414
491
181
380
669
224
286
618
723
213
191
585
168
345
630
956
149
187
990
318
619
649
52
927
161
225
348
381
805
620
771
837
313
724
793
955
214
193
162
825
167
148
636
670
949
195
1018
38
83
732
154
668
554
959
652
996
192
12
545
13
85
179
637
774
457
285
482
667
803
701
838
478
312
543
574
72
134
605
611
84
11
265
351
635
147
448
136
106
219
51
185
4
861
53
151
515
382
487
86
575
644
199
960
188
743
604
450
10
316
317
806
663
964
22
479
991
40
246
1023
983
196
804
989
116
173
413
871
217
1020
739
9
143
255
3
15
925
447
25
117
110
869
794
1019
856
963
158
729
705
765
766
923
445
68
985
319
792
735
573
733
115
939
156
953
221
186
895
250
549
174
105
118
916
700
121
514
541
82
489
446
761
114
513
610
120
220
184
957
707
870
986
922
772
872
966
477
836
770
510
55
256
288
135
997
675
67
350
958
1007
995
142
292
547
218
672
830
133
54
638
839
383
738
104
643
867
103
857
512
379
323
456
631
1021
673
862
126
987
378
78
924
137
954
451
961
359
629
287
902
42
994
325
43
609
906
835
907
91
876
680
20
415
349
905
458
45
183
475
1022
57
798
679
155
127
570
671
854
648
443
34
14
416
230
711
0
261
544
321
108
674
296
577
160
21
98
572
890
71
875
603
965
578
77
799
607
509
606
125
988
412
773
419
253
320
642
917
979
946
229
26
697
599
940
455
734
998
866
891
474
546
107
138
254
742
892
893
926
89
993
231
101
971
233
227
165
868
932
937
212
232
449
62
411
483
710
122
538
140
75
353
579
686
634
834
194
676
740
755
244
245
95
59
842
281
801
249
802
967
855
453
264
843
410
284
608
886
775
248
201
202
936
539
685
829
384
50
94
69
900
542
176
1017
356
481
166
831
999
548
291
664
203
44
908
769
597
8
764
169
485
389
662
141
119
796
17
46
981
888
800
898
863
322
706
30
208
828
132
826
263
767
962
484
731
33
797
19
36
827
486
452
73
7
222
198
23
425
639
894
357
859
159
934
66
506
933
763
889
666
612
123
975
93
821
480
27
708
744
327
2
352
909
130
295
704
206
874
29
251
182
952
654
189
858
454
6
41
702
131
833
948
37
258
903
476
252
259
355
698
947
571
47
150
128
887
901
60
239
824
760
730
974
832
240
257
1000
677
970
873
681
223
1008
92
517
61
897
737
228
190
88
982
294
324
266
175
929
754
163
99
566
207
421
511
387
262
616
699
76
678
762
226
712
822
96
550
841
5
910
423
144
112
768
950
682
171
417
215
79
290
35
157
860
152
980
24
646
576
921
695
129
938
172
915
978
951
641
969
741
725
653
1
153
70
56
326
790
145
90
984
1012
170
884
65
569
197
418
146
811
807
912
280
853
283
63
390
845
297
293
64
200
97
32
1002
844
139
930
815
935
74
391
809
885
810
344
914
237
518
507
814
791
18
1014
757
177
602
584
102
840
282
785
944
640
442
736
388
647
39
756
358
87
728
899
1001
488
928
113
812
1015
786
896
632
795
920
520
846
877
777
580
124
931
58
235
234
28
505
444
537
81
100
813
211
377
976
48
376
420
904
1016
823
490
164
1013
314
328
516
385
709
645
865
778
386
260
883
696
942
911
943
109
722
178
519
864
918
209
703
346
289
552
816
111
473
204
551
49
581
919
540
968
1009
16
776
613
247
354
1011
692
601
808
880
216
941
205
553
236
779
243
972
852
945
628
238
1010
508
817
422
713
441
409
600
614
973
210
80
727
424
992
787
615
977
665
426
660
784
590
745
392
691
633
31
780
360
694
747
241
583
568
788
789
1003
276
693
439
582
683
746
759
820
781
913
684
882
881
408
753
272
818
621
298
522
521
267
471
1006
536
393
440
459
715
850
655
782
407
748
567
504
851
242
878
758
714
271
717
278
589
622
716
879
315
687
277
502
273
470
659
1004
718
268
438
309
749
819
270
557
361
299
783
752
472
726
656
300
279
565
1005
305
308
690
275
534
751
661
269
372
302
437
301
306
535
304
849
469
329
719
303
750
503
347
721
274
307
330
501
310
533
311
338
720
847
848
405
627
339
463
333
596
343
340
658
334
337
336
688
375
564
689
500
468
370
435
406
365
623
436
404
335
464
369
332
657
398
403
341
402
467
371
624
431
434
394
401
499
496
373
532
427
342
430
524
366
368
460
362
433
625
497
498
432
466
331
465
367
400
558
399
531
397
374
626
492
595
591
429
428
462
563
396
364
592
461
395
525
363
495
530
594
593
528
529
560
493
559
562
561
494
526
527
