285
235
109
204
659
310
190
608
412
325
681
205
575
150
98
426
176
521
208
275
237
479
11
598
301
152
123
652
597
527
483
245
179
185
99
657
683
266
1
525
599
692
177
507
82
456
145
600
582
487
469
127
633
528
433
244
758
410
212
264
728
151
782
511
654
540
428
560
552
406
455
217
214
149
201
486
188
739
326
464
186
577
183
465
19
271
714
125
161
526
783
206
352
498
656
265
481
737
780
429
260
632
669
311
17
252
159
513
631
701
74
524
298
241
754
764
711
626
601
132
629
94
467
100
491
413
470
354
594
411
672
639
441
154
153
653
300
168
6
648
607
437
366
175
630
89
270
767
617
163
340
781
32
27
280
509
641
415
133
485
9
439
472
157
463
119
57
482
554
484
468
207
685
588
444
379
578
495
436
409
775
568
606
384
3
779
187
242
765
140
112
777
480
458
744
603
215
750
496
367
23
677
602
471
605
680
43
263
494
510
182
126
537
776
682
294
442
54
532
243
269
400
268
500
184
492
289
314
655
155
385
313
712
101
747
424
715
762
686
708
567
158
421
535
561
230
457
382
585
356
321
536
625
181
339
353
581
296
493
719
679
760
92
189
291
216
580
395
768
396
73
374
579
164
316
383
778
319
438
178
497
273
402
716
624
505
297
423
477
710
293
288
156
592
317
623
113
539
333
219
72
414
688
449
337
772
743
138
348
287
753
290
346
335
401
566
375
191
499
342
102
173
742
103
247
706
292
647
604
197
587
315
253
713
718
738
709
165
45
347
320
392
533
393
42
223
443
416
251
108
370
745
318
281
312
343
222
135
37
769
39
675
116
420
341
707
284
746
773
104
674
394
220
529
371
192
724
761
40
741
717
703
305
722
369
534
422
90
723
41
250
38
110
137
670
105
221
304
194
88
362
107
278
106
276
249
136
642
248
306
277
193
334
