370
371
398
343
369
69
328
733
357
320
461
342
347
48
42
771
763
110
365
281
703
46
2
643
762
20
27
21
115
731
386
10
355
363
81
672
399
138
356
422
634
71
358
647
374
95
105
90
32
434
348
103
45
96
397
172
102
92
327
120
73
744
321
735
748
104
411
319
97
329
354
91
12
101
49
425
164
719
444
724
410
316
426
70
344
720
336
145
100
199
76
480
66
419
34
738
8
326
764
99
255
416
121
586
741
368
315
433
98
375
293
312
718
346
174
427
78
619
473
194
708
415
605
673
64
283
5
256
117
689
478
606
455
330
77
31
147
421
453
79
144
114
423
385
709
614
383
754
173
448
63
750
382
488
53
700
460
462
41
674
454
402
535
313
438
87
155
392
394
726
33
122
737
730
84
393
523
778
24
55
759
642
30
26
716
665
743
734
310
443
702
384
563
717
171
292
777
308
755
649
314
116
414
266
396
341
776
294
714
131
440
678
663
715
338
412
123
484
536
235
466
501
278
668
766
349
387
439
679
300
489
472
201
524
564
265
704
468
713
287
710
391
688
712
662
577
495
51
633
395
578
264
149
682
213
238
680
530
494
467
711
681
693
299
469
430
651
512
496
359
441
413
298
683
289
483
694
202
695
124
551
367
456
403
296
181
137
406
498
286
525
574
237
470
687
522
288
60
547
236
722
707
500
497
301
664
575
108
511
513
491
268
182
198
183
272
208
747
107
742
250
226
487
150
267
628
690
230
65
514
550
351
573
128
241
515
291
262
546
253
459
458
302
601
295
270
519
576
184
269
167
482
463
125
323
435
322
684
729
180
593
221
520
549
721
723
442
376
177
154
271
548
185
503
509
214
431
35
239
297
407
263
179
492
140
552
340
627
457
126
366
510
207
127
661
699
691
6
629
428
62
749
745
112
602
756
424
485
481
7
29
521
204
653
15
111
616
420
505
9
209
486
654
303
617
151
761
685
706
621
0
18
242
404
39
583
652
178
273
93
600
545
379
152
94
533
58
565
603
645
587
38
696
539
705
555
732
261
686
156
630
518
3
432
775
215
471
11
89
592
40
504
475
57
170
52
532
324
196
626
290
186
655
429
285
260
36
372
162
176
725
197
450
68
640
388
227
476
543
542
83
166
526
477
143
67
556
325
50
61
225
17
28
779
259
752
641
572
88
400
537
206
224
168
579
604
624
205
588
13
161
160
85
534
644
14
751
311
80
132
767
780
540
4
23
240
493
130
231
544
590
54
727
658
701
277
335
765
364
657
623
377
25
758
650
772
698
760
746
599
622
656
561
279
781
669
233
739
740
782
615
82
625
541
232
508
499
258
243
334
582
773
613
47
598
169
585
671
528
553
449
768
339
306
554
257
597
774
736
418
675
558
562
527
350
596
502
594
560
570
165
529
318
557
222
676
595
569
567
568
