466
434
498
626
467
623
435
591
363
397
364
430
405
529
465
651
373
497
654
372
561
593
530
463
406
436
365
468
462
622
340
433
650
341
652
331
655
594
396
374
625
562
394
395
332
404
659
431
362
627
429
495
592
437
300
683
371
438
658
398
559
685
653
333
974
402
494
684
560
403
307
682
330
624
1015
979
499
1005
464
299
301
329
1006
694
426
469
716
496
686
715
308
401
714
247
302
427
428
390
528
346
1007
850
455
662
139
943
339
872
973
914
487
551
269
975
342
370
713
15
233
980
660
47
851
813
1012
421
248
519
16
809
807
746
236
573
393
526
693
432
237
839
763
347
204
709
661
869
841
820
1014
425
679
731
981
606
1011
542
911
315
453
279
882
946
792
613
794
806
283
700
1013
423
147
422
48
808
775
574
446
823
698
681
485
874
748
298
261
252
678
777
189
268
673
1004
379
644
1016
717
705
883
266
161
543
907
80
667
628
205
726
230
910
63
575
148
510
12
641
389
840
704
902
321
845
870
253
291
357
411
232
130
796
122
290
476
825
17
112
190
309
1001
159
760
58
912
49
580
479
141
270
221
484
235
475
297
842
934
67
982
776
158
672
35
316
34
478
711
643
541
57
668
162
194
888
38
84
445
256
706
649
113
959
500
983
443
180
103
284
605
947
768
222
259
865
545
378
192
873
826
857
98
922
647
742
913
65
942
858
930
795
517
85
324
75
72
384
732
764
965
859
801
131
214
735
991
95
220
737
477
994
18
260
507
116
927
821
352
115
856
504
288
819
810
791
1023
890
104
229
707
708
773
127
924
838
473
149
915
656
854
744
137
199
40
138
267
73
90
926
350
1022
13
323
486
774
511
46
88
583
730
867
452
671
74
828
962
351
135
969
892
355
383
847
25
153
83
380
527
20
868
157
637
544
71
225
121
889
536
353
900
320
829
674
292
804
891
89
126
960
96
837
932
508
929
581
251
234
670
990
743
899
928
702
160
134
549
198
896
26
59
328
375
168
197
173
642
447
516
767
217
356
925
52
287
306
611
846
314
799
271
638
44
822
354
325
615
39
227
640
639
385
676
578
31
125
963
618
319
201
184
675
107
958
124
906
154
244
515
710
451
418
123
70
117
97
984
91
576
206
41
102
740
607
203
419
448
136
21
8
703
191
177
128
901
129
219
904
957
772
666
226
246
734
956
976
881
852
118
105
933
898
992
937
608
27
79
264
416
213
132
800
646
183
311
68
830
2
212
317
55
258
106
33
36
1020
32
954
875
43
318
99
923
955
188
223
81
64
1010
66
945
454
996
9
152
171
879
590
514
250
167
895
140
6
866
322
461
163
832
897
187
293
450
414
156
831
92
988
736
908
509
993
413
386
238
391
814
196
827
501
254
193
699
798
282
987
645
1021
793
101
778
903
348
19
166
797
30
224
56
82
211
37
182
1017
762
119
120
505
548
296
481
860
358
629
185
7
512
265
636
215
916
964
108
133
677
931
871
936
387
286
745
701
986
86
53
887
518
69
186
42
151
109
169
407
245
919
953
60
781
24
51
164
884
255
94
769
285
712
766
28
3
276
738
886
216
228
864
62
761
833
941
87
77
4
1009
155
480
836
50
207
289
23
765
444
218
657
579
610
1018
894
242
733
921
146
14
410
417
540
546
54
243
142
257
824
997
861
961
100
950
382
729
989
547
0
803
844
612
175
951
1019
275
143
818
277
1
952
181
1003
334
165
415
863
200
572
878
273
669
893
609
29
550
144
381
848
472
5
412
995
938
513
834
150
853
22
280
274
449
439
176
440
483
10
880
843
388
978
770
114
577
441
918
93
634
195
604
482
420
939
61
249
802
935
174
539
76
231
582
493
739
835
998
179
172
170
349
749
805
178
11
985
771
343
45
210
295
862
78
741
310
920
635
442
885
790
747
967
849
695
603
506
202
614
728
538
571
779
780
759
788
905
474
262
241
470
782
697
876
680
1008
239
359
361
111
855
917
240
303
972
537
633
263
338
278
294
312
725
145
209
569
815
281
602
727
811
940
110
456
966
970
877
327
909
968
621
568
817
692
977
326
949
999
313
944
208
948
665
570
409
520
663
360
304
525
408
816
648
272
696
345
758
1002
691
377
488
789
400
601
690
424
687
305
784
812
344
471
664
617
971
757
632
689
616
785
1000
533
392
552
600
597
376
558
369
630
718
756
366
335
584
787
724
631
457
565
783
399
524
337
368
751
460
336
619
688
503
750
786
589
531
723
502
752
367
595
532
599
755
719
585
557
753
567
722
556
720
459
596
458
535
620
492
598
563
489
721
553
754
521
534
566
586
564
588
555
490
587
523
554
522
491
