697
761
530
140
674
139
498
365
34
723
4
357
561
27
242
404
327
593
641
713
398
658
656
279
213
33
195
631
399
354
643
671
700
595
24
506
162
299
261
497
781
775
539
613
429
783
138
756
686
125
764
35
540
166
57
478
635
560
630
412
364
8
409
436
214
527
260
233
84
759
393
633
536
164
325
168
384
476
599
385
704
728
729
344
231
615
61
605
612
502
129
185
411
629
754
564
132
353
587
422
782
444
500
370
470
374
443
269
20
604
632
235
598
730
401
672
131
160
680
673
194
372
163
499
382
755
441
381
760
727
603
415
356
711
563
551
395
628
392
296
701
351
167
644
244
716
373
753
396
450
626
320
234
319
38
715
520
757
572
596
236
471
141
532
126
25
240
547
133
503
542
15
347
577
457
634
616
135
733
293
352
211
606
17
684
448
758
159
586
297
161
85
328
146
316
3
669
10
355
501
326
731
594
137
588
654
336
224
130
445
574
548
202
55
440
600
158
196
522
32
677
425
688
602
423
11
743
451
679
176
645
407
765
88
709
13
112
624
232
779
270
566
687
699
439
321
623
575
661
491
614
145
620
531
6
430
175
198
622
650
124
438
437
675
246
466
134
30
253
780
298
568
550
19
576
375
193
774
712
368
303
769
148
638
526
204
494
18
243
188
678
295
379
559
217
345
463
773
507
238
323
535
21
442
601
402
528
465
735
241
736
592
642
464
573
116
676
544
556
617
519
589
477
549
554
640
651
360
578
768
408
346
284
567
649
331
268
403
389
702
350
541
102
725
421
149
619
309
428
664
254
475
637
591
386
391
414
203
621
208
280
212
694
77
322
101
156
104
691
341
469
121
150
143
216
367
177
505
123
648
155
252
647
380
63
308
737
493
777
154
518
111
209
558
706
705
9
456
666
294
449
183
122
110
315
707
179
751
468
119
517
390
120
388
147
447
776
446
173
186
281
53
178
180
59
23
543
182
690
222
239
485
306
282
332
708
340
41
339
492
237
153
529
490
778
342
83
266
62
142
39
496
418
257
692
646
665
151
277
288
184
286
590
363
305
250
334
249
557
223
474
40
618
210
258
152
335
278
312
473
114
489
221
118
722
103
362
181
361
251
516
267
488
721
107
314
115
287
333
105
750
117
106
513
514
487
486
313
285
515
