434
306
660
334
465
774
514
466
661
740
773
768
745
721
761
407
450
676
58
512
505
395
615
533
467
486
406
513
449
561
742
634
82
760
169
746
739
222
477
765
339
633
92
632
701
659
468
352
560
4
749
459
736
249
631
380
25
366
662
511
716
500
404
677
538
156
294
743
469
630
74
557
250
210
75
487
266
211
652
354
340
267
353
284
471
47
38
712
216
658
239
470
463
214
563
464
515
539
324
43
770
242
68
713
646
540
200
753
307
278
311
769
326
16
657
680
194
534
664
243
433
133
541
717
679
606
139
192
228
248
325
280
693
654
252
72
535
229
155
689
341
499
261
692
442
529
685
718
506
710
93
537
711
40
146
432
605
485
170
688
776
265
131
686
23
682
603
595
188
232
186
182
435
217
187
30
157
752
709
17
276
448
33
565
361
197
754
602
687
166
84
297
135
755
203
57
85
81
620
79
700
781
41
443
642
394
231
244
136
706
775
674
87
764
116
24
393
726
63
143
759
362
308
335
246
31
579
684
32
55
702
49
338
106
355
26
336
3
439
441
730
594
37
750
649
114
50
34
290
683
321
128
609
304
780
134
516
629
392
119
655
778
714
491
645
779
600
181
273
665
227
704
751
104
708
312
440
333
130
245
76
269
274
472
105
593
610
5
185
195
667
383
263
113
731
567
614
189
264
619
568
517
64
275
78
651
1
54
431
184
601
728
163
599
586
556
138
577
767
127
349
621
478
289
566
638
391
281
580
452
183
508
70
256
179
694
271
218
734
201
66
42
578
53
510
56
147
22
305
10
678
436
303
762
310
11
59
180
117
46
2
447
48
154
719
145
293
44
176
763
69
86
582
738
504
45
191
270
501
363
707
115
302
173
331
518
490
153
417
144
164
628
77
747
359
298
27
581
618
559
129
697
21
73
202
301
783
158
720
120
737
100
668
20
177
152
715
101
126
569
519
178
733
410
241
99
673
409
445
530
283
488
125
413
296
412
462
531
551
102
722
639
272
396
103
492
171
576
589
695
612
149
574
219
90
583
12
552
575
226
61
611
703
766
564
317
385
198
332
360
51
316
94
643
573
253
199
121
546
438
110
365
705
744
735
318
98
174
151
172
175
424
89
356
148
526
9
732
554
60
553
255
327
196
570
29
124
545
19
0
415
423
699
771
496
458
190
18
617
481
15
7
108
411
741
777
142
536
88
475
729
670
319
727
330
299
112
425
647
616
414
748
150
300
140
223
550
71
251
421
167
309
497
111
571
509
240
757
212
644
532
549
83
723
756
524
137
96
480
420
388
453
495
489
555
13
584
547
80
123
484
213
387
6
473
437
62
295
369
498
35
542
405
591
322
483
416
528
95
109
91
328
97
377
527
548
572
122
345
376
523
397
461
525
544
401
320
329
346
520
521
482
351
107
493
444
372
522
348
430
457
494
373
426
543
358
402
403
400
347
357
371
428
386
378
456
429
427
375
399
454
374
370
455
398
323
350
