634
359
544
609
639
113
620
265
760
689
350
682
699
779
559
301
214
464
378
170
199
262
34
486
192
94
531
65
33
462
264
764
683
698
530
550
330
211
16
702
434
599
37
379
512
223
247
21
638
721
10
540
685
287
415
130
408
28
393
711
476
271
608
229
457
382
293
349
632
86
524
629
448
237
483
245
383
710
572
244
308
405
263
622
12
289
475
243
782
756
270
236
780
145
570
617
693
131
25
121
445
332
321
195
449
583
19
11
377
194
158
407
141
582
446
652
241
112
391
197
18
664
484
191
420
302
753
527
703
558
273
392
316
765
299
551
672
647
761
567
673
421
368
242
42
763
561
513
660
30
422
187
217
356
541
644
120
230
740
610
720
653
757
611
1
153
477
580
755
662
272
140
185
52
255
661
406
159
631
663
717
388
451
183
17
182
292
665
13
9
450
586
303
240
44
433
285
117
78
215
29
20
659
188
109
478
588
369
532
253
423
758
658
474
216
23
364
79
589
666
320
560
218
687
22
340
389
85
514
700
337
645
680
485
333
781
783
193
667
312
657
686
479
84
298
537
291
313
416
339
274
275
43
110
38
759
726
338
319
718
309
259
701
284
50
630
54
691
49
714
246
48
690
45
249
180
341
127
129
220
53
55
40
716
154
300
155
156
715
133
51
719
533
132
160
139
554
157
134
499
366
594
727
111
46
167
318
365
219
331
688
692
39
41
367
258
161
128
307
184
47
126
277
317
221
595
137
555
166
361
314
251
276
290
136
315
116
279
164
335
165
334
306
248
106
278
138
107
250
360
