299
81
364
253
665
573
46
505
691
128
700
111
6
247
3
24
32
4
587
608
281
571
757
217
698
112
264
154
363
130
43
8
17
725
242
756
31
223
488
97
447
252
522
194
780
22
614
515
578
100
494
628
84
30
35
688
600
86
455
34
341
781
686
549
308
357
390
278
193
14
550
222
191
250
262
728
361
265
446
85
58
615
464
20
275
467
460
291
334
42
517
533
135
559
336
475
319
108
101
354
397
632
2
138
125
692
489
162
102
103
532
12
313
342
544
609
672
137
542
490
495
192
560
504
314
503
389
318
16
697
512
375
666
98
558
218
163
502
456
529
124
690
362
368
263
370
306
80
667
178
79
280
165
99
641
486
491
219
669
427
501
518
487
385
369
220
426
572
359
221
388
484
292
164
485
398
290
668
514
305
136
696
528
333
360
107
516
387
386
249
358
640
106
78
277
332
276
304
248
