74
106
72
249
248
219
568
569
75
572
191
571
190
193
634
489
163
135
557
570
67
133
544
210
37
65
567
543
560
68
461
195
529
635
774
390
221
38
676
606
39
222
620
211
502
728
23
451
165
474
254
54
753
192
139
200
780
156
47
36
516
40
605
157
615
28
188
607
752
166
189
768
590
93
333
449
751
476
276
50
558
595
671
225
282
633
339
608
335
113
389
725
197
636
169
366
675
220
85
506
767
94
364
779
3
479
129
134
17
736
677
337
610
578
646
311
158
562
52
168
307
136
769
534
159
306
507
14
782
773
132
43
227
645
170
146
561
361
772
648
417
596
143
739
770
600
504
669
82
57
418
445
556
585
584
284
446
130
545
577
334
229
613
16
587
187
599
119
44
118
740
581
566
488
609
641
542
760
698
25
447
160
580
1
508
280
775
279
765
637
161
141
588
11
670
746
758
781
257
22
597
252
362
579
247
162
611
223
598
612
528
541
56
761
228
576
58
4
533
477
663
86
505
239
757
553
604
592
224
450
59
218
697
19
503
721
650
203
639
559
142
618
527
554
148
661
622
662
217
285
701
499
632
109
531
216
61
783
251
696
601
340
745
589
550
238
549
625
175
89
638
640
626
309
186
666
732
552
526
594
749
742
532
652
624
540
182
551
258
664
231
582
548
367
278
155
176
125
388
686
153
204
215
644
706
743
623
183
127
205
80
107
360
629
128
88
694
727
98
520
13
349
515
18
196
452
685
83
521
723
460
341
377
246
658
539
475
131
471
537
152
522
413
245
395
517
442
9
627
194
538
565
525
495
405
555
250
679
331
177
593
29
467
653
712
617
259
591
424
0
616
667
441
15
680
112
286
260
111
523
232
226
665
690
207
468
756
684
414
420
185
496
92
497
699
481
332
265
275
379
62
487
99
124
519
660
7
440
695
492
288
108
412
253
140
628
687
304
729
230
524
711
681
122
198
713
35
126
6
716
351
573
704
439
621
60
206
387
167
494
267
683
287
682
150
303
491
766
314
178
103
384
469
313
233
710
100
458
237
583
654
501
385
123
97
277
244
274
423
691
321
70
433
359
151
705
71
214
649
181
714
509
689
435
208
407
149
738
184
312
104
734
511
470
202
656
8
657
137
688
709
443
261
268
77
102
209
76
678
724
512
482
630
383
586
510
401
514
289
764
715
266
293
459
463
305
34
201
179
513
336
419
180
295
651
101
256
438
498
236
273
382
432
323
483
547
243
563
290
415
486
655
500
747
708
457
315
717
302
472
493
95
466
73
121
32
292
659
707
737
241
154
296
317
96
735
719
234
324
49
301
66
692
453
235
693
722
744
164
262
105
368
283
400
396
316
291
431
718
672
46
425
69
173
748
81
473
411
138
416
535
90
64
741
79
422
759
91
436
271
484
10
255
410
631
45
240
564
426
87
444
30
726
42
429
263
392
731
536
430
310
363
24
464
172
318
393
78
546
702
147
373
115
41
730
575
26
264
213
394
27
642
281
63
272
319
700
365
322
145
21
338
603
84
114
242
408
402
720
116
55
485
294
397
602
762
174
31
428
33
619
2
703
643
421
478
344
376
614
480
448
391
763
674
518
20
777
110
5
48
120
754
771
386
348
755
778
454
51
427
404
354
750
308
776
399
455
668
381
456
374
530
53
372
300
375
297
330
342
199
144
325
270
733
352
269
380
117
673
326
171
353
345
403
343
369
574
409
12
346
378
398
465
356
347
647
320
358
350
329
298
212
355
371
406
437
357
370
299
327
490
462
434
328
