276
248
304
332
277
46
41
40
107
249
39
63
48
723
47
35
359
667
639
703
38
371
78
36
88
695
334
642
247
331
220
360
321
37
13
303
368
731
278
666
342
221
690
369
587
398
684
315
691
250
721
740
770
742
275
694
106
661
193
585
768
664
343
251
652
743
665
609
739
582
219
638
660
185
763
722
685
534
187
692
656
151
746
719
183
751
594
720
533
771
344
767
741
217
333
211
744
595
123
622
339
745
99
663
715
668
317
640
240
774
659
157
717
191
364
654
394
738
341
713
289
636
122
688
245
687
294
188
750
643
284
709
358
764
293
658
316
627
155
189
42
716
159
714
305
212
683
737
682
214
165
769
160
680
615
400
532
653
613
718
184
186
27
57
762
626
2
780
724
657
773
641
54
112
710
752
133
662
129
644
136
164
624
218
158
227
43
314
623
281
308
255
727
23
686
273
384
584
749
252
21
120
748
681
367
655
596
192
215
672
148
288
766
736
213
395
538
190
196
583
711
168
260
396
230
772
366
206
138
124
179
85
778
329
216
700
274
8
669
246
301
540
141
616
82
735
287
10
4
83
551
712
24
280
239
44
9
568
302
753
556
258
233
130
232
765
747
53
689
84
510
707
759
612
650
16
504
588
754
776
340
330
679
481
286
310
238
205
412
134
734
137
704
733
565
285
338
176
424
440
257
452
503
