657
421
162
201
319
86
777
55
670
353
722
593
572
412
557
416
406
546
96
765
566
694
610
318
268
615
681
562
564
668
464
585
400
238
285
679
478
731
240
390
263
467
579
462
170
466
436
669
241
720
145
424
267
239
779
408
143
574
309
748
638
169
613
441
529
374
693
634
450
649
468
42
711
489
703
535
469
190
702
44
533
689
778
470
646
603
561
134
397
749
311
696
650
172
769
335
394
721
254
366
743
440
766
506
118
255
618
415
173
773
226
307
114
377
144
290
228
563
443
647
419
396
648
391
589
198
444
81
502
363
565
558
80
750
504
651
399
199
425
256
559
515
590
475
447
338
678
734
740
171
279
733
516
305
675
697
677
310
531
282
704
283
676
705
474
418
446
