0.06492615
0.016787529
0.25774956
0.21722126
-0.25458622
0.20376778
-0.0771122
-0.054089546
0.33403873
-0.13830757
0.07832718
-0.23527527
0.8100796
0.9834738
0.15717602
-0.12357998
-0.12332058
0.02289486
0.024127007
0.077791214
-0.00941658
0.15800571
-0.032491684
0.22523022
-0.17829704
-0.0239954
-0.27967167
0.09116554
0.11399841
-0.037524223
0.04920101
-0.07717228
-0.04880333
0.33654594
1.347578
1.8149247
1.5654044
1.8007822
1.8973732
0.75287056
0.79845333
1.13272
-0.21616268
0.6157265
0.48156548
1.1273623
2.5480628
2.4374933
2.3571744
1.2024632
1.7475848
1.5912962
0.17820168
-0.0454216
0.23198795
-0.26252556
-0.089440346
0.16070938
0.57226944
0.14595509
1.2067385
0.61164093
1.1173792
1.6098509
2.1375065
1.5225782
2.3449078
2.6716304
2.144812
1.7402587
1.616302
2.1264029
0.7237778
1.3715057
1.4588375
1.6542177
1.5773268
1.5571761
1.9126515
1.8415456
0.28444862
-0.22546864
0.07795048
-0.06687832
-0.12210846
0.04978466
-0.13896084
1.3982773
1.2199335
0.62519455
1.5396423
1.8146229
1.2157497
1.2830324
1.1772795
0.693285
1.0443697
1.2813158
0.61084175
0.4891138
0.4529581
-0.054333687
0.46572208
0.10841942
0.50068474
0.3180313
0.2182951
1.2743416
0.6141319
-0.13468647
0.96188927
-0.046696663
0.08368397
0.20285511
-0.27986145
0.13551712
0.4775114
-0.095891
0.09906578
0.37269497
0.5204334
0.618433
1.211729
0.5689583
0.38406754
0.31553364
0.47964
0.5824852
0.4765606
0.23886299
0.061829567
-0.17963982
-0.34810066
-0.1596508
-0.62111855
-0.308156
-0.5301838
0.78615665
0.5276518
1.4158297
-0.17233944
0.06420708
1.0155649
0.09123039
0.33785725
1.0100126
-0.42945194
0.16594028
-0.25806713
-0.12520885
0.28644753
0.28597927
0.39626312
0.2771225
0.4153757
0.47020245
0.45939732
0.6741762
0.71729374
0.77546215
0.6926012
0.8194275
0.3356142
-0.32319355
0.17163086
0.6446562
1.8615355
1.2246351
-0.036200523
0.010127068
-0.09275246
0.45916843
-0.32838154
-1.0913982
-0.5692749
-0.16621971
0.021607399
-0.19170094
0.010232925
-0.14082718
0.12787247
0.24639034
0.08600044
0.33054447
0.21797943
0.09396362
0.10570717
0.32486916
-0.123939514
0.04903698
0.035769463
0.48663712
0.46843243
1.2525272
-0.29757977
1.5836663
-0.12972832
0.14489365
-0.2535324
-0.47337723
-0.15808487
-0.34127045
-0.49234867
0.030594826
0.08338928
0.052022934
-0.050359726
-0.103178024
-0.10847187
-0.16762257
0.17809772
0.18900871
0.05448246
-0.32749462
0.048368454
0.13764954
0.085006714
-0.21489334
0.30020332
0.11227226
0.42472267
0.33456993
0.16879082
1.5220413
1.3177986
0.025867462
-0.019382477
-0.3077135
-0.20588112
-0.056962013
-0.20002747
0.37478733
0.37879944
0.00018024445
0.024677277
-0.17010975
-0.12826538
0.21952152
-0.26583576
-0.1941061
-0.080088615
-0.1036005
-0.23378754
0.061802864
-0.16106606
0.016705513
0.0130262375
0.34143925
0.5242491
0.9184685
1.2616243
1.461976
-0.6188278
-1.5626955
-0.33205128
-0.216609
0.6067314
-0.45786858
-0.38217068
-0.022288322
-0.21253204
-0.052488327
-0.044930458
-0.004225731
-0.17806625
-0.058951378
-0.45612144
-0.38764477
-0.35292912
-0.43579197
-0.4618225
0.04808426
0.26988983
-0.02535057
0.043390274
0.6568203
0.6310873
0.6637316
0.7841549
-1.0370378
-0.6466017
-1.6363955
-0.48640537
-0.18216133
-0.18112469
-0.7221775
-0.010849953
0.17575836
-0.11361694
0.15616226
0.21648693
0.14647579
0.1904459
-0.3487463
-0.21067715
-0.7886572
-0.5811081
-0.4836073
-0.19088745
0.41210938
0.29334736
-0.24518013
-0.26438904
0.75273705
0.7276106
-0.8074312
0.139925
-1.1379719
-0.6989126
-0.6479769
1.7833877
-0.7487221
-0.05854988
0.072748184
-0.13614464
-0.10831356
-0.0021409988
-0.04023075
-0.30200195
-0.17354393
-0.23336506
-0.051459312
-0.08551407
-0.41468143
-0.36985207
-0.4802723
-0.22565079
0.15334988
0.3630104
-0.14095402
-0.15251827
0.51771736
1.2424288
0.52751446
0.59479046
-0.888875
-0.7734308
-0.6106672
-1.281436
-0.5288286
-0.19542313
-0.03890419
-0.02192688
0.007792473
-0.14151764
0.23927784
0.08024216
0.12148571
0.17190647
0.7363272
0.2548666
-0.2856989
-0.35635948
-0.34767437
-0.07594681
0.114587784
-0.059025764
0.51407146
0.045651436
0.80753803
1.3219471
0.31152153
-0.49718475
-0.88600445
0.66366005
0.6644411
-1.4993944
-0.2800579
-0.29564
-0.08022499
0.2774315
-0.15402222
0.14898205
0.28860283
-0.1835947
-0.011263847
0.52613354
0.5739536
0.27229977
0.17026997
-0.14601135
-0.29415607
0.065377235
0.053419113
0.09821415
-0.1652174
0.25155544
0.4724064
0.21413803
0.20192719
0.13276386
0.53614235
0.66032314
0.3779812
-1.5818615
-0.41444492
-0.38434887
-0.23721218
-0.13653469
0.069485664
0.00026607513
0.010334015
-0.010828972
0.19999695
0.14049721
0.504632
0.38996696
-0.030958176
0.043156624
-0.2517786
0.42339706
0.3584175
-0.5988512
-0.04501152
-0.5464983
-0.72343826
-0.28525543
0.025056839
1.1680489
0.079221725
0.30620384
-0.25276947
0.3938341
-0.23801613
-0.52356815
-0.15212917
0.18935871
-0.10897827
-0.34477425
-0.22270203
0.070495605
-0.04496193
-0.35277843
-0.62559605
-0.35682392
0.05711174
-0.06745815
0.42232037
0.5000696
0.27580452
-0.7429123
-0.4567442
-0.6966381
-0.83373165
-0.3295145
1.1590128
0.84134007
0.4857769
-0.41747284
0.2768135
0.59181404
0.7167444
-0.31955624
-0.03238964
-0.08282852
-0.06163311
-0.11916733
0.01875019
0.06425476
0.17191696
0.30663395
0.38427734
0.58300877
0.005259514
-0.23076153
0.44299793
0.4750719
0.02580452
-0.75870514
-0.5714693
-0.5680046
0.12951374
0.22966671
1.420805
0.8730526
0.55981636
0.06259155
0.19940567
0.03132248
0.5279522
-0.15749359
0.064650536
-0.14557457
-0.025314331
0.24850368
0.28395844
0.19976711
0.5396452
0.376935
-0.045557976
0.15889072
-0.028769493
-0.013497353
0.35845947
0.09646988
-0.20548725
-0.21177101
-0.3347206
-0.242342
0.18930817
-0.24304295
0.585907
-0.5584793
0.1464634
-0.79208946
-0.07698631
0.0
0.17525005
0.436862
0.16584969
0.2715788
0.29678822
-0.17507172
0.5905304
0.26893425
0.083081245
0.37103176
0.12471104
-0.1581707
-0.20529842
-0.02947712
0.31215572
0.008415222
0.065532684
-0.028365135
-0.2790966
-0.0272398
0.49834633
0.90595436
0.7492094
-0.6218271
0.24281216
0.14082813
-1.4952745
-0.8176832
-0.32653713
0.37570667
0.119911194
0.38599586
0.3658123
0.15007877
0.114254
0.46423817
0.10906792
0.15498161
0.020615578
-0.054701805
0.21200371
-0.1775055
-0.49007034
-0.038562775
0.081376076
0.33914948
0.28570557
0.68272495
0.9684191
1.2034101
0.7201824
0.5480213
0.049178123
-0.12132168
-0.34644985
-0.4354992
0.053459167
0.24700356
-0.034327507
0.46497917
0.8358164
0.38115692
0.62244797
0.37268448
0.12945938
0.3865528
0.24769878
-0.036161423
0.41391945
-0.44073963
-0.21531487
0.4490757
0.2565441
0.8830919
0.8077469
1.091979
1.2654991
0.99983597
0.16892529
0.28069115
0.37299538
0.17931843
-0.072193146
1.0647564
1.4373913
0.8977995
0.25978184
0.6052141
0.898324
0.32586002
0.599988
0.20362663
0.21095943
0.10517216
0.57992935
0.615468
0.09932423
-0.18634033
-0.39953136
0.4698887
0.77784824
1.0181026
0.7661295
1.2408991
1.8195515
0.3250885
0.5280037
0.0454731
-0.14407825
0.4515295
0.17802048
0.53459454
1.4192257
0.8328762
0.39749908
0.5371103
0.38786602
0.2764349
0.21045208
0.21176434
0.3949995
0.059248924
0.3598919
0.5250168
-0.23374367
-0.34312725
-0.039539337
0.67852974
0.64711285
0.9034281
1.1117563
0.985589
1.6993809
0.269742
-0.046670914
1.1947908
-0.15476608
0.119553566
0.16786385
-0.5376625
0.7133856
0.27899456
0.21256638
-0.04498577
-0.3422451
0.6793928
0.47171974
0.22289753
0.044864655
0.5792141
0.429245
0.15038586
-0.1850748
-0.41758156
-0.05397129
0.6894026
0.92387295
1.1056099
1.0231009
1.0804777
1.7642837
0.36184883
0.3451767
0.15203857
-0.0010023117
-0.019473076
-0.18648148
-0.16208744
-0.3444662
1.4561338
-1.0585365
-0.7142315
-0.37598515
-0.13092709
0.27422333
0.09806156
0.3221264
0.60857105
0.21403885
0.14778614
-0.2907877
-0.450531
0.011785507
0.82297516
0.7672262
0.5757122
0.038266182
0.3785019
1.3267689
0.47803593
0.7304449
0.01200676
0.16638947
-0.13232422
0.023571968
0.67914677
-0.38011265
-0.8680992
0.7084675
0.0061273575
-0.40262127
-0.2595873
0.45123005
0.070381165
-0.44909286
0.12101364
0.041355133
-0.06923771
-0.17939663
-0.0028104782
0.04733944
-0.46055698
0.15190125
0.18087864
-0.41612816
-0.30607986
1.0317707
0.11596203
0.022699356
0.021895409
0.23443794
-0.09248924
-0.06642914
0.031834602
0.2605009
0.8844986
0.013739586
-0.03197384
0.3973589
-0.052085876
-0.105065346
-0.09566116
0.2852888
0.03578949
-0.037973404
0.1880064
-0.6106987
-0.14355373
0.16906643
-0.05467987
0.50423527
0.06649971
-0.33360958
0.20957184
-0.123975754
-0.35416985
0.0776186
-0.18878841
0.11510277
-0.0037851334
0.15253448
-0.016366959
0.025177002
-0.18616295
-0.33766937
0.04403591
0.49798393
0.13446903
-0.4286232
-0.9432249
0.09528923
0.06249237
-1.5242615
0.59840584
-0.26717472
-0.52554893
-1.7023735
-0.20778656
-0.5670929
-0.78257847
-0.96595764
-1.2500296
-1.0678701
0.092098236
-0.15066051
-0.03550148
0.31156158
