455
720
371
265
343
530
152
410
492
721
281
342
382
228
485
112
500
179
212
714
379
458
672
401
182
395
235
770
457
384
351
577
548
349
267
748
239
710
466
186
264
700
253
373
211
308
534
680
355
196
83
353
519
111
576
491
406
99
266
369
547
233
141
689
241
746
744
323
777
463
383
327
430
377
318
175
624
403
202
181
325
693
20
270
427
346
295
682
756
743
736
417
207
759
350
234
742
712
227
80
725
398
319
614
603
315
419
749
261
4
778
326
9
776
293
575
31
560
461
643
402
522
146
28
216
426
730
391
434
16
0
345
615
549
475
428
177
240
737
237
213
84
550
24
296
236
200
7
26
148
782
208
718
297
1
307
385
376
754
729
263
394
604
781
11
29
745
174
292
388
221
81
262
55
732
56
176
767
268
134
735
132
433
347
255
316
504
269
224
673
456
15
731
771
501
471
14
659
164
149
738
22
747
366
715
631
711
632
163
496
524
716
502
370
448
462
709
288
390
411
486
405
559
717
374
487
254
170
561
562
741
317
290
289
226
114
688
336
697
439
397
412
765
488
298
423
473
769
740
198
320
564
605
733
768
766
661
415
772
199
708
440
334
467
414
424
633
145
734
646
311
447
660
651
116
338
779
194
425
442
441
497
393
478
687
468
222
589
335
42
679
469
706
707
531
525
506
563
282
418
363
773
173
144
310
470
396
171
535
107
704
648
443
670
279
305
675
67
172
283
446
68
678
705
676
474
677
