40
39
41
45
614
47
561
44
79
309
533
46
224
64
416
48
63
724
444
88
49
503
647
92
50
91
87
669
59
415
445
38
150
90
284
35
332
304
394
387
565
675
60
93
78
139
95
248
303
719
51
572
106
443
668
472
62
473
276
123
420
696
386
369
321
294
722
642
641
121
37
94
293
36
650
167
240
66
329
331
266
165
752
89
397
151
666
359
135
778
573
105
34
544
674
501
247
723
585
500
398
388
67
58
694
611
97
137
107
239
567
527
148
149
721
425
347
684
357
330
716
619
441
339
43
471
360
769
610
570
529
688
77
13
368
577
110
750
267
526
498
367
764
773
652
481
595
583
402
12
576
392
220
374
33
315
348
499
257
643
667
168
740
108
6
571
268
453
312
591
358
703
528
731
384
554
85
370
717
514
543
96
414
699
251
263
61
653
718
592
299
413
152
371
32
704
285
582
140
780
320
275
411
593
342
124
556
256
753
301
193
201
375
283
11
484
56
292
504
690
639
176
54
689
349
319
230
215
615
204
395
578
612
116
763
685
761
232
74
537
493
337
1
677
235
265
166
190
7
747
550
429
720
155
430
186
581
68
649
229
365
538
776
340
483
654
31
686
65
241
211
243
0
552
644
238
700
314
333
438
754
455
555
336
298
452
648
580
302
701
306
4
120
223
566
470
542
343
659
727
119
18
762
613
782
469
5
412
633
75
513
623
640
221
213
645
729
756
497
522
456
541
574
496
661
286
20
179
169
174
270
523
175
356
300
262
423
281
564
482
234
2
98
128
510
236
755
638
282
569
196
10
465
622
84
606
111
15
57
203
317
562
508
255
53
14
158
549
651
25
492
515
141
695
134
485
202
509
189
553
424
118
308
545
385
80
419
258
634
475
759
476
22
486
269
218
233
664
403
673
751
172
546
26
55
198
296
29
630
297
732
733
702
83
487
404
245
516
734
426
442
338
774
725
200
228
170
459
454
584
458
519
409
437
447
488
563
446
474
502
518
391
448
81
697
460
396
171
132
637
665
705
417
226
324
463
144
491
464
435
199
389
254
530
478
506
559
558
