466
530
498
562
529
561
399
396
497
434
395
367
465
594
366
364
593
427
365
658
400
433
659
397
398
31
435
363
436
626
17
467
428
403
432
437
16
362
625
394
404
469
528
333
468
49
661
560
331
405
660
342
334
330
372
58
329
63
113
315
368
499
501
402
81
332
335
819
431
48
850
80
27
373
684
122
851
341
531
248
374
504
693
29
30
57
473
847
299
472
714
820
347
361
309
283
406
310
536
340
152
716
18
311
2
441
346
426
375
500
47
95
298
15
343
301
440
401
88
35
252
300
781
818
92
879
533
476
508
1005
189
112
746
429
662
759
153
1006
183
90
390
715
749
316
540
974
247
845
422
1004
694
216
279
882
846
215
581
748
814
726
614
75
849
389
232
266
878
146
93
190
809
242
816
124
782
284
758
713
267
148
977
910
307
527
464
302
573
74
65
236
507
633
848
727
269
796
813
455
844
808
582
407
776
98
259
865
810
277
563
379
682
308
613
253
1013
217
942
119
1009
892
1010
735
789
496
357
104
235
276
646
210
945
768
744
788
304
913
201
841
177
438
28
1011
221
118
657
537
737
709
1001
703
747
505
683
914
874
421
572
706
639
272
103
859
763
606
760
386
777
275
64
881
780
139
384
233
779
678
220
306
96
888
627
228
817
328
807
842
704
475
745
282
385
73
742
828
615
875
321
273
454
127
270
821
811
303
934
640
297
1003
911
452
979
274
799
895
764
575
260
784
538
896
569
352
204
883
795
580
234
705
922
880
209
59
750
197
891
258
568
1
710
852
1015
797
897
583
903
448
89
869
230
1012
356
542
935
1014
1022
354
717
549
205
798
902
519
700
237
926
946
516
350
37
532
736
999
812
171
99
978
149
823
973
671
157
778
647
222
791
551
36
240
698
868
783
423
520
699
511
843
141
920
486
408
278
924
100
899
66
158
251
866
291
943
938
840
38
860
775
391
145
46
889
672
517
196
164
125
393
976
271
1016
416
674
194
929
418
641
790
106
679
870
1023
731
767
792
548
97
268
261
919
740
612
206
912
741
388
6
969
243
962
200
227
290
56
241
960
604
134
853
877
322
610
445
730
121
644
864
834
444
358
87
26
477
420
126
67
907
131
800
144
571
832
355
708
898
992
223
829
314
68
263
353
918
801
105
890
951
925
509
645
518
123
692
997
409
129
901
873
32
732
998
975
485
702
130
762
643
137
510
34
931
62
728
695
928
170
1021
102
677
541
202
262
930
1020
91
961
317
44
815
325
970
576
199
608
854
539
1000
292
453
893
107
944
921
294
411
280
676
668
958
159
607
634
544
991
439
734
947
324
980
229
69
933
894
