74
106
72
249
568
569
75
634
557
211
560
193
68
163
135
529
67
774
390
567
133
37
65
676
635
222
195
502
570
221
451
165
38
753
47
39
615
620
768
93
449
728
558
671
282
339
606
23
474
191
506
189
169
254
54
675
633
220
632
605
94
192
129
139
200
780
36
736
190
40
646
562
210
28
188
307
752
166
769
578
590
306
333
507
751
476
782
773
595
158
50
43
607
225
146
561
361
772
335
113
389
739
770
725
669
82
197
418
366
585
248
130
85
767
576
136
364
779
604
362
3
334
479
613
134
16
17
677
337
534
119
311
159
44
52
168
118
740
577
660
209
14
760
132
698
227
25
447
645
566
170
1
508
648
417
280
279
765
596
143
504
141
57
588
445
556
636
284
446
746
758
229
781
22
252
587
608
187
56
761
239
58
4
533
156
477
203
663
86
505
641
157
228
160
592
224
580
320
219
775
450
59
161
697
584
11
579
670
503
257
218
597
559
581
618
162
223
598
528
148
217
276
701
553
757
531
404
661
783
612
696
622
745
541
19
637
721
589
650
142
549
609
527
554
175
550
662
285
571
499
216
109
666
625
659
61
543
127
594
251
749
742
542
340
639
626
638
237
610
89
348
183
548
624
309
186
367
552
732
176
526
540
231
258
376
640
686
706
532
652
657
599
582
182
204
238
551
128
664
98
520
205
278
623
452
388
215
360
644
685
656
521
246
743
293
152
611
628
292
537
80
395
181
107
232
88
694
727
565
658
522
250
13
591
177
18
196
653
83
245
432
424
667
627
515
723
341
155
208
236
593
467
264
539
125
690
475
131
471
331
332
413
401
538
124
99
487
495
679
442
9
684
108
523
194
680
525
233
259
555
304
265
687
29
122
712
617
441
459
0
616
15
439
112
711
286
206
260
111
267
226
681
178
150
713
519
207
247
468
431
756
481
414
420
185
496
412
92
440
497
699
184
62
683
494
296
7
268
621
100
705
524
654
492
491
288
253
140
710
123
665
729
230
97
277
629
244
198
35
6
303
324
691
682
716
70
704
60
321
151
387
649
167
287
274
714
384
103
695
149
766
314
469
466
313
438
202
583
501
385
240
294
266
180
688
77
423
460
76
243
102
71
707
275
214
709
509
689
715
305
201
738
678
179
359
511
312
104
734
470
295
651
101
8
403
137
563
443
261
463
512
747
547
724
383
482
510
655
586
717
234
493
95
400
73
121
289
764
302
34
273
336
419
708
408
256
435
126
737
498
407
96
631
382
436
483
290
415
235
212
500
66
692
153
693
722
301
315
472
368
32
396
630
283
241
317
349
735
719
49
410
718
173
453
426
600
411
535
744
164
379
402
262
352
105
64
430
741
79
316
759
291
488
672
255
601
46
425
564
69
405
748
81
87
473
513
30
726
138
271
575
416
392
536
310
154
24
172
90
393
546
78
422
242
702
147
603
464
91
41
730
26
394
642
63
10
272
45
700
145
338
444
84
114
516
42
720
116
55
263
731
363
397
174
31
33
619
421
478
115
213
614
480
427
448
27
391
674
281
777
465
5
365
120
754
21
755
778
428
318
380
458
381
409
51
377
750
308
429
776
762
602
454
2
668
703
643
763
20
399
110
518
530
53
48
573
771
484
300
297
354
144
325
319
270
269
117
514
673
326
545
171
199
330
574
544
457
373
733
369
486
344
353
12
437
572
375
386
356
647
398
372
342
322
374
485
298
329
351
455
517
343
433
345
355
299
456
406
346
357
358
323
489
327
461
371
490
370
378
462
347
434
328
350
