282
548
248
356
433
59
484
84
134
170
55
558
321
577
339
155
458
578
604
755
457
199
700
576
16
531
550
322
522
680
242
382
354
270
21
326
298
410
0
405
432
292
280
485
232
663
635
460
447
651
672
378
341
53
586
699
494
759
209
145
318
258
682
626
281
56
714
730
154
735
467
235
632
560
1
504
261
152
2
495
315
706
454
695
486
736
754
426
319
27
434
151
542
14
177
269
188
189
350
438
459
737
279
691
236
345
487
6
676
492
10
740
309
488
239
285
780
171
658
263
85
727
721
520
435
120
296
253
593
711
474
332
427
262
453
430
246
168
745
8
660
720
628
683
187
636
671
551
274
629
252
207
431
30
768
399
609
150
428
179
206
455
539
244
289
664
579
125
480
493
313
713
475
710
353
372
502
314
276
436
694
627
515
215
390
234
466
625
692
554
540
429
186
688
352
214
462
381
624
738
456
320
380
587
608
408
373
297
118
452
217
401
693
513
702
158
715
746
619
767
124
597
247
718
514
657
652
465
216
630
654
180
153
181
346
708
374
544
623
743
363
400
139
178
464
581
114
275
607
256
391
614
243
208
686
742
121
303
659
638
267
649
631
684
565
367
741
409
555
685
749
142
762
653
347
463
126
709
770
687
656
286
81
612
42
340
750
86
744
39
573
655
294
752
437
717
667
712
602
127
716
324
594
584
763
622
580
568
122
80
650
225
766
621
143
566
640
37
123
595
45
109
765
748
611
639
505
335
739
642
307
77
41
312
503
472
582
529
567
769
99
666
40
250
450
115
104
613
278
98
610
95
670
91
64
477
747
449
585
590
78
362
67
641
669
583
71
668
556
675
251
719
43
72
74
197
764
138
93
44
94
97
557
92
96
79
306
724
696
334
