114
145
277
335
278
250
362
253
363
281
586
477
558
769
86
138
588
559
621
143
142
505
255
199
640
305
530
708
69
361
585
613
622
594
587
222
71
739
334
307
670
616
256
115
767
712
724
766
246
747
146
687
532
775
228
197
216
709
749
765
693
744
777
252
633
641
609
661
194
617
364
760
42
663
227
421
696
389
225
117
764
745
692
743
707
333
660
649
719
109
557
662
685
259
449
579
695
125
280
279
70
260
634
623
306
274
122
390
254
276
531
628
81
243
126
332
629
608
219
684
178
251
96
582
162
779
659
603
43
231
507
479
631
82
748
27
666
746
636
313
576
321
678
653
293
169
118
215
770
686
683
120
144
502
620
667
16
632
311
480
304
761
217
187
762
607
275
331
123
639
758
691
463
249
155
234
665
244
179
21
26
514
171
30
133
127
722
668
600
568
124
612
310
630
242
624
753
2
157
635
4
689
650
24
10
308
237
55
303
654
12
450
8
491
671
681
312
297
595
188
29
700
367
381
161
393
273
560
131
513
541
676
730
645
701
664
606
638
3
57
53
182
230
141
577
673
604
720
28
627
460
236
690
379
546
782
366
698
519
266
80
655
599
153
723
170
186
625
154
763
112
158
261
781
164
384
539
340
147
99
339
286
129
571
190
755
189
324
20
353
183
476
601
515
200
83
584
174
436
672
206
757
218
543
84
596
540
235
516
780
229
377
754
98
152
504
159
657
729
458
352
566
488
214
210
177
727
23
52
25
301
783
715
100
113
605
258
85
211
19
542
17
717
302
772
626
0
208
598
575
593
205
72
380
570
706
435
349
737
101
644
518
160
180
721
713
5
413
741
74
372
682
580
284
319
597
245
750
487
247
202
121
547
759
405
56
569
590
13
1
93
111
658
341
651
552
426
771
736
181
32
54
506
75
203
36
76
578
642
97
163
567
589
738
431
288
31
94
204
583
104
448
326
9
241
432
7
238
710
778
768
290
548
535
728
652
550
702
735
699
573
140
337
618
325
407
248
718
581
156
637
524
271
486
674
495
680
149
373
610
272
675
714
433
78
294
523
176
295
752
168
207
130
262
269
283
756
525
309
556
408
592
512
33
268
711
6
270
725
95
555
239
191
669
716
489
136
263
656
285
18
173
406
232
522
526
422
336
119
77
453
574
551
22
132
322
196
457
484
315
264
679
549
320
11
287
751
554
58
192
538
378
298
233
299
134
282
467
44
461
240
175
726
34
462
226
351
289
185
213
703
166
452
184
459
195
394
342
128
291
392
694
440
464
508
490
209
498
646
317
354
563
296
742
108
79
503
328
773
572
520
615
648
442
385
343
536
497
688
705
704
420
73
534
37
409
201
454
382
359
619
345
151
212
591
14
447
314
485
327
499
544
511
602
611
451
360
391
150
68
139
103
529
292
89
404
110
553
35
92
193
510
65
63
88
102
107
41
347
50
61
49
267
105
167
365
223
386
528
348
51
87
403
62
90
64
40
527
60
472
376
357
39
91
45
38
67
66
48
47
387
224
46
445
473
