391
165
86
558
307
255
682
502
475
619
583
451
388
481
559
174
698
749
511
543
228
610
542
746
98
254
767
425
669
718
742
662
172
714
766
389
717
611
580
496
681
142
697
202
393
478
639
448
528
383
592
652
728
541
400
100
581
42
636
56
76
173
667
545
614
673
399
14
441
663
93
553
551
353
740
205
572
379
654
442
540
554
671
230
630
302
492
768
1
525
345
498
715
25
503
777
300
129
22
782
536
674
185
739
765
757
695
198
730
659
200
737
262
157
700
160
758
294
31
141
518
480
187
469
30
635
131
4
206
373
602
211
188
539
701
588
754
226
84
598
778
402
375
457
508
26
216
462
257
519
319
638
601
575
382
497
461
414
134
189
355
232
629
574
24
661
203
347
770
271
301
501
415
351
121
29
429
320
660
324
562
73
656
526
240
521
735
328
180
599
409
603
426
15
412
631
266
734
352
7
148
431
607
687
374
0
413
327
85
122
672
408
759
384
623
261
752
407
494
244
653
468
634
600
18
641
550
159
579
622
293
493
576
52
217
510
380
729
609
381
321
385
633
476
220
771
537
479
560
453
20
658
438
5
11
464
632
491
8
272
577
149
405
326
146
325
168
260
595
6
401
235
238
573
53
28
204
349
295
616
624
657
436
337
772
286
356
225
10
218
229
432
527
17
419
522
213
552
692
303
130
555
664
83
596
155
236
509
264
330
237
19
410
273
637
435
549
299
322
608
538
2
234
584
570
182
296
79
593
33
132
376
621
644
428
694
65
594
398
239
727
463
372
183
280
153
466
176
208
212
21
150
454
354
70
269
242
370
422
152
128
615
329
111
344
267
780
434
265
440
495
736
270
191
423
565
776
488
323
378
523
445
756
699
343
613
612
732
314
175
348
417
755
195
241
723
439
690
179
209
61
665
578
530
196
377
643
340
467
769
416
585
58
161
186
640
64
504
561
285
775
512
568
691
666
292
178
404
126
371
151
346
406
483
500
655
316
243
268
210
489
397
263
45
224
490
427
569
184
247
127
156
764
125
181
51
288
369
331
586
124
252
365
123
291
368
287
485
37
69
342
395
315
460
350
750
304
773
177
67
387
59
290
60
139
36
456
357
87
455
386
336
358
566
106
309
308
77
514
317
332
276
103
763
13
513
39
313
762
68
392
516
420
289
484
517
38
774
34
49
751
166
360
167
78
725
46
62
50
515
41
63
40
66
35
47
359
135
48
107
703
