633
61
465
536
495
624
719
218
122
378
671
439
627
127
234
312
261
661
682
545
685
701
383
576
432
316
159
327
625
550
606
552
285
687
296
25
120
70
544
264
683
717
6
660
513
258
250
340
208
124
622
655
263
2
381
102
265
270
684
406
186
141
85
714
540
571
108
158
578
634
382
287
538
376
54
433
60
457
568
30
411
526
58
326
87
178
10
353
367
493
1
757
653
5
728
33
350
325
691
19
730
23
742
56
689
710
609
169
466
657
210
521
459
623
94
487
161
783
138
727
147
577
482
121
269
43
162
160
183
119
224
357
531
592
315
542
358
181
8
569
73
118
595
99
97
652
690
763
167
523
209
450
109
453
539
597
481
289
204
698
608
100
425
405
720
589
177
438
706
93
484
454
349
458
98
170
72
403
483
640
537
143
166
151
387
565
15
771
488
404
647
748
511
485
508
95
507
694
96
637
638
81
184
607
663
76
553
303
74
734
692
662
460
510
636
77
567
51
563
377
361
558
92
478
251
115
726
452
666
79
733
582
68
566
417
389
509
580
610
665
669
223
14
743
732
472
90
581
66
693
471
388
664
64
564
390
554
171
479
503
619
165
527
612
639
445
557
67
614
646
419
555
65
695
668
447
618
44
139
702
80
360
556
591
475
195
529
501
451
667
89
611
584
697
91
583
696
391
590
528
446
418
474
473
