334
306
642
675
670
193
305
722
724
277
88
723
46
362
41
449
136
42
647
106
276
669
674
420
422
137
221
40
703
45
477
304
197
38
761
105
585
769
392
43
443
472
251
416
719
249
92
709
505
444
284
108
224
39
110
639
450
192
78
704
421
335
394
592
641
717
312
107
37
516
741
648
750
223
75
173
165
393
676
138
333
773
489
47
94
638
743
517
721
90
135
533
534
610
63
718
49
556
464
62
690
753
490
747
34
689
12
337
424
488
310
650
569
765
613
688
132
74
371
778
113
716
279
441
311
485
44
518
169
369
514
415
96
104
707
166
679
470
278
194
288
595
414
462
561
50
495
715
582
497
681
499
779
367
370
596
484
511
36
635
109
710
515
460
649
545
764
654
396
433
48
544
405
287
87
468
513
591
587
339
678
668
694
599
661
606
469
79
461
463
397
281
471
483
539
342
427
568
35
768
498
619
91
401
777
636
467
140
633
400
395
222
398
552
577
491
692
423
593
609
150
399
634
149
643
164
457
646
314
13
403
701
487
458
780
653
76
210
615
570
605
61
9
125
652
434
691
666
95
244
754
3
126
209
677
248
58
580
344
706
437
440
627
168
608
426
699
431
578
262
486
711
465
571
657
51
116
567
564
33
364
598
744
429
760
250
632
365
315
637
23
151
1
589
428
781
430
746
156
307
597
455
680
124
729
181
363
82
535
119
152
309
32
645
214
11
243
783
57
425
782
30
189
581
6
749
213
439
56
204
85
496
766
285
601
413
459
201
526
625
52
283
671
553
19
758
240
84
523
560
270
476
776
728
0
673
524
241
55
238
16
25
176
203
618
239
266
579
172
93
442
696
726
412
338
590
59
504
366
612
651
268
698
614
705
478
256
118
557
282
474
