589
557
527
594
595
556
562
588
596
563
553
526
555
362
558
554
564
521
561
399
522
565
367
528
523
460
459
495
552
566
361
597
593
520
559
458
567
688
494
535
330
491
363
490
331
368
721
689
560
530
531
242
532
427
461
366
335
395
720
492
389
661
534
489
690
525
533
241
747
746
529
342
400
329
375
585
781
584
114
879
719
332
310
87
309
408
693
42
780
493
847
275
714
376
849
210
750
394
848
568
74
598
783
878
880
758
200
428
170
336
81
209
343
713
500
56
337
726
779
881
503
816
524
727
22
626
263
304
299
119
913
298
1009
347
113
944
472
216
118
208
183
201
749
977
540
817
55
499
106
819
536
146
488
276
407
789
280
814
23
145
812
752
571
501
54
50
748
144
420
326
10
507
745
277
176
504
86
177
508
80
818
695
502
150
107
1010
249
1004
75
614
846
422
782
844
850
759
274
73
943
171
572
1000
910
78
628
999
976
664
240
1003
82
632
911
294
9
811
314
215
603
88
877
945
278
357
851
633
875
440
942
997
358
681
248
1006
49
273
539
616
998
696
788
169
582
581
315
808
388
262
600
412
842
1005
409
311
116
882
231
18
476
243
843
599
966
815
741
48
93
946
778
98
612
475
610
884
344
548
665
920
993
377
537
992
1020
105
182
1019
996
516
609
1002
608
604
978
356
677
228
914
178
24
448
915
29
92
1001
893
191
281
757
903
813
862
1008
802
151
674
260
921
498
1021
120
443
935
739
97
104
895
385
699
258
108
646
66
217
152
845
874
95
947
834
836
738
864
742
740
807
112
923
354
657
322
892
17
835
318
102
165
417
110
770
115
954
986
952
995
480
64
155
96
832
897
134
953
189
706
989
1011
798
345
100
386
355
257
861
312
31
285
287
444
987
873
577
103
1
509
1023
1012
961
259
70
218
223
994
888
143
175
141
477
2
607
894
587
