434
466
529
465
497
498
435
433
436
561
593
364
437
467
626
623
622
430
402
363
591
462
468
654
372
341
592
405
373
403
340
395
365
404
683
530
625
397
469
396
560
684
463
651
464
429
685
394
374
624
653
594
406
682
496
371
562
655
652
528
494
331
650
332
401
715
342
716
658
333
428
307
431
308
438
495
427
362
659
627
300
426
714
398
559
499
301
914
309
302
686
694
809
661
339
370
432
247
841
330
851
329
390
850
979
346
283
473
315
763
455
911
236
573
974
204
299
693
1015
139
347
882
542
869
15
16
792
760
660
606
526
47
446
872
233
808
422
704
252
122
237
1005
574
421
700
874
709
698
147
261
1006
883
678
807
84
189
248
791
63
823
58
731
279
679
842
487
161
775
1007
820
205
504
57
912
613
551
48
662
423
839
776
672
543
253
910
17
1012
49
510
269
256
717
425
726
796
673
705
575
159
980
235
130
34
80
321
316
291
230
266
72
943
221
148
67
505
379
794
190
806
453
840
519
393
768
445
821
158
1011
641
290
870
478
541
357
192
162
922
40
232
902
975
103
973
644
194
485
913
822
276
18
713
85
858
681
590
479
284
667
297
825
643
710
375
384
1013
116
706
73
35
907
288
104
115
475
888
389
946
476
711
580
959
668
112
859
1014
934
65
605
98
90
38
1016
981
486
411
113
352
826
259
461
628
220
737
852
95
311
222
865
777
545
199
137
180
742
994
88
930
646
764
153
324
890
1001
74
732
991
214
801
20
795
666
131
746
12
735
149
484
477
854
83
25
965
743
141
1023
443
507
138
270
500
838
229
924
121
260
962
378
927
127
1004
203
730
915
298
380
707
1022
89
71
135
544
350
748
75
828
856
173
857
926
671
892
873
708
637
511
268
244
960
889
773
306
982
517
351
355
168
947
634
891
96
383
928
875
157
868
39
983
896
774
320
126
26
59
353
942
829
323
810
160
837
234
670
990
899
454
225
744
292
198
197
356
867
536
325
134
251
702
452
46
44
647
767
845
287
729
656
674
969
638
804
929
518
611
52
640
508
385
581
799
932
447
675
925
900
13
676
328
549
125
31
217
201
227
91
124
123
639
642
319
958
154
191
879
578
354
293
515
129
117
177
963
184
418
79
976
314
271
206
419
246
937
607
904
97
41
984
102
740
516
703
906
265
267
451
699
132
99
33
945
212
901
550
140
68
407
448
107
36
171
136
793
213
992
576
70
898
226
734
908
618
8
956
957
317
21
933
615
66
219
830
277
509
881
936
108
223
318
27
772
941
391
105
118
895
238
897
514
264
903
1020
188
800
996
450
6
258
414
955
109
310
636
831
761
583
871
762
81
1003
296
64
538
2
32
950
846
275
501
645
211
608
416
1010
472
322
954
358
77
866
938
128
163
923
166
156
92
196
677
798
629
988
193
101
187
167
951
939
440
55
254
847
993
916
527
413
3
242
1021
106
819
540
884
386
152
37
919
853
481
649
245
548
736
441
712
1009
832
931
286
348
30
848
987
827
9
612
813
250
728
964
887
572
701
243
759
444
133
14
1017
410
778
215
797
224
878
169
255
69
952
207
142
766
978
582
967
824
7
387
918
228
860
183
285
790
935
94
76
569
164
886
972
274
28
62
143
146
953
610
769
43
512
833
56
844
273
280
289
334
579
836
546
4
738
765
19
997
282
45
182
82
186
60
185
604
439
733
986
894
970
200
100
843
417
144
940
539
257
78
119
864
547
968
998
905
493
120
818
803
170
863
861
181
635
745
961
382
609
415
1
614
989
151
697
295
781
727
176
1008
474
571
893
657
513
602
880
155
695
86
603
412
741
815
216
343
231
5
834
179
849
53
175
51
949
669
921
42
506
633
165
805
442
1018
995
29
537
178
111
814
1002
482
172
24
0
449
480
218
1019
770
483
577
202
210
50
749
999
87
944
174
876
977
779
470
195
885
855
782
361
110
835
381
948
917
262
739
241
971
817
239
240
680
802
93
788
388
359
23
114
920
456
11
420
747
771
278
54
294
61
816
263
1000
349
303
862
281
313
985
725
327
338
780
570
150
966
209
312
326
145
811
568
249
520
424
877
665
360
22
10
488
648
909
663
525
758
471
208
304
696
812
687
617
272
392
789
345
601
616
409
784
664
552
558
400
305
632
757
600
377
785
408
630
584
631
787
756
399
369
344
366
718
457
621
335
692
783
503
619
376
786
531
599
595
724
337
368
751
336
567
502
535
585
750
689
367
688
752
691
563
755
690
489
460
553
719
458
532
459
620
753
720
533
597
596
521
598
754
723
534
721
566
586
524
492
557
565
722
564
589
490
554
522
587
491
523
588
556
555
