707
745
706
744
705
742
746
743
350
741
378
735
771
406
267
651
678
676
679
434
770
377
460
736
418
462
184
533
594
106
266
648
652
130
624
435
433
335
677
381
320
105
649
363
321
446
621
322
405
461
294
380
410
772
186
373
400
362
714
255
708
239
740
283
212
345
183
408
567
733
103
737
371
40
62
210
407
346
354
372
135
409
568
747
251
333
41
597
569
659
278
432
156
63
718
620
379
39
88
650
436
399
670
250
566
221
249
305
622
534
374
107
390
590
77
347
361
238
713
216
450
243
222
155
128
211
717
458
601
754
497
