283
256
255
712
741
282
96
708
311
670
740
95
123
228
199
529
446
363
320
362
477
474
726
335
678
742
707
251
390
724
677
709
557
698
171
614
221
752
770
321
531
696
447
568
181
771
293
151
705
679
145
174
130
473
310
124
177
254
179
334
569
648
306
418
152
209
208
748
706
749
502
559
222
738
425
676
180
178
744
305
737
739
125
570
200
714
333
176
89
769
279
172
475
525
234
745
753
768
253
651
649
307
97
710
654
589
711
566
117
567
505
743
655
319
400
153
766
237
202
573
210
227
713
693
449
503
558
767
182
343
772
583
80
122
146
230
118
94
507
650
594
148
659
441
571
350
782
278
448
81
322
399
361
421
682
131
90
495
144
765
653
231
150
618
257
657
556
137
241
450
149
147
236
574
371
472
675
685
523
619
388
597
736
535
138
735
186
391
668
684
671
620
201
41
647
109
600
235
284
501
652
259
460
591
497
91
373
74
440
225
627
98
590
646
747
296
266
370
522
323
624
243
212
265
120
216
617
601
354
76
413
702
564
686
582
563
71
38
325
229
294
184
689
621
377
680
718
92
746
700
14
269
240
754
93
345
528
207
656
346
183
72
779
249
732
683
226
717
114
552
773
524
386
165
588
213
406
461
338
372
526
625
378
626
238
658
277
380
607
86
268
396
598
506
412
716
119
242
580
121
43
108
704
26
758
198
720
434
596
326
79
592
56
554
1
352
348
499
719
173
261
433
193
403
469
295
595
444
389
405
100
420
623
347
344
681
764
728
16
701
468
328
156
572
197
415
214
775
31
645
327
64
116
616
734
733
353
25
673
246
211
407
561
0
622
37
385
217
270
610
631
578
24
356
351
82
140
112
366
15
374
10
99
29
498
451
330
52
393
22
185
9
154
553
521
549
504
579
55
435
28
32
11
7
672
188
39
674
300
379
462
128
54
4
298
13
168
757
761
5
730
194
604
244
431
84
551
85
467
239
414
644
6
12
33
581
189
432
560
45
329
759
662
20
404
331
27
729
23
162
17
272
550
301
778
530
493
21
459
65
638
599
527
464
8
49
382
532
57
170
437
232
83
141
629
375
274
408
196
78
458
383
113
303
155
258
543
