94
460
257
490
446
515
721
579
539
553
518
552
512
42
359
155
731
281
65
672
321
602
48
154
265
285
551
631
352
259
635
636
630
190
81
549
633
188
187
311
160
135
605
324
632
597
664
159
484
604
161
610
417
575
572
596
90
268
577
634
388
598
612
387
538
158
61
766
606
603
566
584
143
60
162
226
457
540
595
550
600
576
665
543
317
198
513
134
156
432
431
719
611
254
485
590
11
366
433
278
18
732
194
264
74
170
247
132
91
57
587
89
276
578
316
52
284
542
645
314
19
133
261
571
748
670
309
260
641
36
291
514
504
541
315
142
775
599
389
487
429
157
292
197
17
75
253
219
475
757
767
85
458
640
38
532
729
616
14
725
337
225
140
15
430
3
779
752
350
476
113
168
364
699
29
751
223
191
139
639
290
28
23
0
335
167
378
72
459
111
6
9
54
402
404
112
570
727
106
221
7
50
420
756
405
166
286
617
249
80
196
67
342
83
403
251
13
263
728
40
39
62
644
137
780
333
567
262
88
109
248
163
296
486
349
193
195
37
569
694
568
35
723
695
287
348
289
377
288
376
107
