306
328
675
334
450
117
270
614
674
778
755
298
448
530
299
776
437
391
55
754
327
338
24
297
116
33
31
308
394
41
84
5
750
114
418
171
700
87
642
393
772
250
242
730
726
395
702
63
477
79
310
392
562
30
279
144
26
505
588
533
478
325
759
761
82
647
768
668
561
613
174
367
765
53
535
147
503
449
411
696
326
758
558
701
671
169
619
782
669
58
585
64
502
25
224
12
410
557
243
673
698
774
465
760
4
563
773
282
201
749
742
362
615
222
202
173
529
271
165
769
601
464
120
564
676
78
438
736
536
715
409
506
707
305
283
770
740
745
361
651
199
474
267
329
739
646
560
307
118
693
66
51
396
280
255
339
146
452
145
16
741
43
244
252
121
355
356
678
746
480
141
256
466
439
517
737
123
473
436
178
172
357
232
300
621
277
714
204
179
424
175
710
272
649
451
76
353
711
228
667
705
777
149
230
708
638
231
500
176
124
381
531
629
583
528
125
390
589
720
447
507
354
44
148
122
183
592
555
126
679
70
783
233
1
753
22
440
559
692
412
501
56
717
59
697
177
747
86
680
688
534
205
421
150
618
722
384
93
312
492
294
687
682
489
709
718
681
301
295
273
738
498
467
666
416
383
304
573
151
239
493
582
101
441
683
368
330
206
203
108
217
382
556
516
690
182
119
379
209
593
215
127
565
499
266
68
100
408
340
637
216
302
426
706
245
653
73
657
622
781
537
686
128
624
184
468
235
623
47
102
236
469
105
652
545
274
472
434
656
332
463
246
491
442
471
650
104
213
200
214
494
229
351
234
520
96
218
546
323
510
238
99
407
454
689
654
397
103
509
385
98
519
462
626
625
180
413
453
591
95
443
358
677
691
8
526
227
527
470
581
511
713
92
724
152
594
508
435
482
241
554
380
208
663
574
521
207
130
497
164
269
609
399
69
415
97
425
524
131
712
744
620
237
185
427
495
661
743
419
212
655
336
240
764
129
481
210
360
398
704
461
586
153
313
483
684
658
400
186
496
34
77
547
32
734
331
445
189
444
685
608
522
49
293
211
422
771
303
365
258
414
363
628
662
136
423
659
181
138
580
220
322
488
627
46
479
10
192
544
523
660
525
406
548
703
716
643
648
607
71
45
735
110
341
115
455
20
733
762
21
2
27
763
369
275
386
401
319
318
428
456
372
373
371
344
345
346
374
320
343
370
375
347
