397
774
172
506
396
562
368
116
423
135
324
677
369
336
442
338
173
370
387
518
403
366
703
308
659
358
478
386
132
631
375
164
208
175
534
376
734
725
379
348
201
435
422
404
385
411
351
194
357
454
220
687
372
398
163
295
394
329
443
414
535
317
343
395
407
191
330
772
424
344
202
417
705
399
327
466
365
455
254
359
427
227
323
412
107
615
425
533
349
523
299
355
732
482
249
643
516
320
103
136
144
384
243
496
603
352
561
310
415
371
215
416
778
469
24
383
575
300
468
517
751
245
203
731
174
393
431
83
146
205
187
196
273
773
111
543
410
515
439
257
776
500
133
539
219
316
430
461
15
637
337
222
481
61
214
476
470
548
148
200
665
59
438
426
341
510
233
777
546
448
18
272
226
302
756
62
342
781
134
112
22
236
167
29
229
467
553
131
17
328
159
26
301
460
576
440
733
522
757
11
7
32
400
296
106
313
540
235
285
728
264
19
9
160
292
755
704
230
339
31
673
198
52
232
231
141
280
729
697
644
4
402
263
489
55
242
524
388
356
188
84
258
21
28
269
281
504
547
525
271
290
604
458
53
345
699
140
23
445
382
514
521
779
487
57
218
20
495
354
432
509
488
497
434
287
759
347
563
420
207
513
309
577
186
672
0
700
635
380
319
537
771
433
291
315
16
282
54
680
176
261
471
305
560
289
13
457
102
494
419
499
25
262
567
691
252
5
626
519
783
2
721
658
60
101
730
453
147
326
248
490
189
530
413
56
119
129
1
10
501
782
754
27
780
459
6
33
149
180
255
161
260
270
681
253
154
632
288
14
542
321
645
727
617
192
486
714
651
3
190
441
593
85
373
82
550
204
314
682
110
735
736
538
405
377
694
600
545
105
259
758
532
322
551
378
168
8
408
628
206
162
392
265
35
574
30
157
155
304
527
544
246
274
492
616
221
406
512
520
498
679
436
279
599
692
428
216
541
620
629
152
671
549
701
589
234
664
34
177
353
462
737
634
660
683
268
711
151
465
145
579
609
636
318
325
247
244
185
297
213
179
720
571
298
381
661
493
364
346
678
283
606
480
58
331
601
564
199
452
605
588
508
578
332
690
775
311
276
740
596
552
598
12
688
483
63
113
630
625
706
722
485
209
150
760
526
608
224
686
130
587
612
374
211
137
48
761
502
627
713
715
139
565
38
663
217
554
360
429
624
536
275
223
350
158
695
125
710
750
570
507
707
241
623
676
648
446
657
128
638
401
762
117
444
511
156
367
284
51
286
559
491
581
768
165
597
120
340
674
409
662
170
614
166
693
124
484
183
723
178
212
303
572
633
718
153
738
228
607
87
652
464
108
753
184
654
745
46
47
39
36
49
333
746
767
50
293
363
742
277
88
42
717
743
708
294
312
741
770
