533
565
534
597
394
395
526
527
364
528
1005
497
628
363
564
430
561
396
362
494
593
529
590
566
559
913
596
1004
501
1013
847
626
1012
880
500
629
589
502
848
532
1000
912
850
393
557
911
849
1011
496
594
530
879
426
330
1014
556
429
727
662
595
462
608
846
562
498
683
558
464
944
242
627
531
650
945
759
427
563
881
661
979
883
361
208
851
495
1015
694
342
580
177
581
776
329
746
716
295
914
905
503
241
695
331
209
682
535
726
425
882
747
693
445
575
576
176
409
714
974
952
758
745
144
275
236
860
549
775
516
206
612
836
499
428
889
397
808
250
308
422
463
548
282
298
996
778
574
377
748
998
719
865
341
910
448
309
814
868
820
725
408
807
207
319
679
477
999
48
734
577
