563
564
523
562
556
532
113
530
555
522
595
524
521
596
491
554
490
557
553
535
6
561
533
49
492
588
81
594
489
534
565
324
0
525
198
145
323
106
503
567
31
529
552
1
5
4
566
759
50
258
144
745
502
322
996
585
354
536
600
568
998
752
499
41
504
751
62
589
750
146
749
881
520
849
779
727
69
593
882
498
17
257
229
37
170
758
746
850
165
260
1010
352
777
880
292
139
102
914
367
471
209
847
321
2
995
30
3
166
127
632
778
584
29
472
105
458
197
720
440
210
114
741
330
747
792
601
726
108
963
242
780
376
331
586
560
848
791
748
118
356
812
999
39
368
388
16
82
633
409
815
400
818
613
753
408
835
140
277
362
234
196
928
776
1011
311
703
332
134
357
420
87
846
664
353
310
702
879
717
719
178
343
141
335
28
903
671
599
823
735
275
177
537
54
290
709
883
646
119
95
351
278
493
851
808
150
844
18
961
878
811
824
1013
473
55
895
608
997
120
1012
439
796
790
64
291
795
1023
587
569
935
730
817
333
828
734
86
241
104
107
363
721
449
934
261
740
60
63
344
781
88
813
228
152
133
219
713
527
714
913
23
816
274
931
74
772
151
1003
505
760
389
375
301
109
992
500
814
329
978
38
975
809
334
132
819
964
843
336
508
220
70
284
915
771
441
960
1005
412
1021
977
307
208
612
377
419
1020
544
1004
381
298
920
361
112
697
526
929
665
773
509
153
839
962
877
974
912
625
694
61
221
864
899
101
390
889
65
442
783
80
966
645
543
407
185
476
96
604
810
233
297
582
701
176
540
511
576
739
243
541
276
979
182
766
253
57
670
860
342
696
27
445
789
827
247
299
922
946
252
215
614
732
1009
887
477
765
738
248
157
943
872
89
217
803
1000
488
410
891
718
1019
269
251
147
1022
480
767
947
320
904
954
822
820
731
121
444
897
289
188
689
1001
452
93
884
611
945
306
842
942
762
917
279
300
578
858
572
948
75
337
695
262
187
953
933
259
890
989
218
459
312
32
155
836
606
981
478
742
744
280
538
315
359
100
916
156
926
214
944
678
971
804
991
918
733
22
136
925
871
965
980
798
698
549
607
216
448
325
764
763
21
83
358
782
797
516
838
548
799
539
186
800
399
870
841
761
643
892
90
902
231
845
366
985
976
807
833
124
580
855
832
987
246
865
921
282
26
570
550
283
268
805
1018
207
840
191
479
675
245
688
450
128
92
907
769
829
154
387
736
94
374
316
581
506
583
919
873
894
910
263
189
859
821
266
304
249
73
972
639
785
901
317
507
952
911
58
206
867
457
642
91
857
183
392
729
856
512
211
380
250
825
875
988
474
1002
551
868
801
240
205
117
110
888
235
784
863
222
379
267
852
308
123
230
25
602
559
955
1006
631
125
940
610
244
528
501
53
571
700
190
285
56
861
853
597
309
10
453
393
349
24
707
893
345
169
956
159
1014
802
973
302
460
271
385
203
339
281
406
932
834
51
950
993
416
179
715
347
273
876
644
669
391
443
896
518
575
831
239
378
986
384
149
900
421
288
924
103
666
59
138
99
826
1008
184
238
885
542
558
456
641
470
793
959
638
360
909
737
19
854
328
728
294
941
958
705
286
886
710
637
609
485
636
716
874
573
223
254
517
417
305
668
967
667
862
202
939
413
708
806
706
48
866
454
938
265
122
788
236
794
295
957
951
994
237
212
628
418
949
787
314
620
869
672
754
906
204
226
484
348
34
142
519
577
663
475
699
770
830
936
115
483
711
603
775
923
605
626
270
40
175
47
990
647
676
373
158
341
438
227
786
164
574
1017
1016
350
662
15
71
411
927
615
908
481
640
510
424
677
369
338
656
937
422
126
627
679
340
674
173
85
616
657
635
704
36
213
8
346
624
181
326
579
313
386
682
969
673
592
272
768
199
46
681
98
970
293
680
97
617
774
661
693
930
84
687
598
743
482
898
486
425
634
303
837
77
1007
905
68
52
982
296
722
984
414
318
143
327
194
423
256
7
487
137
712
9
20
364
757
135
447
76
66
432
72
755
355
171
264
968
180
174
1015
451
116
44
455
172
225
983
365
372
394
401
497
383
630
725
513
415
405
35
546
648
168
131
621
690
148
686
433
193
14
255
649
287
382
426
461
466
619
195
371
446
514
224
163
629
756
43
162
494
658
200
130
655
683
427
78
395
723
590
591
685
465
79
232
623
618
467
398
650
45
437
515
404
428
370
319
660
692
434
435
495
67
547
652
469
496
691
545
724
468
684
396
33
436
192
11
651
464
654
167
431
13
653
160
402
659
129
403
111
622
397
12
429
161
430
462
463
