516
320
248
343
568
567
345
276
347
328
515
344
346
267
321
595
357
566
318
342
319
65
329
275
304
249
437
538
330
317
540
238
466
247
429
356
371
274
594
303
457
355
239
576
544
370
315
273
302
266
438
781
331
512
494
465
285
721
333
292
596
508
690
366
300
602
688
603
539
219
575
272
372
221
522
301
277
358
517
210
577
373
92
604
691
600
479
511
246
662
244
689
484
35
501
569
390
663
481
623
473
332
597
245
193
510
509
617
549
163
635
0
126
430
458
291
537
305
341
601
622
7
348
523
654
125
716
475
420
77
196
158
369
44
111
446
62
157
83
616
240
756
548
18
15
29
445
112
107
13
521
527
528
167
556
88
550
314
241
209
237
699
106
40
211
6
124
488
235
520
220
159
605
278
208
727
232
500
74
489
236
9
463
697
687
467
212
39
624
677
625
192
80
151
723
268
636
382
188
72
140
695
67
644
127
284
160
619
36
599
592
417
38
207
165
499
436
265
493
22
462
551
482
56
199
86
565
216
136
652
491
250
729
1
251
222
259
383
389
753
464
653
483
664
447
502
257
559
340
137
706
253
554
217
587
175
59
402
109
187
295
233
618
287
495
166
748
194
213
170
526
694
409
205
258
339
234
532
670
198
223
531
746
19
571
178
168
757
374
293
452
572
145
176
451
639
61
579
134
98
218
655
535
89
226
783
324
335
37
519
254
142
200
661
492
119
361
215
206
128
161
191
186
480
204
309
607
286
626
96
582
85
133
719
543
177
589
327
189
608
17
560
384
578
214
75
311
325
640
322
780
354
50
574
615
555
435
139
150
3
23
57
230
408
732
610
504
47
774
90
584
752
683
296
229
740
747
171
197
68
228
123
779
60
195
52
271
676
243
120
360
728
609
665
641
364
260
692
94
606
113
14
313
751
743
775
353
593
586
143
410
337
54
28
476
443
97
99
645
225
144
453
149
725
11
122
764
148
34
95
147
612
478
100
269
693
381
767
190
766
64
598
419
730
26
424
425
312
392
726
336
703
700
642
359
81
759
162
590
185
30
91
121
84
702
173
771
5
49
518
8
611
87
255
422
63
117
397
643
396
724
131
33
31
393
363
423
42
10
763
24
45
114
365
73
394
754
20
448
308
762
731
27
110
672
21
138
2
674
755
281
444
174
164
70
116
115
734
46
101
69
32
55
105
41
76
415
614
48
385
778
79
704
416
310
368
545
66
733
720
546
104
744
454
398
735
71
399
172
283
102
386
426
738
411
427
401
103
455
400
404
