78
450
75
96
533
639
37
477
505
565
750
394
137
251
97
220
94
79
516
197
335
49
721
592
223
12
648
421
773
34
676
411
380
173
275
650
613
743
310
765
333
98
408
689
778
561
753
169
488
249
690
135
717
138
595
747
582
741
190
631
36
668
165
635
434
74
654
713
219
71
50
191
718
568
393
48
90
133
279
686
556
534
591
659
716
35
711
649
470
764
666
694
681
424
661
371
685
633
567
632
433
158
460
715
157
634
123
653
566
570
684
712
679
156
609
109
288
113
655
399
710
600
379
514
95
160
593
768
91
13
637
587
608
619
281
636
779
461
652
499
580
545
682
166
537
646
209
370
274
149
469
611
564
76
289
435
498
678
777
598
51
307
497
396
552
766
615
701
244
240
544
207
342
287
364
692
749
161
720
278
699
382
134
214
458
162
140
606
625
283
486
696
425
217
540
510
471
740
660
754
535
215
344
581
707
691
423
489
61
406
243
430
543
744
677
218
640
9
656
645
365
630
767
658
85
213
493
314
3
729
520
410
187
186
185
760
583
468
130
30
82
201
77
153
571
782
612
167
285
363
667
164
32
594
56
216
100
732
315
680
239
663
241
57
119
457
607
246
748
532
6
739
383
671
270
272
23
372
664
762
687
783
204
188
551
494
294
238
432
27
526
189
93
662
2
206
265
731
319
194
345
112
373
180
52
404
121
266
522
504
409
236
129
0
763
20
708
576
181
183
547
235
237
550
128
758
476
320
601
439
683
523
459
19
672
438
155
548
549
131
16
55
375
102
205
579
466
28
560
126
286
542
618
746
208
756
553
5
546
260
620
727
8
53
290
673
152
440
245
412
25
492
268
524
590
179
124
624
338
151
431
280
617
141
64
271
302
122
651
178
18
403
730
72
101
755
86
693
258
714
99
354
706
757
366
176
262
252
356
343
184
242
125
230
622
578
263
429
10
22
665
21
250
4
231
233
700
452
256
264
401
261
623
24
738
29
154
378
234
657
222
292
519
347
318
485
377
317
17
300
462
517
626
232
605
385
353
575
210
182
115
26
405
227
177
340
705
83
467
574
143
7
89
465
725
726
350
267
139
316
451
368
539
118
557
442
341
752
402
479
698
269
313
117
495
374
772
513
174
282
702
616
291
195
573
602
295
491
202
145
483
259
332
541
774
480
336
742
588
15
507
436
14
733
463
528
147
355
695
384
346
484
175
511
298
525
555
253
70
229
322
745
352
572
81
527
308
225
297
324
296
323
351
120
73
518
132
325
603
437
255
584
621
327
770
737
529
146
490
734
331
464
506
771
257
80
114
69
775
502
67
448
735
299
199
170
751
503
329
388
474
390
736
65
328
142
68
254
501
447
171
330
66
697
361
531
200
144
228
359
358
391
417
475
419
226
198
446
530
559
389
586
360
558
418
