334
642
675
306
276
46
193
41
670
88
647
724
248
40
722
305
420
45
723
304
277
674
444
39
105
669
38
42
43
449
224
106
392
247
416
769
422
362
704
192
472
641
92
585
221
703
443
104
284
136
719
709
761
47
610
538
108
44
638
63
536
110
569
312
150
107
381
415
337
62
407
293
441
688
367
87
596
311
348
103
599
397
339
515
309
414
369
427
376
628
627
400
629
643
398
487
780
321
521
428
58
273
395
163
60
168
426
482
597
33
453
349
589
1
159
11
386
508
781
445
413
212
481
116
563
496
59
84
54
456
303
509
776
203
644
614
211
728
512
759
604
111
562
554
148
127
31
455
172
196
500
577
301
473
326
454
478
387
357
