670
96
362
590
92
197
474
696
334
89
473
724
306
115
171
618
646
94
44
335
529
283
557
143
477
95
90
676
93
505
43
311
114
91
169
472
648
251
256
333
446
74
708
450
363
421
449
647
707
591
390
72
117
531
705
589
744
118
144
563
267
123
642
747
619
743
305
418
170
97
80
388
145
675
678
614
702
255
221
79
706
138
712
447
266
282
745
726
741
193
698
556
137
767
525
719
651
566
268
709
361
668
279
567
746
650
679
228
766
81
718
199
71
317
64
98
119
503
109
502
535
677
120
86
753
475
223
239
76
717
108
748
290
649
121
174
172
592
284
571
583
451
570
779
122
443
669
318
467
495
210
142
307
99
752
710
165
689
674
113
769
124
56
564
768
460
528
685
377
391
295
444
201
75
770
184
610
611
569
573
523
406
682
497
45
65
205
241
100
749
771
559
713
594
278
208
580
740
378
693
733
716
634
507
742
684
230
572
415
471
147
600
552
501
686
400
237
738
294
425
652
209
714
277
67
262
186
225
765
728
238
254
782
578
598
641
731
671
700
212
711
1
701
438
129
14
243
4
16
42
673
383
198
202
73
439
730
608
231
240
549
621
617
681
200
411
609
259
296
760
353
620
704
599
448
173
754
404
761
758
293
351
553
739
300
31
141
588
372
645
601
688
233
354
720
635
522
162
229
310
216
558
412
414
7
146
452
183
602
6
85
574
82
206
632
374
182
25
465
257
54
222
413
312
604
344
536
432
269
367
376
84
213
506
236
595
667
393
735
0
227
468
148
33
662
270
348
26
272
461
51
140
207
524
149
777
104
630
352
274
168
22
410
521
55
442
683
466
20
757
52
30
603
380
623
680
180
249
158
246
653
778
58
399
659
597
550
303
622
349
181
337
628
636
49
298
356
626
606
11
389
327
326
235
382
445
261
32
433
633
783
244
575
560
493
87
381
15
301
203
224
660
302
436
155
629
737
28
658
319
729
5
373
29
24
561
644
18
458
759
226
478
596
695
258
286
430
253
480
331
320
338
437
139
332
582
734
544
387
612
357
751
359
