59
167
611
733
614
475
139
336
647
429
694
447
226
308
695
704
503
198
282
731
666
135
368
97
444
643
564
14
417
423
96
619
157
640
667
39
638
665
257
615
456
465
637
79
396
283
60
725
629
44
148
15
677
756
126
702
347
424
430
365
260
224
664
751
47
220
309
40
381
703
485
610
240
627
457
668
189
408
338
22
541
172
651
628
474
554
179
63
401
529
705
486
87
478
494
632
331
382
625
581
11
345
298
634
481
348
436
375
239
520
158
412
462
397
658
440
265
699
360
31
774
18
346
271
196
690
134
234
275
35
402
270
624
132
125
0
45
343
124
288
384
609
453
209
525
41
315
584
245
639
297
218
46
61
190
187
597
729
416
156
85
497
652
490
689
553
545
182
458
272
504
33
354
403
540
661
247
626
388
285
373
650
149
630
527
636
175
159
150
56
29
202
606
420
69
602
185
533
727
655
1
121
605
407
467
439
780
213
160
51
591
654
58
570
116
184
238
400
214
492
287
241
215
180
349
549
524
662
310
498
441
681
623
55
303
314
200
635
163
435
684
476
566
300
755
459
464
254
188
261
5
568
32
510
604
178
577
495
437
518
513
748
776
9
129
140
600
579
574
217
596
206
548
183
292
468
471
2
404
599
186
302
552
487
318
268
286
317
607
673
578
25
589
4
752
512
750
519
580
372
598
460
711
508
201
205
517
385
409
663
244
155
208
24
301
543
514
567
48
410
299
563
394
608
544
660
262
438
601
26
141
452
30
191
326
515
203
327
542
235
691
757
448
463
603
316
714
645
730
13
526
569
232
19
376
112
28
754
264
550
778
648
54
413
342
123
491
57
269
546
763
659
482
289
633
320
23
242
551
81
781
782
411
353
682
680
672
571
573
572
383
528
152
653
749
10
656
339
52
728
425
575
243
20
274
162
324
164
153
127
509
176
21
631
414
181
216
768
469
783
236
319
366
523
227
8
380
539
484
592
212
516
161
488
536
618
17
434
219
64
82
683
173
133
151
426
693
255
332
174
522
531
679
521
499
701
62
233
576
207
496
771
470
472
392
34
259
736
328
154
715
443
103
118
119
267
356
511
431
483
489
649
676
622
337
36
246
296
77
595
657
248
758
773
726
107
502
3
735
355
678
290
171
723
266
461
377
620
279
199
68
70
144
273
102
454
687
762
325
65
321
405
131
344
685
432
594
276
106
230
710
177
49
101
555
340
293
280
675
433
686
646
406
772
229
12
352
43
427
95
304
252
777
621
38
415
378
120
764
50
110
613
737
99
221
722
379
389
364
295
556
313
535
698
480
86
147
770
767
455
105
739
451
91
559
713
329
146
779
330
66
387
122
42
341
765
192
743
398
108
128
284
109
358
195
351
307
88
532
294
311
142
557
766
590
89
674
76
225
744
393
78
617
359
587
616
350
742
113
738
753
166
137
223
305
73
75
100
422
93
706
37
333
323
709
760
94
746
115
450
67
741
586
363
588
775
92
322
249
143
399
312
708
281
421
136
507
479
117
449
74
769
193
761
114
745
707
251
335
145
104
505
90
642
72
253
138
477
222
277
194
71
250
197
306
670
362
278
334
