590
474
197
670
362
446
171
618
646
96
418
477
390
114
473
505
696
531
115
449
283
143
557
676
311
169
450
89
705
589
708
563
447
472
306
647
529
648
335
92
334
591
421
95
535
391
702
706
44
678
221
170
118
363
256
80
726
117
144
81
707
675
566
91
558
305
137
72
109
475
361
222
43
451
388
556
507
282
74
564
251
94
712
333
744
471
710
698
318
506
177
693
779
199
193
651
138
583
559
228
165
460
145
123
709
525
528
290
249
502
619
174
697
745
389
98
254
279
86
255
614
119
668
689
142
99
567
124
478
268
610
748
568
569
201
100
243
682
470
93
162
176
307
172
733
611
425
461
198
767
120
202
448
685
681
711
259
400
728
452
274
549
509
749
122
267
469
14
56
297
396
553
354
714
442
226
738
581
16
503
617
537
554
323
673
520
440
272
200
424
677
204
216
501
652
65
147
299
683
671
766
270
298
300
269
230
296
231
1
25
742
246
242
782
302
479
399
121
680
758
730
462
594
550
257
295
22
757
148
55
31
588
700
327
527
141
667
30
203
225
84
720
419
565
188
4
352
322
431
325
624
26
326
623
301
555
458
328
457
7
412
24
740
759
735
737
324
616
227
232
338
622
511
