623
655
524
492
591
723
525
624
491
493
592
619
724
618
371
755
754
559
523
654
722
587
686
460
526
598
630
397
560
494
617
692
586
650
461
555
691
756
656
556
631
527
429
622
370
663
662
459
599
437
785
438
469
786
180
13
585
458
651
52
728
490
653
725
620
495
793
12
15
414
265
487
213
348
649
761
629
286
181
85
246
597
396
558
428
588
148
825
381
457
84
380
245
312
711
149
168
214
729
192
4
224
147
430
959
256
179
359
489
142
45
51
20
240
876
679
167
528
296
478
83
481
117
470
557
743
753
313
11
318
173
792
199
513
57
949
225
660
486
635
25
26
482
450
14
697
538
162
927
212
227
77
195
1018
794
518
830
991
483
311
990
44
479
3
837
316
506
667
766
284
857
349
202
323
233
327
515
760
317
843
765
413
886
390
285
939
826
453
136
971
234
133
872
266
992
154
771
993
264
221
201
955
960
514
0
908
350
668
297
135
838
379
59
870
611
829
226
169
244
378
161
974
958
842
89
288
574
922
869
46
72
798
701
957
121
669
193
191
510
543
255
351
924
670
982
185
549
1007
570
916
61
871
805
281
187
239
956
675
456
644
839
680
247
981
91
926
637
7
994
804
806
940
707
137
320
163
512
447
60
253
40
733
678
382
925
972
86
636
105
643
907
950
975
638
196
126
219
861
985
604
278
291
138
905
732
605
353
645
932
705
917
858
677
188
166
739
160
867
462
544
416
451
449
704
854
578
108
1006
134
937
672
545
961
29
973
772
983
575
573
579
875
673
797
855
900
159
606
970
383
68
953
6
94
986
143
700
803
799
987
906
577
710
132
220
702
770
676
122
835
232
110
106
62
455
116
964
546
174
215
868
938
740
836
891
822
140
67
603
774
936
19
27
38
821
1019
103
186
734
158
979
840
664
610
21
642
862
738
967
607
735
30
36
902
541
928
127
411
153
156
609
131
448
384
904
890
737
125
963
895
53
79
856
708
58
639
648
194
184
576
322
996
773
321
207
941
634
141
998
831
965
608
674
547
505
261
671
769
923
962
33
885
800
796
474
894
542
874
859
446
767
95
898
742
866
90
641
948
104
863
550
34
252
157
155
873
65
130
182
229
628
35
834
254
1022
1023
995
930
222
387
946
170
319
954
5
706
731
283
37
69
909
802
889
326
887
76
709
1002
43
933
997
443
93
901
646
345
934
292
287
787
101
899
929
123
151
736
118
612
966
919
896
120
66
1003
903
109
231
730
28
969
47
324
115
97
893
968
801
217
1005
833
32
768
548
63
92
128
2
640
325
406
931
892
572
165
580
422
910
9
1017
71
613
827
698
539
64
344
405
951
897
764
41
1001
775
477
696
250
73
921
139
248
920
423
1015
978
183
988
55
741
703
88
647
980
666
100
984
203
189
251
1020
70
828
841
200
99
509
860
807
343
218
935
290
96
75
832
485
888
1004
865
712
98
763
271
129
918
190
989
172
352
124
452
864
198
952
294
699
1008
484
82
152
999
249
790
823
258
282
39
357
1
947
976
112
415
410
279
54
517
1016
1021
795
519
1000
102
942
78
8
175
206
569
421
762
1014
511
263
295
150
10
480
540
824
280
1009
877
358
581
1012
571
945
164
389
171
293
816
223
230
259
412
328
809
944
257
356
943
915
111
744
1013
272
262
442
815
310
445
977
355
1011
31
454
347
784
554
107
354
24
235
74
395
391
475
418
419
417
208
289
853
791
346
197
119
551
1010
56
817
114
176
42
537
476
810
757
314
374
602
488
444
386
404
385
632
216
614
237
600
912
315
845
425
808
22
516
590
695
377
776
884
473
616
914
439
113
260
228
204
238
388
205
277
146
848
844
582
365
23
87
426
811
627
409
427
913
375
601
846
376
441
144
211
508
363
178
507
911
145
847
270
788
309
789
813
273
276
420
48
243
236
665
615
364
583
342
17
50
814
883
777
818
852
568
652
80
849
241
16
424
878
177
681
81
584
300
820
661
407
778
596
440
331
471
552
520
49
298
398
267
305
373
812
633
360
463
779
392
302
308
693
269
880
268
303
408
882
659
881
536
403
275
850
566
306
393
595
274
209
299
780
394
329
713
522
745
18
687
504
301
851
759
332
593
496
621
819
682
879
694
567
304
782
783
553
727
242
472
330
338
781
341
747
746
210
752
361
333
502
625
565
362
758
307
372
521
340
685
589
501
714
561
339
748
721
715
468
503
594
690
436
717
726
751
626
563
718
431
369
564
535
334
716
337
749
534
500
658
750
562
336
366
657
689
719
335
683
435
720
432
688
499
533
684
401
399
529
400
464
402
368
367
532
531
467
530
497
434
498
433
466
465
