486
404
237
235
438
598
426
324
410
485
102
272
403
275
681
517
402
625
301
708
489
384
487
652
650
340
181
218
274
413
236
689
682
428
433
421
216
302
326
215
472
397
411
206
460
214
245
263
764
300
540
336
507
246
419
738
294
649
265
8
49
267
104
323
213
103
244
443
271
651
457
200
45
238
217
704
401
268
461
488
264
479
69
269
241
597
192
313
724
515
622
716
444
458
567
425
399
624
513
270
516
328
65
744
32
596
178
623
327
105
212
341
207
242
721
243
706
92
422
239
365
179
378
363
743
542
138
298
46
10
570
643
208
110
514
541
180
21
115
211
240
299
322
703
2
20
672
543
771
731
209
27
762
763
71
48
42
735
398
210
281
351
81
534
733
595
569
366
350
293
369
568
194
319
318
320
