418
446
474
558
475
531
391
447
697
590
80
171
419
389
696
198
503
226
390
81
529
586
559
170
228
618
502
282
65
361
114
199
143
501
702
142
530
115
417
733
734
254
118
693
646
283
726
566
705
451
256
698
257
640
200
614
448
748
621
478
563
388
668
169
651
662
564
585
589
86
14
109
44
452
473
330
68
539
311
243
360
328
450
623
507
457
523
479
96
299
695
454
565
663
225
506
749
736
379
425
238
528
591
67
186
162
567
676
689
267
655
624
522
508
15
216
307
79
158
174
95
752
127
144
274
189
302
150
484
99
678
255
288
93
666
25
759
509
353
687
272
271
262
286
483
637
236
520
671
458
665
664
410
301
246
30
622
751
466
100
683
572
650
16
120
132
740
55
329
126
653
465
261
480
26
519
667
31
22
525
485
98
83
89
545
625
636
599
735
673
215
134
218
29
537
300
202
130
230
720
122
327
472
188
237
264
7
159
157
285
594
355
117
187
730
728
18
657
180
482
708
660
549
757
511
53
638
234
308
656
598
568
380
399
453
659
449
464
56
714
244
185
551
552
152
550
628
363
600
540
481
239
439
527
634
235
548
455
440
8
5
10
681
469
4
121
684
84
712
324
123
358
407
498
125
76
515
597
658
758
744
124
340
521
354
350
352
547
608
141
626
85
154
128
694
737
562
426
214
129
408
260
546
775
661
59
770
704
727
97
612
463
217
756
303
635
412
570
470
627
201
378
471
487
405
11
436
685
631
609
535
1
409
700
0
287
437
560
69
711
406
148
351
74
24
654
692
613
486
160
156
275
779
325
381
279
629
526
518
686
491
433
782
161
17
553
710
149
82
176
644
513
783
441
648
111
504
514
208
411
739
476
543
517
606
495
229
459
266
428
2
326
338
524
196
467
367
729
19
672
212
582
680
575
153
630
633
147
616
190
404
596
516
512
203
94
101
492
421
669
605
245
536
754
424
139
462
233
603
138
258
715
213
595
682
601
6
21
413
652
755
205
119
168
384
444
701
577
456
435
382
313
434
263
649
179
574
510
732
632
9
430
265
431
442
91
645
619
175
145
210
28
573
252
182
602
197
163
494
571
780
538
764
617
776
23
207
146
781
66
336
289
43
615
641
33
20
706
323
766
206
777
70
52
699
377
204
64
555
747
27
240
505
113
183
57
112
280
140
314
32
541
155
493
131
231
767
438
477
232
296
544
569
490
593
578
588
3
209
716
383
339
195
331
500
496
268
77
211
400
468
385
54
227
415
497
556
270
771
763
295
92
58
554
432
542
356
643
679
151
359
639
429
691
460
688
403
725
387
576
316
765
742
719
713
165
427
445
177
357
72
760
322
310
414
395
259
620
364
690
365
242
738
610
489
745
579
102
61
396
753
181
750
269
423
273
294
164
333
488
778
319
532
592
51
581
73
373
647
184
172
762
291
60
309
731
191
312
461
290
401
580
298
721
499
317
178
718
607
768
241
104
346
374
348
561
375
167
402
103
398
709
337
677
87
219
344
349
366
335
345
604
332
222
393
108
247
743
251
611
293
772
368
133
774
707
297
675
71
376
746
13
443
292
137
224
397
36
717
341
250
315
321
386
173
741
75
192
416
223
342
284
12
372
724
674
587
37
347
583
42
221
220
533
318
343
320
392
35
584
49
90
78
45
34
166
50
253
370
670
761
105
557
39
534
63
47
40
48
62
46
