474
590
446
696
390
197
418
362
449
391
477
557
311
618
306
670
115
171
81
80
114
143
505
109
675
169
646
450
451
676
472
96
668
558
44
669
447
137
475
531
693
502
138
479
726
421
556
307
389
708
452
647
583
689
563
589
104
712
283
564
89
170
705
357
507
702
444
529
363
74
528
698
748
779
503
610
509
99
361
282
678
710
98
697
279
86
199
419
591
256
118
222
95
471
733
535
614
706
162
277
749
367
100
473
662
241
744
268
508
286
611
612
506
297
480
198
478
210
687
663
91
340
607
640
584
448
777
425
385
242
209
134
498
145
285
238
683
225
117
236
264
30
481
270
454
298
254
350
578
101
14
65
671
559
228
25
269
212
453
545
404
237
664
728
257
226
673
388
513
239
296
354
417
142
56
16
657
667
714
93
299
758
512
55
555
554
201
235
525
8
775
406
262
501
313
730
617
637
18
759
734
586
195
22
745
211
757
560
53
84
15
338
527
752
377
326
26
10
742
323
303
547
252
280
665
5
267
530
492
700
122
31
325
83
141
17
29
147
588
4
352
378
24
253
594
405
455
517
737
436
616
324
120
7
132
250
542
562
333
735
351
544
695
322
381
543
200
255
295
229
407
437
70
380
736
515
403
409
67
518
408
146
770
144
516
69
379
751
331
68
308
334
771
66
