505
567
55
56
487
431
747
485
99
729
542
397
86
348
641
326
508
43
117
143
392
422
438
380
477
671
473
402
520
224
656
465
149
466
526
442
197
352
453
433
703
515
521
441
185
469
128
375
362
424
45
11
281
172
766
593
432
536
585
324
674
285
761
95
94
765
201
98
319
355
383
92
740
347
610
722
689
478
238
366
566
353
613
414
778
134
290
657
317
724
669
325
345
378
421
420
305
514
307
564
190
239
266
363
589
546
649
561
96
292
169
337
406
356
44
399
376
750
97
563
533
498
377
726
306
646
670
403
118
322
557
513
384
350
698
338
335
779
173
311
651
618
504
648
349
472
590
705
647
696
323
450
79
425
572
351
470
650
443
379
405
769
415
416
565
394
279
310
773
256
309
697
678
614
677
283
282
704
676
444
675
474
446
