278
558
104
223
334
251
37
166
50
590
48
646
306
12
250
38
49
122
36
195
256
228
138
610
449
277
570
51
99
333
47
100
362
95
618
161
63
169
120
726
603
631
753
392
580
633
567
139
13
361
605
609
696
167
622
775
113
211
594
663
595
451
678
253
648
530
281
60
224
126
662
259
194
611
513
769
246
229
62
200
764
548
227
127
305
170
240
581
619
701
575
119
110
89
758
260
602
255
674
124
723
549
212
555
158
436
389
747
408
592
431
625
30
547
653
52
757
767
783
216
101
660
420
540
739
131
623
508
121
61
604
33
159
8
563
632
596
730
459
536
296
123
393
597
215
213
239
192
321
675
190
624
458
627
312
154
571
552
5
381
21
476
589
349
584
10
681
691
254
351
17
243
273
593
543
20
25
486
687
712
234
133
178
447
103
241
193
27
155
80
237
231
201
560
313
163
238
352
102
657
407
664
669
379
665
630
673
457
26
244
661
268
217
655
432
519
638
659
413
391
515
53
487
781
160
640
57
274
719
749
435
214
426
729
777
210
332
763
372
654
651
474
639
554
226
235
478
164
599
626
32
754
405
85
84
377
384
24
365
514
772
780
261
252
727
293
644
0
1
686
230
700
236
105
690
187
684
390
759
467
683
311
107
153
266
295
284
689
149
186
265
219
373
54
725
488
206
218
692
491
179
600
152
286
512
699
553
7
275
480
188
204
527
499
290
83
264
112
404
612
304
463
269
672
475
23
520
706
22
768
309
453
535
31
551
140
6
324
180
748
294
263
667
242
376
538
331
756
111
288
322
182
679
181
205
743
573
744
245
695
511
464
176
746
528
9
473
382
685
177
323
735
666
406
770
441
173
287
130
652
11
484
308
745
454
518
442
546
18
191
378
289
168
41
132
325
340
502
14
470
207
485
262
189
506
297
773
283
172
208
496
233
720
319
521
320
658
291
715
737
156
258
175
336
150
367
267
301
198
354
411
601
682
326
440
302
196
343
303
272
771
717
317
492
427
353
327
232
494
202
44
448
516
483
15
741
403
544
134
310
285
703
271
350
366
409
489
716
430
315
438
482
711
574
341
410
738
385
439
282
412
360
466
714
314
342
400
721
437
668
688
718
209
452
710
510
247
444
276
433
564
292
128
615
680
298
614
713
270
704
388
394
414
316
348
445
345
417
481
750
509
740
59
428
116
429
339
415
401
461
545
517
249
257
370
751
346
299
732
501
151
355
572
752
456
455
731
371
383
136
387
318
490
347
399
471
106
493
344
386
395
357
148
443
537
434
503
776
742
423
374
425
462
356
359
677
328
774
643
416
647
778
534
300
40
694
330
465
402
733
562
396
338
39
369
137
375
398
500
329
397
221
135
220
424
446
565
419
705
358
248
734
165
533
368
561
