389
361
362
390
171
340
43
753
698
530
172
697
585
586
388
82
62
752
367
614
61
754
558
228
394
199
339
502
144
529
42
450
227
557
63
751
368
730
736
360
584
44
45
642
145
48
363
117
341
115
114
618
170
670
366
143
335
50
47
81
726
393
59
725
418
80
49
478
590
41
46
116
200
256
226
338
279
60
369
501
87
64
169
307
395
671
606
118
731
110
699
562
641
764
75
735
702
257
55
359
729
370
74
89
417
142
313
122
613
541
229
646
91
422
628
727
83
225
113
503
342
94
664
500
449
732
310
65
387
619
622
534
531
591
436
615
600
556
559
474
282
79
66
650
391
607
58
755
54
90
617
281
779
674
34
173
506
587
627
86
35
40
475
312
643
52
194
669
78
772
53
334
528
67
37
774
343
555
222
447
760
665
150
535
479
477
109
255
337
561
777
673
93
758
464
583
773
254
14
733
155
51
497
76
620
160
473
146
188
39
198
344
759
589
408
88
782
32
781
349
119
195
372
33
634
578
652
415
258
216
31
451
416
283
573
285
57
111
761
36
691
309
298
357
240
73
167
30
499
333
121
163
663
92
601
284
780
701
259
419
197
542
569
629
311
763
421
513
599
38
157
594
16
423
778
132
703
459
653
567
77
162
515
223
131
396
776
524
385
544
621
505
306
757
358
572
487
230
201
186
563
22
239
527
545
328
593
636
525
523
767
85
771
514
633
568
654
647
765
12
768
189
491
431
15
435
27
156
178
608
684
141
612
446
214
708
185
692
492
13
651
192
356
191
212
280
460
20
696
326
253
217
656
783
377
128
695
635
147
539
750
655
365
709
262
317
657
190
260
315
645
713
184
371
496
543
770
29
745
495
728
11
724
206
546
672
158
775
231
483
448
488
203
95
766
129
251
380
551
294
588
19
476
103
553
321
507
139
762
68
221
570
592
566
120
550
595
548
605
308
130
560
329
17
21
404
183
193
685
403
287
211
734
327
681
270
243
392
241
463
352
432
571
159
9
381
242
373
10
723
320
345
28
168
289
288
224
0
616
429
266
405
498
598
700
472
481
376
149
138
166
23
540
579
744
187
485
661
336
486
494
202
623
756
648
174
659
213
437
624
471
252
69
316
631
596
712
609
662
482
261
232
56
7
626
576
379
536
407
319
18
215
24
533
112
667
581
244
375
518
161
457
504
175
107
458
233
286
386
1
182
293
639
604
649
522
8
210
3
331
484
552
348
400
325
275
25
630
26
127
538
740
234
148
205
640
625
290
769
318
480
271
452
705
347
746
353
397
749
739
401
398
409
246
532
220
299
374
332
346
722
