647
614
44
40
444
565
39
165
561
416
473
675
669
472
696
224
137
446
668
41
445
471
45
503
537
425
564
474
415
443
388
387
533
91
79
611
509
590
220
150
528
481
92
694
610
47
566
59
247
151
510
89
538
221
688
666
303
482
95
583
399
283
501
689
106
329
451
424
311
618
567
449
284
556
452
704
309
348
724
123
398
639
257
275
397
591
650
527
105
169
248
193
391
330
201
778
655
667
300
419
339
493
64
465
719
367
684
386
80
638
302
441
414
646
204
498
686
384
716
453
589
470
508
46
268
641
536
697
87
301
272
562
648
500
240
674
102
652
148
130
43
612
475
619
685
418
581
60
554
121
108
563
654
529
285
423
447
643
469
109
404
369
568
710
51
297
124
499
520
653
349
176
37
726
540
168
202
717
312
592
90
411
88
96
18
190
11
56
595
6
94
702
483
357
306
274
314
174
455
526
134
376
149
85
713
722
282
239
492
690
569
454
676
715
553
192
160
140
104
615
580
511
304
218
243
358
48
1
664
136
38
699
395
63
682
286
427
14
58
203
365
61
49
375
513
177
318
232
33
720
25
337
651
258
420
99
191
331
711
780
521
577
173
119
438
244
576
390
512
32
135
263
497
178
233
98
15
31
539
155
728
403
290
319
74
230
197
413
718
115
54
152
662
681
683
368
237
723
360
732
625
235
596
750
291
597
542
139
623
321
205
714
256
276
486
5
721
113
126
188
288
9
97
241
754
23
412
555
640
153
170
458
426
582
753
7
22
776
656
359
84
129
206
552
687
189
671
373
50
30
680
524
231
179
607
93
0
242
251
198
727
478
158
642
756
729
214
159
626
578
693
551
700
544
748
733
264
265
480
269
644
759
53
261
344
340
782
103
332
421
579
16
236
695
779
328
514
575
128
180
101
326
186
175
262
238
223
292
484
752
466
574
672
456
598
207
541
81
740
634
550
546
400
660
428
213
731
673
392
549
185
212
111
377
4
385
211
496
692
603
273
593
57
548
171
543
10
701
460
430
734
354
62
382
661
118
730
333
234
442
394
396
141
196
35
476
705
624
55
519
545
167
317
637
245
630
417
677
370
83
755
316
29
665
65
26
488
389
296
172
127
584
338
24
437
448
502
463
226
409
504
516
459
132
228
506
200
774
491
324
116
254
518
255
66
464
336
308
751
435
68
725
531
199
144
736
530
