0.0041384697
-0.15007353
0.15934658
0.1934495
-0.06907892
0.048655987
0.05006838
-0.019926071
0.05521202
0.110311985
0.123542786
0.030616283
0.4615779
0.7396188
-0.2520194
-0.049644947
-0.23148108
0.07116604
0.0030112267
0.10464907
0.06448984
0.21060753
-0.1254816
0.10833645
-0.01468277
-0.11281443
-0.05945778
0.19142151
0.07306862
-0.029804707
-0.045103073
-0.08165836
0.13475418
0.12051916
0.8590174
1.0401382
0.66477203
0.48174763
0.93635654
0.9289956
0.85784864
1.0633988
-0.17561626
-0.78644514
-1.17946
0.28813696
0.87526417
0.93309784
1.035511
0.7078414
0.9048438
0.33886862
0.014033794
0.10357571
0.029661179
-0.10361576
-0.252275
0.09328747
0.26076937
0.39796066
0.45858812
0.21473789
0.98004866
1.096806
0.24823904
-0.09706974
1.1371155
0.34198618
0.71425724
0.5753212
0.12181473
-0.1640997
-0.6915655
-0.08149624
-0.5528703
0.04757309
-0.27797842
0.6649704
0.77653646
0.05917263
-0.75585556
-0.8252497
-0.09025288
0.15303373
-0.05643463
0.016588211
-0.48965168
0.43603086
0.6807513
-1.158884
-0.39015388
-0.7385855
-0.8840375
-0.28391123
-0.6257782
-0.91673326
-1.6254025
-0.38515234
-0.41973543
-0.36935902
-0.30219173
0.08237171
-0.017222404
0.5593028
-0.06460953
0.671247
0.69131994
1.3125229
-0.31479263
-0.69670486
0.76989794
0.2080822
0.13430691
-0.42132473
-1.4691138
-1.3521729
0.30185413
-0.8717828
-0.9096842
-0.4944768
-0.3324318
-0.09597778
-0.24128675
-0.57959795
-0.36238813
-0.5442586
-0.26246405
-0.4448805
-0.20618534
0.10251856
-0.78873205
-0.13251829
0.11694574
0.4634056
-0.014845371
1.3109105
0.30040503
-0.8326268
-0.5139513
0.62185526
0.048127174
-0.072299
-0.46565008
-1.3759017
-1.010613
-0.6156144
0.07261562
-0.17822504
-0.10025787
-0.10414219
-0.16379118
-0.3681636
-0.1260395
-0.023530006
-0.023409367
0.07890844
0.43475533
-0.13351917
0.025631428
-0.058549404
-0.06988144
0.33649826
-0.41534758
-0.1711464
0.06779814
-0.7080903
0.86889076
0.9304161
0.082877636
-1.2457142
-0.7239847
-1.8286619
-0.48262978
-0.32118702
-0.5245857
0.20226002
-0.37535572
-0.64433813
-0.35929298
-0.18318653
-0.026777744
0.37708235
0.062533855
0.08535004
0.30384922
-0.19683313
0.2521968
-0.042840958
-0.0618248
0.0408535
-0.021241188
0.21161938
-0.20811272
-0.50300264
-0.29955482
0.15463018
0.29364347
-1.9433799
-0.33139896
-0.67452
-0.2623763
-0.4355302
-0.34460783
-0.032526493
-0.15051365
0.18577623
-0.012877941
0.03494215
0.12262869
0.17815304
-0.020035744
0.040450096
-0.113603115
-0.007855892
-0.123925686
-0.0870738
-0.21730137
0.09118509
0.14302349
0.279181
0.08754015
-0.9206605
-0.7372775
-0.26842546
0.24182463
0.031337738
-0.23722696
0.084284306
-0.6521201
0.057616234
-0.11418152
-0.1318574
0.15960836
-0.00093460083
0.110052586
0.059809208
0.025951862
-0.07924318
-0.061546803
-0.17361784
0.116508484
-0.099927425
0.11666536
0.28385115
-0.060878754
0.2682886
-0.14271402
0.55484915
0.40530872
-0.44137335
0.07158089
-0.5688343
0.55638885
0.47166967
-0.46741438
-0.4684472
-0.89671326
-0.11258316
0.038232803
-0.30517054
0.11675835
-0.055381775
-0.046301365
0.25706387
0.10954094
0.21450377
-0.030638218
-0.21876621
-0.19105244
0.14680195
0.1707201
0.0057635307
-0.1953392
0.1485672
-0.2812481
0.1122365
0.89952993
0.08706236
0.1861434
-0.5727091
0.21470785
1.1643806
-0.8764367
-1.7564163
0.024934292
0.38428164
0.1405654
0.51172113
0.47562933
0.7702012
0.54036427
0.5894885
0.52382183
0.2650218
-0.015220642
0.04556942
0.12572956
0.2379036
0.15737534
-0.1425252
-0.11565542
-0.0034499168
-0.09752226
0.16774416
0.69875336
-0.8544092
-1.1044645
-0.33478785
0.755414
0.6597481
-0.26977015
-1.192605
0.1483674
0.92413425
0.32111168
0.62181664
0.4107542
0.6730733
0.61235046
0.18414116
0.03818512
0.015913963
0.023877144
0.21863794
-0.01661396
0.03305626
-0.04195404
-0.07150984
-0.027418137
0.15486765
0.075568676
0.4188342
0.6786895
-0.56852865
-0.6140919
-0.95083
0.64933443
0.06644249
0.11512661
0.059150696
0.33733273
0.80933046
0.60978985
0.24579287
0.21245813
0.15799618
-0.34971094
-0.0021657944
0.23162937
0.12835407
0.65146685
-0.09552622
0.04249382
-0.19437075
-0.108323574
0.15838766
0.109900475
0.6006751
0.59880114
1.2164793
0.8050389
-0.7155185
-1.7085919
-0.90971994
0.29160976
0.4021926
0.5113859
0.045241356
0.60186243
0.43035126
0.17560625
0.335639
0.21495819
0.041731834
-0.037728786
-0.0027999878
0.19030666
0.36051178
0.25131083
-0.0934844
0.08141518
0.07159662
0.005350113
0.013532639
0.06174469
0.02799511
0.649148
0.49943018
-0.6251335
-0.3814702
-1.4814639
-0.92923784
0.7366018
-0.30916977
1.4054344
0.55933285
-0.40785122
0.22556257
0.148592
-0.3124962
-0.36711407
-0.12984848
0.023404121
0.1482749
-0.33199358
-0.051923275
-0.44350815
-0.0342865
0.05249071
0.03957796
0.16709471
-0.11136532
-0.007068634
0.0006489754
-0.13923168
-0.21626139
-0.15370464
0.1327858
-1.7551298
-0.054032326
0.97267485
-0.93627024
0.10477972
0.19768858
-0.36352253
-0.6101756
-0.027606964
0.3717556
0.12074375
-0.034210682
0.14878607
-0.054842472
-0.1424694
-0.059936047
-0.13131475
-0.23942184
-0.14432955
0.084690094
0.084028244
0.26409054
-0.067658424
-0.36868095
-0.2498231
-0.5719938
-0.6483445
0.0976696
-2.0795808
-1.2083783
-0.31161785
-1.4137588
-1.213635
-0.6421795
-0.2250061
0.22123432
0.29536152
0.6293988
0.61897564
0.006709099
-0.041042328
0.07843447
-0.5149636
-0.35008812
-0.14774275
0.08942366
0.18211746
-0.31092167
-0.049517155
0.28559256
0.03393221
-0.3067603
-0.49593973
-0.8084178
-1.2999911
-1.2782111
-2.1012692
-0.673892
0.042454243
-1.4855671
-0.5004616
0.023871422
0.14205885
0.4018774
0.32011604
0.46979523
0.83944607
0.90438366
1.0382981
0.6660266
0.40548992
0.33013678
0.3302164
0.020598412
0.056806564
-0.06986952
-0.013995647
0.26457262
-0.19723082
-0.25556326
-0.17257547
-0.25396585
0.32549667
-0.23855305
-0.49412203
-0.12898779
0.5046158
-1.3354921
-0.686748
-0.7182474
0.008299351
-0.19102287
-0.025592327
0.08197546
0.21366072
1.2786825
1.175684
1.3493164
1.2139456
0.83123446
0.42610598
0.023495674
-0.23830318
-0.041234016
0.11029911
0.35424852
0.00032663345
-0.5911226
-0.079805374
-0.017197609
-0.38523388
-1.015471
0.3791237
-1.4891553
0.28296423
0.9436078
0.64518976
-1.0017586
-0.26326513
-0.17046595
-0.09139061
-0.061173916
-0.09142017
0.21905994
0.38112783
0.38256025
0.8444872
0.24163628
0.08488417
0.027403831
-0.013636112
-0.043699265
0.111628056
-0.142941
-0.08336592
-0.25970268
-0.19196558
0.027718544
-0.6714673
-1.266612
-0.7620039
-0.6838813
0.04554987
0.004430294
-0.056165695
-1.263535
-0.75375223
-0.3604064
-0.5864115
0.4241886
0.079041004
-0.49214077
-0.18343115
-0.22728443
0.16793299
-0.05552721
0.037871838
0.026057243
-0.028112411
0.08028078
0.35372448
0.0068244934
-0.3465724
-0.20541716
-0.1521573
-0.58812904
0.12342358
0.47338772
0.4250121
0.5474696
-0.051602364
-1.3139081
-2.4668279
-0.9957957
-0.31117582
0.39014912
-0.06586027
0.042138577
0.026753426
-0.02308178
0.044941902
0.0010476112
-0.05046463
-0.012500763
0.10628605
-0.0069971085
0.13724518
-0.18891573
-0.0057239532
-0.38159132
0.2161851
0.13457966
-0.4269638
-0.41113663
0.44059658
0.37357283
-0.5874858
0.2259345
0.09771395
-0.21322489
-1.6843967
-0.56353235
-0.020207882
0.13895273
0.15709352
0.025579453
0.06895399
0.0068945885
0.021194935
-0.055473328
0.009976864
-0.01679945
-0.15880251
-0.046924114
0.014791012
-0.0008869171
0.15048122
-0.044881344
-0.1878972
0.121552944
0.046931744
-0.1495347
0.6155033
0.16511536
-0.16635895
0.31432343
0.10949755
-0.009170055
-1.7303534
-1.6034303
-1.0419164
-0.22132683
-0.38577366
0.048674107
0.21488762
0.37705517
0.26715755
0.31417704
-0.069642544
0.08556938
0.027254581
0.04091549
0.03839779
0.09573269
-0.24003887
-0.12476301
0.2104621
0.41636038
0.5271845
-0.117351055
-0.6293106
-0.45406055
-1.8083334
-0.17307138
0.042042732
-0.2348051
-0.13192797
-1.3093395
-1.5931902
-0.41612673
-0.97672176
-0.46622276
-0.03400421
0.10568237
0.337605
0.06952095
0.05007267
0.051866055
-0.28496504
0.090483665
-0.08992052
-0.60607004
0.4637165
0.42293167
0.2164588
-0.6187854
0.28412437
-0.014119148
-1.4500065
-0.63214636
-0.6384244
0.25605917
-0.07405138
-0.059103012
-0.9856734
1.8523805
-0.6458335
-1.5030913
-0.9692979
-0.8480921
-1.2075157
-0.5644736
-0.6818819
-0.34295845
-0.6873293
-0.43417358
-0.25674677
-0.044775486
-0.061861515
-0.19606543
-0.22996664
-0.1884327
-0.094127655
0.52641916
0.6130872
0.31600332
-0.48943043
0.9355087
-0.7938032
0.15189886
-0.29464197
0.035953045
-0.11512089
-0.06874323
0.23797798
-0.49320793
0.03812456
-0.008882046
0.23545218
-0.013677597
-0.2638545
0.023591042
-0.14133883
-0.49333763
-0.18104362
-0.42651606
-0.7400265
-0.53018093
-0.25880194
-0.35795736
-0.45437002
-0.29812527
0.75864124
1.0180674
0.123081684
-0.23717594
-0.050350666
0.24112415
0.24872017
-0.11697674
-0.10573435
0.003780365
0.0776124
0.22905159
0.82881975
0.82079554
0.45152235
-0.07309103
-0.19535208
-0.35007858
-0.10912514
0.4766264
0.13801003
0.11336899
0.10640812
0.71702147
1.1478503
0.2890172
0.3022933
-0.029523373
0.03459835
-0.61251116
0.23131657
0.034134865
-0.13849974
-0.064863205
