118
282
117
305
726
558
80
564
170
165
506
559
475
444
451
94
388
693
334
425
614
566
443
251
333
619
74
125
745
460
193
478
119
502
569
255
254
142
669
127
249
610
98
90
650
528
97
389
99
151
400
124
565
461
767
580
404
198
399
448
592
393
100
194
686
93
76
223
738
536
126
746
714
499
56
14
122
662
226
753
16
718
571
649
267
415
617
581
496
185
717
272
268
509
636
570
179
742
147
498
163
537
642
71
630
416
582
1
639
462
436
551
299
432
414
131
674
231
434
401
503
152
22
663
214
667
757
300
730
230
212
25
411
768
354
758
148
241
302
65
121
351
720
379
540
538
688
215
552
31
526
237
700
141
327
160
731
440
594
783
104
188
238
433
26
701
159
84
627
261
431
405
588
754
466
631
262
30
635
715
549
187
326
458
374
407
429
680
203
266
29
576
426
328
180
510
153
154
597
190
620
210
7
102
527
629
294
134
24
695
494
737
548
206
601
645
735
213
412
603
606
301
375
347
233
633
524
413
599
18
759
561
382
271
457
579
625
508
628
383
52
632
321
85
491
626
402
519
739
479
284
623
158
236
575
596
658
547
555
385
54
11
225
325
468
781
207
729
574
320
258
660
409
211
659
373
672
595
476
352
367
560
295
638
75
140
5
651
6
684
685
408
8
492
229
339
79
235
384
182
20
337
164
624
683
17
250
381
146
28
330
760
459
155
568
577
380
511
101
168
438
227
437
546
183
657
277
220
463
687
217
57
661
445
616
129
53
19
422
681
602
772
23
644
264
356
234
522
9
550
275
771
240
242
260
132
33
428
637
70
208
584
10
296
417
112
609
32
604
770
621
286
480
218
269
403
312
273
398
430
634
727
83
195
329
622
298
345
355
2
232
641
410
303
572
270
370
209
464
319
205
278
376
27
3
423
175
111
664
21
191
344
512
265
280
61
652
372
608
692
323
541
453
397
615
761
780
348
736
297
732
755
545
224
343
64
756
378
186
699
263
58
439
495
293
654
245
219
532
243
694
467
45
775
364
196
454
136
116
776
184
655
643
723
482
314
500
489
490
371
161
340
682
51
67
578
523
377
427
613
653
181
530
542
543
285
593
59
481
365
248
488
316
665
331
691
567
586
518
369
156
87
612
764
60
12
133
690
483
253
585
288
769
37
387
504
366
287
292
721
666
290
587
247
252
103
395
69
291
358
357
368
342
318
722
640
456
315
139
455
534
386
336
350
309
36
77
487
105
317
332
88
106
304
49
68
773
392
13
308
750
110
289
78
360
341
763
762
517
484
544
40
34
166
46
276
485
50
313
39
167
47
725
38
533
420
62
751
48
486
35
41
63
66
774
281
514
516
359
513
135
107
515
394
703
