659
691
660
598
692
566
469
653
723
492
685
654
565
436
240
817
207
239
849
630
652
686
629
816
272
271
848
459
491
470
881
208
533
1010
818
238
437
376
435
534
815
661
754
850
313
490
457
206
345
403
785
711
460
359
458
597
722
819
502
755
344
696
212
489
327
392
784
655
786
729
391
273
743
648
761
501
946
468
505
658
882
304
616
360
440
408
175
599
404
680
312
684
631
439
783
402
235
690
407
880
241
493
210
424
328
270
679
851
845
619
281
269
712
977
569
209
847
724
456
877
537
787
852
756
473
813
471
678
204
620
211
179
585
487
550
592
305
623
29
978
788
570
455
844
646
728
110
697
538
237
518
434
171
624
814
176
375
846
617
885
551
488
583
789
425
244
782
914
710
842
264
236
438
647
213
843
820
234
878
205
243
109
649
142
423
506
302
1011
111
913
698
635
77
510
760
303
577
584
699
73
296
371
180
618
79
790
928
793
511
825
663
822
609
200
856
230
945
664
199
377
249
639
1009
797
520
651
358
48
971
582
326
552
201
202
203
876
1002
186
181
390
809
742
886
780
154
900
93
297
744
581
615
870
44
811
546
143
254
992
262
194
169
899
826
875
960
975
927
370
188
170
480
521
197
576
233
263
702
884
61
645
426
215
82
174
932
4
733
803
167
837
294
901
853
83
611
669
274
481
774
872
578
991
47
232
812
198
962
961
941
794
838
27
218
671
196
673
921
261
282
925
896
214
571
753
637
76
1018
959
485
940
41
314
384
1023
677
665
545
152
153
642
839
855
907
182
674
348
766
841
91
2
49
1003
514
765
130
124
707
317
224
859
242
155
918
225
802
871
245
586
248
192
972
700
486
291
632
43
830
909
869
265
151
798
994
990
919
560
939
675
350
904
770
986
323
908
517
840
252
732
187
567
251
250
513
831
59
9
0
295
902
541
318
804
737
888
226
893
86
131
740
883
100
227
10
976
641
166
701
3
300
28
951
52
183
858
508
99
72
121
11
447
1006
128
891
322
54
983
479
1019
25
670
1007
916
835
253
829
933
757
354
672
985
970
472
873
148
894
773
50
87
806
792
482
92
149
219
895
771
286
94
957
601
857
762
195
579
343
887
185
30
7
164
60
122
958
1016
474
706
926
32
478
467
15
874
353
97
163
834
949
938
544
801
325
66
178
416
449
21
104
382
989
53
229
90
739
917
159
922
828
547
217
119
604
55
223
287
255
117
231
114
734
644
5
256
767
988
920
713
386
35
515
277
955
413
643
146
861
33
74
775
106
781
717
64
412
417
89
703
614
987
133
132
108
365
519
668
257
1
864
862
141
125
316
969
349
906
580
150
931
288
216
610
676
522
414
923
1020
65
953
1022
575
285
36
799
193
85
735
451
78
280
937
387
380
258
162
320
103
984
892
290
934
634
915
165
113
221
542
266
123
101
903
948
293
120
319
19
381
355
605
16
20
964
1017
80
415
823
930
539
763
821
548
284
421
867
81
315
147
808
854
796
968
75
963
638
42
51
98
95
283
795
805
1021
954
156
640
26
950
118
995
450
1015
139
116
168
736
512
6
484
88
879
352
573
454
34
184
17
70
84
189
8
860
306
868
600
228
613
764
836
96
57
483
56
1012
832
158
936
419
681
708
982
523
45
924
890
543
389
383
68
772
606
608
905
704
889
12
22
222
549
929
574
67
943
810
418
356
738
935
220
833
1000
135
292
23
776
442
973
129
621
827
536
863
410
37
71
993
741
981
276
751
516
445
965
268
612
289
24
898
127
69
134
38
18
388
777
709
409
136
324
1001
667
385
347
731
980
107
1008
397
357
105
321
379
807
452
446
157
191
173
666
58
444
190
572
145
866
422
966
999
301
115
979
865
126
14
897
974
102
602
997
39
769
160
259
393
366
177
956
161
947
745
952
718
791
112
138
1013
477
568
509
910
40
750
63
453
996
650
396
636
31
62
420
768
779
705
967
246
46
944
627
998
633
351
912
441
824
311
476
800
1014
730
448
758
1004
942
144
695
553
338
378
172
140
346
466
540
603
329
398
504
260
361
622
727
1005
656
267
333
372
687
364
683
299
749
137
725
524
693
443
682
475
275
428
591
362
247
607
503
427
778
507
309
278
554
716
406
331
334
13
535
363
662
759
752
411
310
747
626
628
715
401
911
337
332
339
367
433
748
298
369
335
399
657
330
405
336
394
279
307
308
587
714
400
726
625
465
746
340
374
461
719
555
373
342
368
432
559
429
395
588
341
525
498
499
431
500
497
430
528
527
688
556
589
590
694
464
526
721
564
593
689
557
720
532
529
530
561
531
558
494
596
594
496
562
563
463
595
495
462
