405
505
133
132
8
901
483
668
651
636
915
54
108
699
411
1008
76
994
711
15
710
252
751
648
185
256
962
672
159
485
122
568
212
202
982
154
312
317
520
412
960
300
124
823
676
701
171
182
110
731
749
45
854
983
717
954
452
345
831
898
383
290
324
663
787
645
91
87
984
521
184
968
813
1009
970
96
793
20
406
94
546
523
443
842
387
142
151
515
761
739
569
239
738
72
138
902
560
384
147
670
424
117
354
99
858
162
85
21
386
62
288
963
536
508
114
274
698
707
257
524
118
164
418
234
537
937
973
737
143
158
416
810
238
796
604
347
486
130
1017
352
25
621
857
584
678
730
519
518
805
966
50
512
163
969
287
587
988
240
936
553
762
720
407
780
325
320
959
447
263
344
213
294
815
484
292
938
150
567
186
378
244
340
943
900
46
196
931
816
964
666
248
828
126
874
156
1001
90
980
967
704
106
591
843
542
942
353
632
541
111
14
798
198
280
102
155
544
583
1023
55
625
909
930
610
661
965
134
385
547
853
455
719
862
358
231
41
75
18
680
40
216
478
715
768
350
356
824
220
81
506
389
978
69
875
12
736
700
543
125
955
95
473
977
332
235
246
522
877
646
410
204
864
693
217
431
23
421
380
53
822
247
326
321
476
359
729
611
923
417
63
245
297
876
538
702
1010
1016
991
49
135
258
227
413
190
187
649
9
205
7
884
357
788
974
165
307
296
425
316
990
373
286
799
426
193
311
550
268
22
682
953
465
88
175
572
279
640
266
390
570
600
997
571
141
454
210
607
807
639
293
647
253
427
509
845
979
211
346
764
74
929
697
105
423
194
453
578
178
643
545
683
174
89
38
42
609
188
173
995
56
119
170
64
24
792
999
289
859
277
308
189
944
833
919
934
203
852
219
613
327
716
428
388
812
989
808
472
641
867
68
861
517
741
905
634
865
866
207
58
391
735
331
1011
540
878
70
844
442
910
576
1014
539
123
507
79
615
206
504
392
103
603
814
6
375
1015
299
237
605
351
314
176
1012
197
1013
80
283
709
172
145
945
650
696
276
448
275
140
837
328
243
32
998
601
475
577
444
360
260
278
160
832
817
229
757
579
461
71
139
725
705
914
897
261
397
744
343
39
420
582
993
361
191
221
57
554
760
250
664
775
84
315
251
777
195
549
228
703
474
262
282
376
573
17
1022
341
818
665
236
120
748
157
614
295
310
208
209
892
776
440
767
516
144
673
588
499
31
309
34
662
811
161
422
778
728
241
679
790
267
608
681
622
881
107
779
712
374
33
377
868
574
714
67
996
791
627
13
890
800
393
548
883
329
298
477
535
789
706
882
827
602
129
612
925
747
734
503
16
319
177
713
394
408
441
745
821
581
819
242
695
888
362
863
629
555
911
851
633
1000
1021
37
912
48
894
836
498
112
363
575
342
820
671
445
580
1004
1020
566
409
952
502
849
694
956
746
330
525
846
464
850
758
1005
913
501
429
848
500
364
726
759
65
626
589
727
879
98
860
556
880
559
66
847
395
590
628
396
597
531
557
497
534
528
595
430
889
593
565
558
526
563
530
527
496
533
596
494
463
532
564
529
594
562
495
561
462
