334
306
670
642
675
46
92
88
72
724
193
96
449
197
477
305
450
723
647
41
73
104
422
74
45
505
94
38
251
362
43
75
224
97
192
42
722
610
472
420
421
674
761
648
108
304
335
646
333
592
669
90
223
392
444
79
37
78
40
47
591
569
585
639
169
71
105
91
536
590
556
49
98
416
719
284
95
572
39
650
769
638
641
138
106
538
753
44
221
566
619
704
393
190
618
110
12
76
568
102
443
113
136
123
63
689
649
676
150
34
312
686
613
156
567
595
337
489
703
631
87
50
158
747
611
571
48
99
173
582
220
635
130
499
518
599
596
589
570
137
495
696
441
741
717
678
36
580
109
191
743
606
659
713
690
578
688
93
603
773
498
311
497
494
712
394
765
779
249
51
685
633
565
563
401
400
62
160
490
219
636
488
467
577
473
371
133
201
470
162
605
716
119
127
552
429
283
469
468
707
165
632
157
415
149
35
715
634
653
403
399
583
103
564
711
535
668
679
414
60
661
581
166
61
349
521
107
598
209
718
537
721
89
64
593
211
750
445
58
310
274
637
701
597
607
279
140
163
549
427
609
426
33
159
402
370
471
273
625
608
367
604
13
1
460
764
154
364
56
508
510
428
645
726
398
523
684
780
309
760
256
660
782
615
440
614
122
3
729
363
666
694
754
346
82
768
241
491
671
550
321
397
153
168
658
124
493
30
128
699
143
526
117
557
11
207
540
777
534
134
778
339
121
161
431
272
553
85
365
118
32
319
438
643
783
425
519
413
101
461
396
100
131
288
9
194
204
663
135
115
423
424
720
453
52
372
767
344
744
125
781
245
6
439
662
164
270
517
77
620
243
728
57
451
509
594
155
374
236
373
377
758
182
706
265
240
482
617
126
561
278
749
185
238
369
520
698
129
222
23
16
54
667
212
25
630
691
184
476
548
740
239
287
172
218
188
237
496
677
176
203
84
692
533
268
576
152
651
0
275
187
522
345
235
167
673
708
683
492
5
307
587
702
116
264
291
151
573
654
292
600
627
248
406
395
757
350
532
2
20
579
263
19
624
180
680
730
28
289
183
459
266
141
216
524
213
59
112
208
55
230
86
314
18
178
554
693
186
657
27
664
206
732
560
672
342
731
644
8
318
179
231
748
766
260
386
217
214
656
302
481
687
466
22
547
433
246
181
290
623
177
710
294
53
29
215
601
205
189
727
4
303
300
244
234
755
756
271
700
233
714
320
759
442
17
242
746
465
10
529
528
261
626
543
285
382
507
378
457
356
739
404
343
31
195
24
562
21
412
70
67
385
478
462
452
227
7
286
315
430
250
539
174
458
258
354
546
525
280
111
436
148
293
281
612
622
762
26
456
375
147
575
267
432
301
629
262
83
652
527
259
479
574
512
383
145
232
14
120
545
628
139
202
551
665
405
640
776
541
210
588
376
196
682
555
269
763
295
229
326
487
282
500
15
463
616
602
655
738
772
434
225
384
454
297
347
348
474
175
705
338
504
317
252
387
298
409
544
366
455
316
480
407
511
255
322
276
681
353
352
327
435
324
483
381
340
486
506
542
725
379
388
323
325
332
380
411
114
296
752
695
81
80
745
132
313
341
410
65
355
351
621
733
69
437
146
336
170
484
408
257
513
171
709
299
464
357
485
368
774
331
448
142
390
514
742
68
247
253
584
144
515
775
502
308
329
254
199
735
531
66
516
737
501
771
228
770
447
734
277
391
200
503
328
330
697
751
359
