46
48
47
38
50
67
66
49
35
90
64
63
78
45
224
62
88
166
51
87
37
68
75
91
34
93
60
36
223
107
92
40
77
41
39
76
445
73
79
65
110
94
642
473
13
167
69
74
195
591
619
392
420
61
614
12
365
527
422
647
58
139
349
59
376
72
95
572
121
97
209
723
610
122
555
309
108
105
601
193
611
150
620
570
33
592
304
637
403
597
554
106
499
89
561
236
472
598
251
440
459
119
412
529
581
595
264
364
433
120
102
629
210
369
600
183
96
602
208
135
553
348
172
432
648
528
410
161
646
397
732
262
103
599
377
582
235
575
608
263
404
567
229
466
593
631
571
423
116
182
142
442
627
508
526
489
699
625
411
552
54
237
583
569
52
702
464
201
123
556
498
667
159
465
695
104
635
755
439
690
573
5
175
149
691
303
157
32
147
437
703
731
725
645
144
430
384
664
674
3
649
652
431
613
644
357
329
626
44
220
435
181
596
200
2
28
536
118
7
471
284
461
546
666
636
603
158
574
375
783
160
225
117
238
500
152
450
628
621
356
580
0
333
85
124
451
468
127
20
18
6
405
493
482
180
207
780
579
634
458
409
438
379
763
568
701
17
639
19
141
753
456
476
756
524
727
519
434
501
1
757
545
455
665
630
669
57
140
638
688
444
289
191
726
698
321
457
111
315
761
547
478
192
643
125
319
488
8
782
657
56
113
491
327
265
43
11
653
729
454
14
165
316
497
728
656
344
538
402
762
342
609
31
522
21
383
470
151
521
483
190
730
318
615
163
490
587
10
168
650
510
523
495
320
385
509
632
317
604
469
460
23
203
684
294
126
537
291
234
658
616
155
484
485
426
25
532
22
227
293
101
463
576
518
29
660
722
27
425
156
129
196
53
551
624
623
266
15
441
467
564
100
211
290
382
492
584
577
408
671
654
400
565
112
230
758
84
540
560
563
622
520
275
131
273
184
407
276
633
781
82
618
436
594
331
663
218
128
414
724
585
378
700
515
380
759
336
406
337
292
30
494
330
204
133
453
370
399
153
355
539
754
99
566
314
394
662
443
260
228
4
9
694
672
481
681
607
617
413
562
288
395
606
760
517
247
148
343
512
514
83
486
358
673
267
176
233
334
244
24
557
239
346
245
541
350
164
588
462
659
496
146
322
301
16
188
352
298
353
287
300
240
542
589
162
26
312
98
525
550
661
428
401
774
278
261
429
185
548
740
479
295
381
313
341
655
415
447
764
173
427
417
612
641
232
544
55
720
214
268
226
651
217
231
549
241
130
219
248
259
215
255
179
768
154
206
683
324
132
271
170
670
257
487
719
511
531
256
686
272
398
692
169
347
374
297
178
689
716
302
687
70
682
187
205
679
578
308
371
675
513
396
286
328
507
174
202
721
243
388
246
306
326
503
393
559
372
345
189
277
605
354
285
373
697
715
772
296
351
717
677
480
270
212
340
221
213
475
714
274
767
590
775
773
269
421
419
680
367
143
391
685
134
368
299
283
535
424
325
751
704
339
258
186
323
771
516
198
177
86
254
543
138
452
746
640
280
250
668
332
718
534
386
389
216
696
735
776
249
533
80
242
115
252
361
713
739
752
416
710
693
678
449
586
109
778
777
736
505
779
711
747
765
359
42
194
707
706
171
741
281
305
197
136
137
504
745
448
748
474
749
477
366
734
506
222
712
743
750
145
71
282
737
311
335
199
360
744
387
709
530
770
733
769
738
279
676
766
310
558
446
81
363
742
338
708
114
