492
435
654
623
436
655
434
491
624
403
402
592
459
404
466
460
468
467
653
493
437
656
371
370
366
686
524
433
723
401
490
469
399
523
458
659
691
754
591
400
621
755
652
620
367
369
304
722
305
803
753
685
398
457
619
598
622
4
239
660
797
690
569
505
240
487
692
456
631
657
687
658
368
648
785
432
724
488
599
537
489
756
303
616
787
585
238
743
711
788
538
560
272
971
473
179
372
212
338
784
786
264
940
782
207
645
520
522
345
439
678
635
271
323
551
941
438
518
617
770
710
109
506
455
586
928
348
465
733
511
29
514
835
77
313
630
813
376
365
896
510
618
552
729
765
27
335
281
834
802
822
344
181
761
148
336
927
470
1010
424
698
918
83
1007
632
766
946
677
975
570
885
225
817
82
180
52
291
801
230
646
1002
233
3
47
772
480
265
568
322
550
825
960
826
471
200
583
440
669
815
637
481
358
28
73
235
961
154
337
131
600
816
644
642
359
43
977
886
86
152
167
327
992
110
740
680
100
976
798
234
381
76
675
843
684
0
1018
201
696
972
199
61
36
128
44
171
951
1006
384
742
521
950
917
697
702
962
254
933
10
513
59
252
667
699
226
519
611
932
921
169
121
326
312
891
809
317
349
899
390
939
986
908
674
482
407
485
472
104
117
957
224
789
818
872
479
153
186
819
701
2
92
536
852
790
893
449
601
584
900
423
840
244
133
91
771
334
978
108
925
486
382
218
780
830
273
414
985
255
194
781
143
355
609
783
192
208
987
101
99
391
215
676
142
774
831
130
132
54
546
949
213
5
907
845
196
829
72
737
183
93
901
256
269
166
991
175
877
206
732
149
232
19
163
60
812
146
151
639
11
214
360
1009
285
392
124
210
136
263
959
116
673
838
188
318
994
842
290
707
87
904
958
670
926
664
606
114
350
85
638
504
164
876
1019
856
182
963
641
909
451
757
844
155
666
354
810
728
35
841
379
386
930
30
983
284
223
421
651
51
408
981
739
21
895
204
97
881
412
862
103
288
339
415
571
78
287
245
328
982
111
20
839
168
870
915
663
478
375
45
202
410
931
113
916
74
647
922
610
873
222
253
41
864
541
106
122
25
211
679
416
988
159
935
855
887
26
665
42
227
15
294
14
672
875
162
704
198
898
553
820
257
174
94
450
508
75
7
259
902
578
50
197
55
387
316
249
413
127
760
297
1008
736
668
49
383
1
447
712
793
79
903
185
871
763
484
547
141
53
105
452
90
929
984
823
8
577
158
966
1003
995
828
286
517
604
882
325
378
544
419
454
443
446
115
636
118
353
268
147
68
752
700
193
138
804
777
708
545
955
794
170
906
266
792
706
296
352
542
512
150
613
567
965
156
643
938
139
990
69
867
125
869
970
854
945
301
95
649
964
70
543
587
821
1017
276
738
948
811
46
311
769
954
88
48
126
120
258
320
380
389
89
539
515
277
914
62
474
137
773
81
205
292
924
614
96
799
919
1011
861
731
442
920
894
270
853
735
1023
40
705
934
968
176
744
123
969
203
953
246
859
84
12
884
195
582
878
453
858
640
888
615
923
566
718
947
187
943
579
411
251
417
980
768
936
119
324
262
661
165
261
190
356
64
973
581
343
300
71
671
1016
173
293
221
231
9
849
767
483
791
796
824
56
910
634
65
306
425
39
32
857
605
730
237
140
66
319
388
709
302
762
321
703
229
418
476
572
243
549
576
997
189
347
157
184
573
837
734
220
67
444
967
98
890
937
989
80
209
333
135
385
1020
554
1001
548
172
178
633
974
346
814
377
874
219
22
33
993
37
607
228
892
6
999
942
832
217
555
979
278
63
191
274
315
713
134
833
795
145
16
102
357
107
764
441
289
241
540
868
280
808
248
18
314
23
129
282
397
299
509
295
851
250
502
603
283
34
996
24
866
602
351
863
574
160
57
749
236
247
112
420
575
629
681
31
38
998
897
741
507
17
848
750
588
267
612
850
516
779
161
745
216
58
806
905
1022
422
758
477
721
475
827
177
1000
693
409
279
445
13
775
144
1012
913
260
688
776
944
1021
717
751
860
836
448
883
1015
298
580
406
715
725
1004
846
501
889
275
800
865
807
956
608
695
1013
242
952
535
650
880
778
805
1014
912
716
627
1005
426
428
759
503
748
747
726
662
727
682
565
879
405
625
714
911
329
847
310
719
461
525
597
683
427
332
534
746
307
340
533
694
309
331
689
393
628
361
431
374
308
330
626
720
559
556
498
373
429
362
342
363
499
364
394
396
500
589
341
464
528
596
395
590
564
497
527
430
593
526
595
557
532
496
494
529
561
563
558
530
531
594
495
463
562
462
