533
565
597
534
628
526
501
566
913
848
847
395
394
629
497
559
880
849
502
393
850
535
662
503
362
396
627
430
426
429
881
726
295
580
912
364
626
529
846
593
608
208
914
581
695
242
494
883
177
590
561
879
144
425
817
911
775
314
776
727
330
1011
282
747
851
650
241
808
207
176
1005
814
363
612
48
746
725
681
427
882
575
445
203
576
1012
206
361
145
250
1004
548
860
516
683
945
693
329
498
209
239
1000
1015
262
1010
875
549
392
889
1013
236
178
819
528
275
874
172
540
661
818
175
1021
16
836
952
577
408
574
444
237
1022
251
261
837
758
173
283
572
748
759
240
884
816
745
422
979
579
428
448
280
197
229
17
66
671
868
682
996
859
734
714
80
249
112
865
195
716
319
98
1014
477
1020
13
649
31
228
188
315
712
409
679
475
309
703
807
944
578
377
247
897
989
326
342
219
248
1023
977
956
187
57
573
260
910
216
129
9
191
32
170
605
79
327
194
161
567
990
545
33
888
998
517
767
603
397
820
65
157
713
289
905
741
558
832
160
186
863
119
34
351
376
993
84
296
640
49
107
800
779
221
919
238
198
792
877
857
231
892
878
894
815
58
999
827
991
609
274
217
189
293
866
974
1016
867
762
925
476
64
934
205
331
360
24
263
23
417
806
420
539
696
582
440
461
805
346
120
125
997
959
38
18
294
700
709
660
123
953
165
706
447
174
111
89
63
135
643
380
793
735
81
37
6
193
155
607
890
804
67
227
218
870
824
182
876
833
673
359
286
141
764
861
258
853
858
844
811
71
299
140
791
353
95
541
544
22
202
978
794
196
611
761
869
388
900
1001
139
90
856
298
598
828
243
328
995
12
190
796
923
150
871
555
702
7
50
744
56
641
902
41
542
134
557
773
547
969
527
799
70
509
955
321
937
973
230
543
938
920
25
507
154
508
325
864
778
151
375
220
604
546
948
126
760
53
970
39
707
184
253
610
102
279
199
639
74
55
385
845
515
204
62
964
94
40
842
728
672
613
831
909
210
968
118
965
705
185
156
943
684
668
75
316
478
88
158
350
147
738
413
130
929
634
142
320
994
159
105
512
931
736
356
798
15
647
942
936
46
658
91
357
124
122
739
213
30
839
391
731
106
1003
988
1017
96
257
954
42
947
615
8
992
862
1019
232
984
922
292
737
899
211
838
829
802
924
162
674
670
246
795
2
412
930
318
967
946
21
153
347
418
887
893
895
704
103
441
114
183
966
93
614
99
1009
164
901
659
87
980
768
962
383
701
963
270
757
287
387
354
453
310
1
769
416
384
651
483
927
11
891
267
312
138
926
841
344
163
708
730
317
872
932
386
697
85
771
68
823
602
774
215
729
352
921
45
143
904
223
571
192
345
224
110
171
664
14
78
960
906
1008
852
907
97
117
957
54
72
389
113
732
127
916
226
742
763
482
266
235
898
675
358
44
442
254
446
554
60
699
252
896
961
288
983
313
669
636
407
801
59
20
168
76
830
324
484
149
415
789
843
10
137
297
308
167
481
222
69
373
676
642
633
630
766
449
51
479
73
949
284
132
82
939
390
958
985
513
166
115
83
5
256
1018
214
43
116
915
638
987
751
935
790
108
680
343
903
212
419
556
152
61
133
169
35
826
121
835
663
637
584
986
470
625
136
200
1002
104
606
101
777
717
928
290
854
510
0
821
665
255
933
450
92
307
332
710
348
855
268
421
803
278
733
382
285
276
26
3
300
451
128
259
982
951
480
131
452
291
302
834
234
86
646
225
525
281
840
201
765
414
277
719
52
918
27
740
349
1006
514
474
100
825
19
269
378
692
873
36
622
975
648
813
47
455
772
29
411
917
245
410
644
355
770
28
694
972
780
886
374
981
583
797
244
322
423
424
511
885
454
666
379
311
109
443
472
485
601
812
77
550
570
976
809
971
1007
908
486
698
950
233
181
677
743
180
810
405
146
711
381
560
822
678
594
406
148
685
4
264
600
941
940
667
273
632
519
323
471
783
591
645
504
788
715
520
654
521
618
431
537
265
530
538
179
553
473
506
439
551
518
588
536
465
487
522
635
750
749
616
301
398
569
552
653
562
505
500
365
787
617
404
340
652
271
306
464
438
781
585
488
686
691
786
469
456
587
718
568
462
372
784
333
499
341
689
631
586
437
458
272
403
690
466
589
720
599
621
782
687
564
785
724
756
402
371
489
434
657
457
623
334
688
619
459
524
523
338
303
752
335
495
463
339
596
496
433
721
432
493
592
620
337
655
304
305
468
490
366
399
336
755
722
532
370
595
460
367
368
401
563
436
753
467
531
369
656
