650
436
468
466
403
685
396
434
397
654
683
429
497
652
402
433
363
395
331
592
686
655
653
364
341
430
332
624
404
340
623
437
401
529
649
591
498
593
462
625
469
622
561
659
373
496
658
626
716
682
560
464
362
405
300
370
528
365
374
333
372
618
499
301
500
648
342
463
426
371
715
308
406
48
428
16
627
346
852
851
309
647
724
475
455
656
232
657
679
821
438
270
687
268
303
15
137
530
501
850
681
853
453
299
17
423
339
1015
411
760
820
559
427
432
398
487
264
329
1005
230
330
634
116
1007
252
791
267
298
486
1011
1006
714
393
235
90
545
314
283
361
161
212
122
67
911
231
594
574
422
518
12
983
319
454
244
91
728
302
485
875
710
347
63
236
98
822
167
1004
699
220
677
680
334
551
807
1012
315
774
673
698
163
162
115
76
204
31
35
247
575
431
857
129
519
211
284
52
974
856
840
984
843
446
260
58
66
775
237
378
819
262
293
979
539
233
338
130
879
646
195
148
443
261
869
292
318
692
660
705
84
729
704
26
121
40
973
605
923
205
573
506
47
510
158
874
636
808
127
590
845
942
700
287
737
11
123
89
712
1016
316
96
476
882
829
59
838
79
180
841
507
571
425
85
676
549
718
154
369
881
678
706
901
711
189
888
138
255
543
1010
80
447
271
160
117
794
957
839
863
203
831
638
908
517
103
666
159
674
806
880
547
837
763
668
136
912
802
33
1002
126
672
71
641
606
251
444
810
135
49
157
34
579
99
269
477
725
581
320
854
452
474
708
1022
125
25
494
174
756
826
72
900
513
868
876
107
768
828
222
484
248
168
7
873
743
323
379
13
836
637
830
542
1023
509
943
809
254
1014
578
991
929
280
541
546
930
39
348
980
57
871
355
246
898
45
38
44
924
736
859
69
169
27
171
172
717
975
473
228
139
131
864
221
291
6
731
969
65
272
472
384
8
781
640
1003
927
858
279
386
956
932
445
229
296
95
644
897
861
508
790
797
941
97
147
505
164
562
902
194
891
914
799
92
827
988
216
607
307
108
709
70
276
742
550
870
213
894
353
540
629
1001
36
628
962
375
193
612
805
200
20
321
188
495
73
140
104
970
964
892
479
946
179
865
418
274
825
352
173
642
968
789
643
959
667
56
223
191
354
933
832
782
421
707
417
889
215
860
769
787
1009
128
958
184
602
669
275
788
285
124
416
842
739
951
800
478
896
165
872
834
214
635
926
511
1008
190
183
697
385
867
202
226
185
234
866
812
965
990
351
14
793
243
893
761
675
111
245
994
75
938
910
149
738
441
537
883
922
801
88
740
919
570
814
735
265
1021
804
764
907
899
349
913
823
967
811
645
224
61
325
288
343
846
156
544
538
83
989
390
824
141
324
326
582
604
1013
952
322
134
639
77
833
407
713
43
199
796
177
773
580
253
961
155
119
925
978
767
206
884
934
548
286
849
905
971
109
310
663
798
577
862
762
289
855
225
813
610
670
993
192
290
273
603
68
278
81
572
748
415
960
481
966
60
688
741
909
920
514
152
569
818
42
890
732
955
74
928
178
931
166
151
747
940
887
611
238
937
982
387
383
776
795
366
219
210
939
112
313
41
2
1017
615
997
616
609
448
153
792
18
217
100
133
483
250
701
784
744
1020
175
350
450
921
847
999
770
877
950
86
382
915
259
895
102
947
114
992
945
389
30
442
504
181
201
197
186
410
317
451
218
878
772
936
32
150
906
227
844
311
512
630
256
53
995
480
516
312
449
5
93
948
1000
391
78
187
9
412
118
766
780
62
101
903
414
848
981
94
671
885
935
755
263
120
786
734
987
249
345
50
576
356
3
419
37
904
176
702
733
608
28
327
24
703
695
297
64
998
746
196
533
482
757
765
380
916
515
633
817
142
783
944
55
413
456
198
816
1019
953
87
954
976
360
693
170
10
727
835
257
759
488
282
996
771
143
963
665
266
51
19
357
277
886
54
972
388
105
106
918
46
694
803
304
281
536
815
258
23
424
1
0
358
82
209
949
583
662
239
208
777
985
328
785
306
696
305
758
420
110
294
613
295
726
409
182
22
440
986
207
240
661
749
377
242
778
132
601
359
470
144
977
779
597
568
691
527
21
723
381
145
392
917
614
146
664
408
730
1018
241
526
631
565
29
113
461
4
344
598
335
719
337
376
745
400
632
722
621
750
439
600
754
493
520
689
690
336
599
721
720
566
751
753
399
531
617
558
532
567
534
752
471
457
619
459
502
368
367
595
503
535
552
460
596
458
620
489
563
492
584
525
564
521
491
524
490
553
585
589
523
522
557
586
587
588
555
554
556
