334
306
642
670
362
277
276
724
248
675
305
88
723
446
197
104
42
477
722
449
193
46
72
304
769
251
761
249
505
38
106
41
221
709
335
674
105
73
78
717
74
585
43
741
138
312
108
703
96
333
421
719
278
450
284
247
71
639
743
713
747
393
647
592
753
641
718
669
534
194
556
707
765
773
613
113
712
98
219
220
536
394
750
472
686
102
710
764
538
716
582
595
648
685
690
715
281
250
587
288
99
103
679
688
109
649
169
337
275
222
721
287
676
273
367
279
342
779
760
711
638
682
768
708
635
706
746
692
744
291
123
659
311
307
681
777
3
289
495
101
290
497
661
633
535
691
636
533
609
127
310
701
650
263
130
315
689
364
339
684
608
778
652
82
680
678
532
767
274
766
23
314
244
783
660
57
762
738
749
128
100
510
754
780
617
634
239
140
112
781
704
9
758
27
782
739
168
208
687
594
237
246
672
424
395
230
260
583
129
396
341
683
30
426
566
560
235
663
180
8
763
668
236
182
438
671
280
179
206
479
156
204
44
434
666
537
183
720
21
664
748
667
303
714
10
84
16
177
313
155
124
482
694
589
115
340
700
673
662
205
252
245
354
234
126
86
24
55
579
176
440
286
231
207
4
507
178
439
451
261
285
772
423
588
125
258
316
145
366
622
509
693
272
143
181
262
745
233
253
302
147
26
623
326
504
618
742
412
616
452
353
209
384
271
590
640
301
259
256
351
368
352
557
283
300
174
338
696
325
752
705
202
775
737
81
299
114
448
390
770
502
282
