334
248
277
278
276
249
107
193
40
88
306
332
304
41
251
642
250
724
39
746
717
106
745
48
741
38
166
50
742
37
321
46
136
47
331
78
90
110
62
63
587
371
138
362
639
769
743
709
284
770
34
744
35
738
322
534
359
722
713
105
45
719
718
49
667
739
342
368
12
585
716
767
768
104
108
75
708
710
771
763
764
688
747
737
594
715
92
582
349
195
556
595
72
43
87
490
592
183
731
350
620
762
340
185
449
622
692
666
695
546
212
405
766
477
706
74
377
680
714
151
752
379
519
518
351
127
668
489
323
60
179
464
378
57
23
463
437
102
735
58
510
538
280
479
3
583
619
184
597
547
516
93
240
130
187
146
700
780
720
129
609
617
775
76
186
462
44
214
20
307
727
73
736
272
145
8
255
492
100
749
600
421
28
596
748
647
33
213
101
235
381
206
584
157
649
327
783
758
85
177
4
242
640
