723
221
341
294
137
303
253
36
71
315
312
369
333
223
707
670
13
343
281
305
685
165
116
42
335
292
320
761
69
64
753
652
674
293
91
339
641
51
691
123
690
347
457
135
220
703
687
367
533
721
357
230
386
370
420
122
319
686
360
532
197
545
192
750
657
77
712
588
70
392
402
465
94
555
150
152
288
89
180
275
760
608
128
660
772
252
398
376
153
520
765
661
499
113
480
659
491
505
517
751
406
54
774
314
778
461
224
120
313
27
364
287
194
147
460
191
682
121
458
456
664
348
188
222
211
653
616
669
375
486
672
112
435
66
260
694
574
675
266
658
485
631
384
126
500
613
21
96
133
633
422
160
630
2
168
154
654
229
459
484
776
358
679
61
395
540
428
95
432
561
638
385
528
32
182
409
777
316
663
119
124
699
410
393
97
139
701
265
488
167
325
626
149
403
552
164
10
6
394
413
645
568
52
82
567
161
155
148
346
365
754
643
140
159
309
374
773
433
79
436
366
299
636
644
196
264
572
755
227
9
387
247
575
554
601
487
246
380
234
782
570
605
354
623
141
17
361
302
204
262
593
337
274
781
599
438
99
665
218
407
445
355
258
427
207
527
329
493
560
512
271
544
526
298
190
24
189
551
411
681
209
606
111
471
634
5
0
103
131
98
430
210
176
109
1
481
401
363
629
243
216
662
397
19
602
295
476
632
175
286
125
598
429
408
635
326
267
383
730
615
740
542
573
352
711
231
181
624
569
84
259
238
729
244
515
548
455
603
382
236
178
524
416
53
328
245
536
261
269
263
650
443
232
163
117
400
289
655
205
16
31
581
233
215
580
689
628
756
511
26
115
56
725
239
513
86
610
169
353
158
607
728
497
237
270
514
495
83
30
414
18
431
611
671
285
472
301
549
627
757
496
11
507
591
7
452
324
225
67
553
541
537
396
173
439
509
434
504
55
673
356
208
174
162
29
577
68
203
426
25
423
300
217
373
453
578
759
291
156
498
494
330
268
550
571
543
625
134
344
732
508
415
482
404
201
576
22
648
539
467
621
451
424
202
399
241
311
525
296
779
132
142
412
310
308
466
535
114
562
273
172
522
442
219
683
637
468
693
566
440
441
579
521
59
684
586
448
483
144
14
604
143
450
372
444
279
589
15
257
317
338
656
256
651
336
677
388
297
704
470
612
523
469
696
118
473
646
503
290
565
200
318
454
614
698
726
676
564
618
345
425
389
81
557
228
283
65
733
530
502
705
506
678
390
199
254
702
563
417
529
590
558
282
478
559
501
170
734
171
80
419
226
391
198
475
447
531
474
697
446
418
