288
287
342
286
370
194
260
314
315
343
71
292
371
735
366
261
278
221
166
37
48
195
281
91
265
320
763
748
107
38
46
333
137
771
110
67
27
115
780
181
20
259
703
731
10
462
733
138
23
39
365
476
28
744
42
139
50
293
54
36
81
3
752
69
113
487
434
779
21
168
767
35
695
762
398
337
723
40
672
728
2
253
72
751
422
743
379
587
193
645
17
369
643
775
766
75
574
316
347
167
191
170
725
459
254
729
11
694
154
665
504
386
225
363
364
313
389
463
284
335
249
226
420
14
427
198
455
155
375
105
32
111
52
311
197
617
90
408
341
196
716
85
88
62
644
163
29
575
464
738
423
112
641
83
489
756
399
92
414
57
9
140
734
80
7
407
60
6
143
444
590
664
13
285
699
15
104
127
461
378
133
611
719
406
8
49
0
616
348
704
576
65
336
639
403
425
34
162
387
426
258
164
436
724
251
45
435
764
266
727
541
475
586
640
109
721
385
437
532
289
446
219
74
208
209
415
419
18
488
257
182
312
548
709
413
358
106
708
534
460
544
431
380
128
223
357
417
454
443
610
309
430
359
89
732
433
490
432
409
319
689
73
238
321
142
190
397
757
569
237
381
547
95
388
549
483
402
662
584
227
468
472
19
465
570
130
129
344
681
384
192
440
660
233
680
542
134
458
416
103
513
545
679
648
712
400
153
412
352
61
607
376
612
543
682
467
76
546
515
466
453
633
438
220
294
161
598
232
404
606
405
445
383
577
231
469
683
349
187
659
372
172
411
340
382
514
496
234
670
501
256
351
377
713
636
661
710
497
94
410
189
627
100
132
578
70
516
512
184
186
678
101
441
353
470
428
442
741
556
525
159
580
714
185
356
439
479
524
135
264
571
158
628
634
605
354
350
573
684
711
368
207
180
214
77
188
658
520
97
652
493
200
632
96
205
99
737
517
649
686
540
126
235
685
136
687
521
629
213
631
620
204
247
215
630
206
203
229
579
322
218
216
211
552
236
519
604
183
650
691
626
495
157
688
245
230
518
603
550
108
330
635
692
500
657
473
212
593
355
217
482
239
609
663
526
554
329
653
267
602
677
718
486
555
98
523
471
492
527
360
553
597
690
528
720
303
66
608
654
624
551
480
656
301
715
421
248
637
651
494
160
539
241
572
717
246
131
275
102
202
302
583
599
491
522
177
511
622
68
255
324
47
367
503
706
145
395
93
508
373
323
345
