0.02535057
-0.14493752
0.018368721
-0.16829205
0.16794777
0.0066022873
-0.08151817
0.22904587
-0.0032234192
-0.15833092
0.10076904
-0.113939285
-0.447011
-0.14077473
0.28404713
0.3094883
0.034122467
0.09667683
0.03170395
-0.04459858
-0.008980751
0.111598015
0.06898689
-0.09989643
0.15089703
-0.002450943
0.2243576
0.019181252
0.019830704
0.11010742
-0.13417625
0.20537567
-0.0804081
-0.16388321
-0.47161293
-0.21514893
-0.3298483
-0.73496723
-0.9564123
-0.6660967
-0.8630791
-1.19133
-1.1230068
-1.0879421
-0.6320219
-1.0539322
-1.4285421
-0.64284897
-0.32196712
-0.57474613
-0.37024403
-0.2342577
-0.048747063
0.06343651
-0.0144786835
0.038981438
-0.10555649
-0.058968544
-0.1932869
0.08596039
-0.13977623
-0.20843124
-0.4132023
-0.47305107
0.026863098
0.9321995
0.9218521
-0.2303791
0.93851185
0.58732414
0.15380573
-0.7251892
-1.2193346
-1.1241598
-0.92109203
-0.8600817
-0.3973856
-0.16334057
-0.7792654
-0.49108315
0.80873966
0.6241627
-0.1167469
0.19896507
-0.0018043518
-0.082984924
0.08590603
-0.36810112
-1.3363008
-0.18789196
-0.7270584
-0.5204544
-1.124856
-0.10258007
-0.82362366
-0.4756508
-1.0542593
-0.81155014
-0.6865034
-0.45182705
-0.1250124
-0.19986057
-0.6034908
-0.49356556
-1.2575397
-1.0461245
-1.019804
-0.48225307
-0.8513994
-0.4528122
-0.70195866
0.15794563
-0.0122356415
-0.49240208
0.62912273
0.058207512
-0.119410515
-0.093447685
0.09942341
-0.26601887
0.34405518
0.035975456
-0.026277542
-0.37218857
0.04056835
0.01027298
0.08843517
-0.18753052
-0.0701313
-0.053913116
-0.38881207
-0.05330944
0.49671745
-0.44539356
-0.17682648
-0.38231564
-0.99551296
-0.90955544
-0.64105034
0.28944492
-0.21786594
0.08001709
0.9746237
0.081531525
0.64519405
0.17700672
0.6093502
0.26934433
0.2487793
-0.21055794
-0.5487547
0.10246086
0.042646408
0.0129470825
-0.02930355
0.05227089
-0.32406998
-0.2563753
-0.40377522
-0.16429901
-0.3538704
-0.22202301
-0.29374123
-0.2414341
-0.15891457
-0.70524025
-0.38624763
0.004893303
-0.14408398
-0.6350498
0.81452465
0.82881546
-0.14643097
-0.6597729
0.27064037
0.35744762
0.051389694
0.11748123
0.1006546
0.10211849
0.098155975
0.0016384125
-0.025471687
0.10165119
0.16670227
0.04154396
-0.04620838
-0.0157938
-0.004486084
0.1187439
-0.49111652
-0.49260235
-1.2041512
-1.6463823
-0.22793865
0.021375656
0.23971081
-1.2394619
1.5455904
0.952075
1.10357
-0.16182423
0.38885593
0.027381897
-0.10961056
0.039930344
0.0054330826
-0.096134186
-0.02896595
0.09549427
-0.029171944
-0.08151817
-0.0010738373
0.023137093
0.0702095
0.14436245
0.012010574
0.045025826
0.0727129
0.03276539
0.0554924
0.40256786
0.018138885
-0.7824936
-0.74080753
0.2918663
1.5432739
-0.2596588
1.2438173
0.42652607
0.10550308
0.14675426
0.26147747
0.101005554
0.10269451
-0.00074481964
-0.030464172
0.014953613
-0.013654709
-0.032791138
-0.0064516068
0.047641754
-0.085718155
0.057437897
0.18816376
-0.1035347
0.035268784
0.823555
1.3359375
0.63281345
0.020872116
-0.998209
0.2686758
0.6340132
0.57129097
0.4395752
0.10775566
0.73635864
0.14949608
0.265275
0.008170128
0.11469269
0.11141586
0.033991814
0.077056885
0.004180908
0.016813278
0.23010254
0.13567448
0.37349987
0.0058660507
0.16541386
-0.038459778
-0.18889141
-0.25911903
-0.17271137
-0.39824104
-1.3179636
-0.113921165
-0.3830185
0.15683746
0.0394516
0.41132164
-0.5574255
-0.72027206
-0.03158188
0.050481796
-0.23971367
-0.34402657
-0.20860004
-0.0493927
0.1150589
0.10240841
-0.29234123
0.14391613
0.33841896
0.5916023
0.41191673
0.47437096
0.7590809
0.21877384
0.3136921
0.116137505
0.19617176
-0.7764282
-1.7267647
-2.4229803
-0.05608082
0.8175583
-0.046829224
-0.38637733
-0.57361126
-0.690279
0.16628647
-0.15902615
0.04710865
0.2657299
0.20808125
0.0053625107
-0.12661743
-0.16800213
-0.1062994
0.40647888
0.43278027
0.3807392
0.47230625
0.30514908
0.49573326
1.137579
0.9470291
1.2782497
0.8447046
0.66856194
-0.79819775
0.56774807
-0.84839153
0.6631489
-0.46961594
0.29485416
-0.13648796
0.23240566
0.29550266
-0.0621109
0.045817375
-0.067222595
0.04869461
0.34574413
0.12005615
-0.42284775
-0.24953556
-0.024276733
0.44514084
0.35980034
0.3730898
0.11533737
0.494071
0.16076756
0.64384174
1.4008522
1.5300016
2.398188
1.4302645
-1.3288746
-0.1982975
-0.14597034
-0.15907669
0.3849268
-0.2904787
0.5813236
-0.18988323
-0.32656288
-0.38918495
-0.11410141
-0.014988899
0.16505527
-0.10659599
-0.44119167
-0.0827837
0.089595795
0.38898945
0.46422195
0.41555977
0.06605625
0.15045547
0.301692
0.17352295
0.031550407
0.420125
0.6096363
1.6872706
0.8282366
1.1919155
-0.90919876
-0.61489487
-0.46832275
-0.13674259
-0.39562225
-0.2393732
-0.17703915
-0.35011387
-0.0055799484
0.35691357
0.24965191
0.19137001
-0.14229965
0.29874516
-0.008181572
0.3701439
0.55584335
0.34518623
0.5510788
0.47476673
0.1486063
-0.065309525
-0.36055946
-0.4375744
-0.9519434
1.1163502
3.1649885
1.45397
-1.0258312
-0.873621
-1.154376
-0.19102383
-0.47710705
-0.2550497
-0.20537567
-0.22404575
0.098594666
0.31428623
-0.19699955
-0.14722443
0.26388836
-0.26070595
-0.31600285
0.07423687
0.16750526
0.5349474
-0.11179733
-0.10817146
-0.15111351
-0.5061331
0.12725925
-0.9691973
-0.9774084
-0.17778206
1.7786117
1.3110952
0.73702335
-1.4497395
-1.0435467
-0.029037476
0.06416893
-0.17367458
0.1757145
0.06801796
-0.22707176
-0.12151909
-0.13458824
-0.008132935
-0.077111244
-0.04227352
-0.16209316
-0.21979618
0.54555607
0.121489525
0.072463036
-0.2996874
-0.3257208
-0.3560381
-0.47311687
-0.39232254
-1.1814957
-0.28340244
0.6698723
1.8148513
0.0016613007
-1.2151728
0.13806725
0.03199005
0.25557804
-0.07370567
-0.257658
-0.41042995
-0.72375584
-0.3255396
0.06741524
0.11996555
0.4225607
0.56527996
0.14473057
-0.18428898
-0.054113388
-0.1730938
-0.45380306
-0.43968582
-0.06797695
-0.39876175
-0.3348322
-0.4249878
0.25724316
1.0238628
0.7950907
1.3501234
0.2846594
-1.0469494
0.42788887
0.07168198
-0.25449944
-0.16998005
-0.29036522
0.15697765
0.007584572
0.30061817
0.47720623
0.3932686
0.6619234
0.52748394
0.13394451
-0.04236698
-0.07630539
-0.25975704
-0.000916481
-0.14481449
0.0013971329
0.13500214
-0.11338329
0.25321674
0.08541489
0.5214844
1.6923709
1.302372
-0.011136055
-0.27326202
-0.29334068
-0.49838066
-0.83965683
-0.43219852
-0.7433281
0.18448544
-0.13225651
0.30272484
0.19054794
0.17080116
0.33205986
0.24008656
0.08982086
0.07422924
-0.15300941
-0.1850071
-0.12015343
0.23079777
-0.27633667
-0.110248566
0.08954811
0.2197628
-0.6860571
0.26045418
2.4991183
1.398922
0.0032577515
-0.30554295
0.18716049
-0.36989117
-0.38893318
-0.5306549
-0.4096651
-0.328413
-0.37024307
-0.61325264
-0.2570877
-0.32252693
-0.51712894
-0.17887497
0.15085506
0.18572235
0.003408432
-0.30397797
-0.30737972
-0.0031023026
-0.3313198
-0.20788574
-0.3996868
-0.19420815
0.63072777
-0.84130764
2.0711217
-0.1277628
0.26122665
-0.47621727
0.36206913
-0.6069288
-0.8172245
-0.22341156
0.016711235
0.11681366
-0.24496078
-0.1546526
-0.18944168
-0.37299252
-0.2803583
0.006403923
0.29439926
0.12626266
-0.08207893
-0.26975536
-0.335577
-0.08678818
-0.16947174
-0.21193409
-0.7308731
-0.2231636
0.10074234
-0.52585983
0.02576828
-0.13961697
0.2651701
-0.057878494
-0.2765932
-0.55966854
-0.080696106
0.65753365
0.20581818
-0.11635685
-0.0881958
-0.053006172
0.20848942
-0.21478367
-0.059983253
0.15471077
0.012216568
-0.27274513
-0.23308086
-0.26755905
-0.25097847
-0.3820324
-0.29162312
-0.24970627
-0.63663673
-0.7839203
0.18105125
-0.69098186
-2.1278486
-0.14152145
0.090397835
-0.11075497
-0.6295452
-1.5390301
-1.0757437
-0.40990448
-0.5675688
-0.001961708
0.11826801
0.24241257
0.37543297
0.22432518
0.023737907
-0.11471748
-0.012749672
-0.2896347
-0.08262348
-0.2248373
0.006046295
-0.06288242
-0.001282692
0.16078377
-0.19147015
0.06217575
-0.32444096
-1.0891771
-2.2549858
-0.102991104
0.0347147
0.008785248
-1.0883274
-2.0096712
-0.94579697
-0.29554272
-0.48220825
-0.4559965
-0.022677422
-0.007896423
0.116464615
-0.010245323
-0.06251335
-0.21661377
-0.47621727
0.014769554
-0.46002388
-0.5893545
-0.48299122
-0.11317921
-0.17373466
0.042524338
-0.23451328
0.60821533
0.046426773
1.4989719
0.011398315
-0.14141941
0.15963554
-0.20324802
0.19269753
-0.7211981
-0.76450825
0.0055007935
-0.2107296
-0.45516682
-0.21534348
-0.77298164
-0.39113235
-0.37728024
-0.35154247
-0.5107174
0.13484764
-0.34466267
-0.38960266
-0.55983543
-0.406497
-0.81674385
-0.0463953
-0.39246655
-1.3391724
-1.2640066
-1.4481707
0.29325294
-0.087444305
0.06478691
-0.023030281
-0.110762596
0.04104805
-0.04487133
-0.08070755
0.5769949
0.8605175
0.77769375
1.1329374
0.74550724
0.18166924
0.07501507
-0.013803482
-0.5945654
0.57959557
-0.56752014
-0.17647552
0.4183855
0.023302078
-0.46725082
0.05904293
-0.050774574
-0.5093708
1.1197767
0.58207417
-0.5210161
-0.154006
0.08587551
0.068427086
0.024367332
-0.047216415
0.11282158
-0.12653255
-0.8956957
0.0034341812
0.08825302
-0.29941368
-0.44312286
0.031838417
-0.15005684
-0.2647276
-0.66506386
0.94617367
0.82252026
0.22345352
-0.35925865
0.4772625
0.63292503
0.14016914
-0.14615536
-0.2819929
-0.39015675
-0.16998577
-0.099137306
-0.09808159
-0.13264751
