646
197
675
647
115
92
472
116
648
676
743
505
119
563
744
96
719
137
251
138
250
649
91
705
450
144
118
709
591
97
674
222
90
477
451
708
590
143
166
712
706
123
277
283
395
713
361
122
507
689
199
537
117
93
710
686
562
169
94
444
306
333
389
449
421
223
89
147
192
707
595
67
274
230
95
479
278
589
424
655
334
478
156
531
558
275
547
447
535
461
620
506
651
745
146
50
426
66
509
510
120
688
423
466
102
136
467
171
98
428
433
652
493
738
425
654
409
165
410
682
246
320
152
194
310
677
566
619
434
284
521
256
193
99
546
391
381
520
545
60
360
227
565
680
752
411
130
685
104
670
232
125
23
679
741
430
170
113
353
390
678
526
498
586
495
124
575
172
19
418
623
49
293
51
101
64
747
683
362
128
742
489
716
282
311
33
783
233
100
596
324
121
383
533
751
519
541
556
396
82
352
657
174
336
243
662
720
667
392
568
538
153
380
408
34
191
780
267
420
711
27
594
554
35
127
109
261
106
608
452
196
403
642
672
658
295
270
15
557
475
571
736
298
8
739
308
9
107
57
681
211
548
325
12
429
0
661
549
268
650
436
86
567
173
338
564
572
754
492
551
779
388
435
303
609
110
698
17
312
32
157
131
167
87
659
162
52
2
718
30
58
81
699
615
47
664
532
16
527
213
431
693
757
53
133
159
756
382
155
61
717
253
618
212
160
552
335
255
26
758
225
443
149
186
41
346
111
560
700
206
154
294
198
673
398
702
374
18
151
134
574
499
40
555
462
781
297
265
663
523
579
244
366
258
782
628
6
542
22
525
419
465
644
215
183
354
690
753
260
38
630
31
208
432
626
660
264
438
414
175
114
20
372
704
54
384
266
622
617
460
36
108
597
302
242
582
427
321
65
550
583
653
180
635
332
83
399
727
150
393
229
632
307
553
25
140
21
578
280
592
305
735
142
728
129
616
536
355
636
168
187
643
176
474
730
407
296
259
367
262
634
254
446
55
205
207
326
271
691
494
234
235
364
540
11
471
624
247
7
240
112
402
184
371
177
236
219
627
621
3
697
88
625
587
629
257
468
576
48
182
476
5
29
491
209
457
214
755
4
687
179
671
598
518
84
573
580
524
286
347
731
1
85
28
748
181
701
600
263
517
715
684
534
605
480
272
584
422
359
577
68
483
13
190
323
331
437
645
455
220
195
746
39
656
345
79
614
132
105
606
458
759
185
373
126
178
385
71
139
252
729
441
141
202
610
726
454
239
158
238
375
599
668
281
319
299
292
56
696
760
570
24
413
37
588
216
231
416
496
601
497
665
412
10
508
394
500
714
463
14
778
611
469
723
513
356
607
442
339
318
300
404
770
290
269
453
415
379
638
218
666
164
163
544
750
365
59
400
764
70
464
237
514
490
203
226
145
448
559
330
639
245
740
530
581
633
721
669
401
241
511
287
80
327
221
602
341
204
487
604
732
512
376
363
725
488
473
522
765
543
459
769
763
692
69
201
694
482
189
188
42
351
75
631
737
766
439
695
74
313
484
370
456
733
249
328
724
539
603
613
148
315
481
776
762
515
405
62
768
279
46
337
273
386
528
637
288
761
387
348
569
63
749
322
445
774
161
43
502
767
210
349
358
103
72
777
773
470
397
561
44
217
73
440
357
276
378
772
291
350
593
516
135
344
722
340
504
377
775
76
316
342
406
343
