334
306
675
670
642
647
724
305
449
46
362
88
72
197
477
276
277
92
444
723
472
248
722
104
669
422
674
96
505
43
416
450
41
45
73
251
42
74
648
443
137
94
421
38
108
761
75
335
224
97
676
105
90
420
106
223
592
40
136
719
221
71
284
333
304
704
247
392
536
709
37
44
78
169
585
556
610
639
769
98
249
173
138
311
91
538
39
646
393
591
110
47
753
49
641
150
650
312
95
717
689
464
102
113
565
490
489
713
741
441
747
296
79
572
743
470
619
76
499
12
415
678
638
337
34
679
535
376
348
99
589
283
649
779
566
710
718
109
712
123
595
497
471
703
275
765
424
495
130
50
681
582
613
279
567
773
414
63
707
561
716
351
564
711
87
62
324
688
563
498
469
467
48
310
166
394
690
323
580
107
571
635
537
133
220
103
89
36
468
618
473
668
317
715
778
552
119
352
165
93
570
750
590
396
322
463
316
127
51
370
149
573
267
211
488
434
721
295
636
262
583
363
462
367
435
274
369
652
491
278
534
510
425
701
768
201
61
611
140
677
764
430
433
533
273
403
58
760
194
581
744
375
626
445
209
35
100
440
546
397
189
708
726
1
33
438
117
101
426
398
219
706
754
128
3
460
339
593
767
526
508
60
56
244
423
364
222
645
777
439
782
553
574
461
377
82
609
184
783
780
168
458
617
122
682
131
608
614
9
13
523
287
431
587
671
135
204
413
729
242
64
115
134
781
509
637
699
620
30
575
32
11
52
615
427
365
657
6
599
268
694
728
85
183
116
758
154
519
23
451
547
57
643
680
696
185
172
187
54
453
319
153
238
698
540
482
297
121
325
124
207
307
236
594
607
272
208
176
240
406
661
77
457
314
496
749
576
261
692
246
532
156
720
218
265
766
129
125
143
239
691
379
20
459
518
630
294
522
568
342
395
353
181
524
596
309
19
663
569
673
651
84
16
345
347
343
182
683
289
230
188
25
290
235
112
476
288
216
28
579
126
270
266
256
465
600
653
757
269
212
27
0
5
560
730
746
263
687
243
152
177
666
155
260
634
551
601
672
203
404
378
507
217
213
492
8
237
656
662
179
2
373
234
86
118
214
141
382
548
195
180
241
428
55
528
264
554
660
693
739
731
186
436
315
18
442
164
604
291
206
667
250
399
344
658
318
350
215
487
748
466
178
380
22
151
161
354
386
371
644
732
70
685
405
714
624
292
231
740
372
281
17
481
525
727
550
625
700
53
205
167
598
705
686
29
302
762
4
356
755
10
664
374
21
233
320
385
452
24
285
756
159
479
145
157
520
557
759
321
300
412
245
147
59
280
702
629
493
303
632
286
383
31
549
174
684
597
588
478
111
562
271
605
623
258
555
7
349
148
26
543
776
633
521
259
527
163
622
738
772
227
763
456
628
616
602
539
494
627
83
577
120
500
655
162
326
512
301
196
384
225
606
210
14
232
480
160
429
409
400
578
229
432
659
545
202
407
175
15
158
541
340
346
338
504
366
506
282
255
733
474
