590
114
740
441
88
164
480
135
118
64
272
234
681
377
508
96
136
91
273
244
242
481
227
93
90
471
66
654
143
460
199
197
675
593
509
226
108
739
687
742
68
62
60
376
166
405
453
434
531
444
81
170
549
269
652
452
243
258
473
257
394
354
174
741
404
176
171
445
346
271
67
684
146
550
236
680
416
270
24
294
74
303
115
781
638
493
133
198
735
728
780
147
321
132
470
297
204
433
63
672
121
451
261
725
328
330
718
299
521
75
69
494
420
766
231
752
49
757
286
726
173
603
756
97
575
421
26
130
378
462
406
565
522
700
620
655
326
65
71
134
568
202
205
435
727
754
70
138
643
657
458
175
119
167
352
671
699
131
172
723
469
229
670
296
698
753
625
626
422
635
327
54
83
159
468
122
139
432
324
154
188
567
608
750
367
52
636
325
569
240
755
339
395
729
440
417
349
779
581
366
48
722
351
495
732
168
25
355
782
241
736
720
239
527
331
148
721
497
5
605
510
731
577
520
238
29
141
381
382
762
627
380
23
730
630
673
274
496
50
771
768
644
322
338
266
410
658
761
353
439
189
694
329
214
28
109
203
55
268
233
783
555
659
616
235
1
149
53
733
719
759
245
251
701
137
260
592
163
449
637
215
574
187
758
596
407
10
169
411
541
492
73
19
438
423
656
461
519
72
113
383
524
751
546
617
633
408
0
634
466
177
323
206
213
436
59
41
624
763
775
18
764
602
45
525
743
578
642
760
153
409
589
467
580
237
437
767
38
765
465
47
604
37
295
185
448
548
15
631
393
463
110
645
554
33
511
312
538
190
348
769
545
51
7
639
540
44
702
365
340
161
9
140
22
737
477
27
82
11
777
40
770
610
503
464
629
583
476
182
195
36
523
623
17
773
674
13
21
611
39
285
207
576
46
320
209
208
415
160
57
621
601
660
403
413
341
87
530
179
693
293
123
582
526
379
181
32
482
628
749
216
152
111
223
402
539
561
56
4
695
230
705
34
287
632
35
588
77
401
579
279
307
776
745
664
162
483
212
513
6
309
356
337
774
8
552
419
20
335
392
615
210
595
183
364
391
217
597
112
606
220
373
16
447
585
3
547
562
587
127
30
43
222
157
86
431
598
151
599
186
551
400
31
600
42
313
264
570
219
772
424
194
703
661
430
14
571
553
586
84
211
622
455
12
363
253
252
58
85
150
281
2
267
224
505
446
412
156
454
221
573
225
559
247
500
747
665
278
191
345
129
372
265
459
193
98
425
584
275
250
543
744
390
178
155
218
397
361
612
512
308
613
291
557
691
102
100
594
336
517
357
614
103
319
334
314
502
748
607
609
125
697
232
289
641
374
475
418
560
76
375
105
515
343
396
489
192
457
180
491
288
104
488
399
532
368
101
518
389
533
126
342
124
490
128
262
184
428
504
456
426
556
429
369
558
99
306
692
362
384
316
474
370
544
542
280
746
263
318
427
484
666
344
371
292
669
315
359
388
485
317
529
667
398
572
414
690
486
305
385
501
290
333
640
360
668
387
696
386
514
249
358
487
277
528
332
516
276
304
248
