655
723
623
624
592
524
724
591
492
525
755
493
754
559
12
168
617
619
52
491
618
4
722
560
587
57
85
756
13
630
631
662
45
26
692
526
11
523
663
586
691
25
656
167
460
785
286
494
461
51
649
149
527
585
154
3
556
43
59
348
136
240
89
61
457
117
414
271
272
786
180
793
825
971
555
429
121
192
458
599
725
598
489
181
162
381
83
133
91
148
490
459
380
959
213
837
629
135
169
239
147
199
224
185
876
761
316
487
60
265
927
246
974
949
830
317
245
284
939
256
558
495
77
318
173
225
0
285
670
191
187
296
771
543
574
142
667
620
635
611
470
993
312
805
221
538
557
478
349
728
743
794
513
991
456
669
188
990
506
126
193
765
957
908
1018
668
857
766
1007
227
195
872
701
753
826
46
869
515
255
482
483
214
44
972
179
450
982
201
453
838
479
675
161
992
311
644
234
202
219
871
842
886
960
570
711
413
212
29
597
481
588
798
981
637
829
233
411
253
14
924
359
226
994
390
925
975
297
264
518
955
323
870
351
378
327
958
428
940
244
247
638
510
679
514
907
707
486
278
839
922
875
288
643
605
549
53
792
350
956
804
806
733
382
379
636
134
474
313
634
672
266
603
916
105
926
110
1006
604
6
678
705
163
345
784
950
905
19
160
932
985
320
704
739
732
422
512
196
937
673
141
648
867
987
447
449
575
917
232
383
961
861
578
416
291
485
772
697
664
573
803
856
410
353
7
166
710
858
344
729
906
983
115
545
840
550
143
953
700
770
797
646
973
451
986
579
787
843
577
328
645
891
855
544
174
539
677
740
900
854
322
799
443
94
676
606
132
455
384
738
138
734
821
421
666
279
964
448
319
281
885
702
628
116
680
874
68
1019
836
75
970
735
774
862
835
928
895
938
326
866
546
889
936
760
220
737
610
194
484
796
954
859
923
387
773
261
769
517
800
1022
941
215
698
647
1023
423
442
452
887
948
909
946
321
904
822
834
358
106
292
816
642
962
609
868
86
454
731
890
742
873
965
324
254
898
979
352
708
389
576
377
767
186
863
203
674
325
712
831
613
902
541
930
182
21
929
696
996
231
894
505
790
519
207
475
706
153
357
896
235
815
295
730
802
791
477
528
426
480
446
877
248
608
899
290
417
823
963
67
287
919
280
391
346
933
571
827
206
229
639
744
817
841
764
1017
921
294
354
547
542
607
82
995
951
62
554
768
156
893
641
828
833
614
103
488
736
897
910
901
616
415
263
810
671
757
172
572
175
131
775
918
967
892
997
801
395
998
581
809
695
548
509
602
293
222
130
259
27
845
860
343
5
425
903
36
355
864
137
612
699
709
412
988
418
931
396
409
551
419
934
208
660
600
184
140
204
386
832
811
945
270
114
853
984
385
865
762
944
824
763
569
580
943
176
476
632
596
844
217
942
789
118
211
445
282
9
165
848
741
582
170
947
444
128
356
347
155
237
277
915
511
507
795
249
238
888
427
125
566
989
230
205
846
807
818
1020
84
262
627
257
97
33
258
788
777
813
200
78
198
595
65
398
878
30
814
1021
314
439
178
776
884
129
920
250
820
69
966
778
151
10
104
847
978
686
157
183
243
289
615
236
388
79
852
703
101
90
251
537
397
310
32
473
779
1016
935
665
980
516
952
99
849
584
164
55
146
54
64
640
812
273
601
144
177
583
540
1008
120
376
1002
880
96
976
681
100
912
228
171
260
424
441
370
881
508
95
420
914
360
883
850
218
621
145
780
882
73
111
108
745
37
1009
305
1003
661
209
913
2
713
969
968
88
819
66
693
759
283
267
568
223
851
594
98
879
303
522
1014
35
438
241
109
565
298
552
633
28
8
746
158
392
1
520
15
127
190
687
159
315
24
471
911
977
93
567
210
1012
42
152
197
375
189
808
727
1001
1013
41
216
1005
150
329
393
268
331
590
107
306
338
113
92
304
758
1004
34
752
70
407
536
783
1010
299
501
300
781
999
76
1011
22
782
102
302
502
72
252
622
462
1000
74
553
20
747
123
58
112
1015
371
650
440
50
269
721
408
242
71
56
330
363
23
430
690
276
751
124
49
694
521
309
564
17
38
361
332
563
362
48
369
500
562
81
119
399
40
394
718
472
274
342
275
534
504
654
535
750
337
503
365
122
47
336
301
39
87
406
364
333
689
726
366
593
431
374
719
139
463
334
749
589
714
720
437
748
657
469
688
31
335
18
651
496
400
80
659
404
63
533
339
653
308
403
499
717
368
367
16
652
625
405
685
658
561
468
682
436
532
626
715
307
372
373
716
432
531
435
340
341
684
401
402
464
683
467
498
530
529
434
497
433
466
465
