0.044022083
0.028521061
0.23706627
0.19573402
-0.27289772
0.20767021
-0.11452818
-0.07442379
0.35632324
-0.16674805
0.06684017
-0.269938
0.70500565
0.77750444
0.18022013
-0.21574306
-0.08179426
0.0307765
0.032031536
0.081409454
-0.029608727
0.12915945
-0.005739689
0.22535849
-0.17472887
0.015186787
-0.27297783
0.048398018
0.101362705
-0.021549702
0.078918934
-0.07802963
-0.098186016
0.30926466
1.1637754
1.5249953
1.3669302
1.7209501
1.751199
0.50063896
0.5410919
0.88587284
-0.2405119
0.7175288
0.6017475
1.0306664
2.4212947
2.2602172
2.094241
1.0628371
1.5306227
1.5259111
0.18276119
-0.059047222
0.21280861
-0.24954462
-0.064466
0.14139986
0.51723194
-0.0025601387
1.0995021
0.5886097
0.9045973
1.3811288
2.0415993
1.3762298
1.8691227
2.4254763
1.7286983
1.3632426
1.4584038
2.061375
2.082357
1.5179651
1.6879642
1.6827788
1.6492212
1.350852
1.7246742
1.8629248
0.31444025
-0.25138807
0.10053539
-0.07691622
-0.12148428
0.026910305
-0.07060099
1.3116007
1.0744486
0.7352743
1.6732609
2.0115552
1.3833191
1.2801309
1.315659
0.84396696
1.3729548
1.4007754
0.7409153
0.61714554
0.5607557
-0.0338192
0.51641846
0.039350986
0.73380804
0.16601801
0.0070695877
0.97294664
0.68241787
0.041121483
0.821795
-0.08754921
0.06292057
0.31184912
-0.2935419
0.14149427
-0.65860367
0.037875652
0.29194212
0.4728918
0.47879648
0.60810137
1.1693196
0.61671877
0.4750471
0.4051919
0.51955223
0.6928501
0.52656126
0.22820854
0.18089342
-0.15373802
-0.39355278
-0.26541662
-0.648921
-0.68405724
-0.580163
-0.7137127
0.679286
1.2280583
-0.21096373
0.08443308
0.8293061
0.39103556
0.23130035
-0.8975158
-0.62010336
0.19835758
-0.4963255
-0.17289162
0.22974825
0.2991209
0.38966846
0.24416208
0.38928604
0.46546173
0.57309437
0.66899204
0.78851414
0.8366928
0.74753904
0.7900367
0.48263836
0.41205072
0.2065363
0.7372594
1.6575482
1.0181184
-0.08482933
0.24987984
-0.111120224
0.54825306
-0.48237658
-1.1119709
-0.678236
-0.26588774
-0.39206457
-0.24902773
0.07833433
-0.11744118
0.06425476
0.28506184
0.034119606
0.33162737
0.26604128
0.0130229
0.15604877
0.2961936
0.34041262
-0.091808796
0.025501251
0.49408913
0.5436349
1.3485165
-0.14727926
1.5973942
-0.19892073
0.46630955
-0.5902543
-0.6623974
-0.43297768
-0.2753377
-0.5902834
-0.21612883
-0.046919346
-0.017345428
0.025064468
-0.07833862
-0.119930744
-0.25095415
0.20923805
0.054493904
-0.0455842
-0.22960854
-0.006504059
0.18132162
-0.0607152
0.27917242
0.34020996
0.055666447
0.36335325
0.45602083
0.076345444
1.6647727
1.2648292
-0.08044386
-0.28577805
-0.41281557
-0.45761538
-0.12024784
-0.20002127
-0.44007158
-0.44433355
0.035526752
-0.05562401
0.16170597
0.07769966
-0.11703968
0.17117262
0.22640514
0.17416334
0.01402998
-0.19691133
0.3042183
0.20279503
0.04430914
0.057545185
0.20679188
0.2886591
1.054162
1.1549592
1.6219296
-0.80436945
-1.9300432
-0.4599676
-0.41334772
-0.48770618
-0.6482835
-0.39288187
0.077685356
0.19239473
0.11903477
0.078454494
0.049693108
0.18885803
0.15106678
0.54720736
0.4734521
0.2904663
0.38372278
-0.32286167
-0.2401452
-0.2753749
-0.055131435
0.1249609
0.6434679
0.33820105
0.60032225
0.628644
-1.2630916
-0.7237148
-1.9937491
-0.6331558
-0.1505332
-0.28131056
-0.8256817
-0.017054081
-0.31832314
0.02231121
-0.0034356117
-0.10255861
-0.00037765503
-0.010742664
0.3590412
0.34150648
0.9953394
0.68349886
0.41982698
-0.101848125
-0.48474836
-0.3753047
-0.25009775
-0.24291706
0.70607233
0.50809765
-0.73607826
0.035089016
-1.3486085
-1.087172
-0.8778472
-1.7438698
-0.82453537
-0.087341785
-0.11053181
0.12439871
-0.07310343
-0.015600681
0.19778872
0.49661398
-0.22821283
-0.3587923
-0.14793491
-0.100711346
-0.37457466
0.3889084
0.5677333
-0.29679537
-0.15317678
-0.31858826
-0.39822483
-0.40275478
0.2621503
0.92814255
0.6433711
0.64735985
-1.1200209
-1.0951838
-0.6781721
-1.5971508
-0.6076608
-0.28389597
-0.22910929
-0.17657804
-0.1395092
-0.07652807
-0.11125755
-0.19758272
0.025491714
0.1868205
0.77094936
0.39194393
-0.38609314
0.26533413
0.40995312
-0.15544796
-0.14856434
0.050935745
0.30437565
-0.3946352
0.29385614
0.77316904
0.14133358
-0.90466785
-0.97914886
0.5427809
0.6085725
-1.8438964
-0.32024002
-0.7308073
-0.47132683
-0.443038
-0.012729645
0.01981926
-0.23695564
0.18143511
-0.03434658
0.58930635
0.67653704
0.3032756
0.09045029
0.15084505
0.26437998
0.035333633
-0.11703873
0.1683197
-0.19538021
0.064450264
0.37168598
0.1632042
-0.017213821
0.018136024
0.58282566
0.5250249
-0.30564165
-1.9315882
-0.54941225
-0.45518637
-0.4170251
0.14350176
-0.06876612
0.0076155663
-0.10805225
-0.06838179
0.25478554
0.28036976
0.5990467
0.4832635
-0.06734419
-0.0650835
0.42581558
0.06580877
-0.72022533
-0.65282726
-0.07230377
-0.5815582
-0.8029556
-0.3725319
-0.22025442
1.0159092
-0.13517141
0.06880951
-0.074327946
0.40996647
-0.30129766
-0.6395049
-0.26656818
0.25464344
0.038872242
0.124031544
-0.22064209
0.1440177
0.079901695
0.6291475
0.7301245
0.58412695
-0.091524124
-0.16514874
0.55119705
0.08232975
-0.48910475
-0.85618114
-0.45695686
-0.8480439
-0.8656573
-0.3062086
1.1341467
0.92072725
0.5157571
-0.56319714
0.5749335
1.0687804
0.973526
-0.38898134
-0.06771612
-0.06764603
-0.15027094
-0.42437983
0.08590174
-0.05023527
0.3351245
0.4752345
0.43895054
0.5470977
0.008773327
0.17486286
0.44191933
0.070997715
-0.4188776
-0.8082957
-0.54631424
-0.5204272
0.24901819
0.5975423
1.7332025
1.0612283
0.41887283
0.06251764
0.19964314
0.2048912
0.5825372
-0.16352367
0.014588833
-0.15193462
-0.04631996
0.083554745
0.05212879
-0.0763011
0.3560667
0.23902082
-0.20829296
-0.011191845
-0.0065054893
0.10502863
0.32437277
0.017446041
-0.19536734
-0.28200293
-0.3203373
-0.22487831
0.20581675
-0.36078835
0.43000126
-0.80387783
-0.21609497
-1.4650321
0.212924
-0.7230711
0.39135933
0.5084715
0.27805138
0.33447266
0.25874805
-0.3327284
0.21173334
-0.10834265
-0.28836775
-0.016719341
-0.15198612
-0.29074955
-0.17632675
-0.11826801
0.3049655
0.00065231323
0.15699577
-0.031815052
-0.3723035
-0.04077673
0.5351763
1.0706086
0.93124676
-1.1951394
0.21515036
0.02762127
-2.0711722
-1.0173645
-0.29584312
0.46634626
0.1871314
0.4396658
0.3667407
0.13587666
0.023029804
0.3156023
0.029466629
-0.08432388
-0.043552876
-0.04607296
0.2381692
-0.35026264
-0.61454725
-0.06910753
0.013438225
0.3599043
0.35638046
0.7401886
0.9559212
1.3979306
0.98941946
0.21193933
-0.2579956
-0.13165092
-0.61976814
-0.5386758
0.23726654
0.41974592
-0.024906635
0.6672373
0.9329419
0.4459958
0.7143431
0.39590454
0.16920567
0.3194399
0.21844387
-0.057510376
0.500412
-0.4104557
-0.40783644
-0.14732838
0.26906633
1.0185332
0.8991089
1.1330914
1.4395678
0.93318415
0.025089264
-0.3532462
0.16591072
0.08909607
0.16133308
1.6742055
1.6844578
0.95544577
0.15620756
0.5780902
0.92754984
0.3371029
0.5838914
0.17344666
0.19667912
0.07934475
0.57047415
0.58724785
0.24756813
-0.19848537
-0.6090665
-0.09221935
0.8983326
1.0038033
0.7864456
1.3875554
1.9778168
0.28292942
0.46277523
0.060356617
-0.22724771
0.3411374
0.22868729
0.923511
1.5258265
0.7686372
0.12421179
0.41232014
0.3799677
0.26099157
0.19591427
0.16286087
0.38467932
0.00593853
0.3192916
0.46153355
0.59912443
-0.37448978
-0.5015888
-0.44830894
0.71930456
1.0177932
1.2013822
1.0284739
1.7814448
0.14796638
-0.11249161
1.2092953
-0.28300905
0.0795908
0.15679312
1.2960682
0.909451
0.45867825
0.22301388
-0.039972782
-0.3192172
0.68881416
0.53176546
0.2283287
0.06771326
0.53748274
0.440094
0.12718439
0.2864561
-0.5178561
-0.34554195
-0.79194546
1.0101829
1.1537008
1.0003052
1.0063248
1.8380947
0.2652459
0.40755415
0.52563
0.036355972
-0.034325123
-0.14029074
-0.19741821
-0.32454157
-0.9283705
-1.3414664
-0.7499528
-0.35710812
-0.12690926
0.35288477
0.15903854
0.38213778
0.6132946
0.2490449
0.20372105
0.42180395
-0.4510646
-0.290915
-0.6797347
0.7104497
0.59218884
0.18069124
0.30367613
1.2619476
0.67553616
0.7021847
0.17710209
0.10553217
-0.13995457
0.027731895
0.93143225
-0.74044657
-0.8686652
-0.3116231
-0.009356022
-0.35511303
-0.25472832
-0.42419434
0.18916988
-0.44030428
-0.19780254
0.10535669
-0.050614357
0.28073263
-0.021485329
-0.14620829
0.3726573
0.10350466
0.16942835
-0.6270714
-0.52922916
0.90638447
-0.13552094
-0.22716856
0.24256659
0.20837736
-0.025383472
-0.0954566
0.060678482
0.18037367
0.17111158
-0.20893621
-0.28761578
-0.4988656
-0.5364499
-0.4416461
-0.26227474
0.17932367
-0.064743996
-0.1889205
-0.06484032
-0.6892724
-0.09216833
0.0516572
0.034250736
-0.5220189
-0.0061826706
-0.31176758
-1.295897
-0.681458
-0.6353011
0.10766554
-0.20370007
0.060094833
-0.056571484
0.20839977
0.016615868
0.033805847
-0.2339263
-0.39761496
-0.21300697
0.27346134
-0.011735439
-0.46479034
-1.0877948
0.11445427
-0.011236191
-1.9222436
-0.75828934
-0.55563974
-0.6361737
-2.0102472
-0.7946563
-0.8125119
-1.0949607
-0.9892044
-1.4811454
-0.9864173
0.030004025
-0.1633172
-0.025117874
0.3604169
