533
773
281
394
253
769
366
310
338
778
504
307
677
750
279
530
335
173
336
776
766
308
534
777
779
363
676
362
145
309
704
443
440
442
285
311
775
468
252
502
415
774
662
770
678
703
305
368
280
506
411
137
743
135
751
690
174
337
199
116
412
134
257
424
772
752
282
721
146
561
549
605
339
202
198
414
136
448
771
395
469
562
736
722
747
470
660
633
735
148
439
256
299
172
369
765
254
228
441
396
688
634
232
370
737
711
231
200
456
709
467
397
255
227
576
577
330
329
761
358
132
258
176
452
351
300
323
632
416
525
500
320
679
707
586
548
661
512
675
270
497
367
651
328
287
749
705
444
393
423
326
535
114
689
518
515
734
226
340
643
496
284
272
201
26
4
11
425
175
133
738
559
708
81
209
301
55
177
302
42
271
373
760
213
341
319
615
725
498
429
417
203
503
15
762
140
733
489
754
230
196
604
712
346
674
242
385
495
741
342
519
24
149
9
436
480
781
354
131
327
517
482
283
455
355
321
578
194
717
673
700
343
724
419
560
680
84
229
208
520
179
237
383
6
641
345
170
313
514
401
290
298
322
32
729
606
312
168
544
16
225
486
421
315
413
86
402
453
454
216
53
574
273
204
483
546
545
526
650
101
524
782
286
516
371
764
490
214
59
628
106
185
551
481
25
758
541
585
190
85
532
701
543
780
306
671
427
103
109
245
27
485
219
246
755
476
180
386
10
655
420
262
30
600
644
484
82
719
699
753
621
314
274
540
640
593
645
587
105
571
598
215
52
537
260
3
625
599
477
244
686
247
5
513
505
573
649
129
654
150
547
488
153
603
169
763
217
715
659
248
187
243
33
113
629
572
596
276
218
487
154
570
669
422
622
687
538
568
630
613
197
536
191
575
39
304
508
102
58
126
392
670
128
656
40
364
192
100
601
156
449
479
602
631
277
365
123
99
278
275
334
157
138
108
12
569
