857
837
515
14
127
948
894
898
955
663
286
920
383
187
484
938
48
90
888
75
544
859
53
935
45
665
261
387
413
545
854
316
353
945
828
848
450
517
864
984
604
170
7
903
1011
970
182
547
51
906
700
760
858
162
325
914
141
668
8
222
79
804
50
447
666
257
338
297
1
610
508
94
296
919
988
185
270
990
773
421
931
262
862
930
982
810
454
106
159
763
78
372
227
379
15
416
20
869
577
915
122
638
245
963
672
922
578
113
981
25
287
284
288
641
415
1023
386
541
41
410
253
553
651
290
916
478
712
451
164
606
101
909
30
739
223
174
902
375
639
149
412
887
213
136
163
72
882
895
97
214
55
133
350
771
132
1003
794
661
197
74
820
875
871
168
35
670
673
676
926
285
5
19
793
116
728
1009
679
855
21
987
876
183
198
335
354
812
256
737
571
801
647
1019
355
211
994
841
802
664
87
958
772
829
318
104
525
60
36
844
99
349
146
873
707
49
155
368
983
949
831
255
839
124
957
449
701
407
130
390
904
215
893
192
732
382
196
667
978
757
925
294
609
414
959
204
93
486
482
780
842
985
950
798
85
226
92
849
218
232
108
202
328
210
834
991
194
263
917
891
901
702
114
830
519
2
877
835
188
166
774
479
224
908
840
870
933
674
900
644
381
584
317
907
699
845
809
91
151
852
485
986
513
423
546
0
939
921
128
365
59
838
252
142
951
180
291
153
611
408
932
962
3
856
899
740
360
697
131
234
121
384
790
11
100
10
675
61
843
143
961
896
28
322
169
642
536
471
111
265
766
208
872
254
550
742
480
669
637
992
186
646
249
481
1018
960
206
225
233
918
770
976
312
886
885
972
803
244
765
677
881
167
789
269
1006
698
235
358
521
181
552
326
54
783
825
822
391
201
977
1002
175
392
348
946
826
171
117
154
601
73
199
230
514
504
1010
583
927
200
432
680
761
152
86
323
273
696
645
733
76
472
43
518
27
635
264
941
600
566
29
510
928
632
520
813
327
511
940
678
729
568
313
455
359
819
1007
148
570
439
44
710
440
657
212
586
975
110
281
52
971
551
684
4
488
818
345
424
585
617
618
782
303
743
797
784
344
179
711
109
815
786
47
456
465
506
207
756
616
648
487
83
376
438
630
687
238
77
538
599
631
82
785
787
522
788
724
816
240
489
560
470
753
473
817
239
305
398
271
272
304
537
367
505
569
457
658
369
755
622
458
690
399
754
371
591
619
400
598
692
366
722
621
493
523
524
490
370
433
468
620
466
401
459
469
467
404
723
437
460
660
656
652
685
592
686
691
403
402
659
491
434
436
623
624
492
654
653
655
435
