465
464
685
687
686
433
497
654
463
718
432
653
466
622
720
684
719
401
688
467
657
717
402
468
689
652
430
431
498
434
623
590
369
655
651
469
436
690
658
499
683
659
371
656
435
370
403
591
470
400
471
621
899
368
619
404
660
721
437
339
496
972
620
885
383
372
722
933
462
624
932
982
438
716
503
940
173
650
941
931
930
425
502
307
392
199
964
336
751
795
424
825
323
794
212
340
691
852
1016
335
723
334
886
293
172
908
378
983
515
219
831
192
726
900
111
256
294
1015
984
349
360
295
500
261
338
750
393
382
204
264
337
853
415
184
725
762
856
313
776
381
666
625
912
405
676
365
763
109
749
673
602
13
186
641
346
671
327
20
971
451
282
351
715
909
959
229
263
439
289
703
618
267
197
288
774
446
387
950
1008
511
1007
198
481
857
262
302
698
773
450
123
542
224
290
887
937
917
139
131
724
670
989
485
225
137
345
579
827
281
806
19
324
292
31
672
39
124
973
21
731
682
178
218
855
350
823
40
667
801
161
213
160
702
320
301
704
928
796
306
956
791
755
640
185
79
824
159
484
748
8
968
250
866
547
478
883
72
934
348
884
187
808
419
110
799
181
914
483
981
775
730
233
1013
969
833
418
991
63
643
14
516
84
7
965
251
904
926
230
479
544
988
366
291
101
128
226
927
163
126
76
838
71
952
541
6
756
865
456
269
252
154
1014
122
872
1017
167
832
223
864
510
445
859
543
545
1002
858
587
83
140
919
214
634
980
764
807
420
949
797
990
918
12
915
639
767
24
907
59
135
414
800
216
11
196
203
43
700
33
28
23
121
822
47
457
891
188
929
958
985
117
916
828
734
16
936
99
38
53
52
314
274
709
112
127
130
901
550
905
60
939
512
951
41
10
249
898
77
694
308
25
231
255
51
164
830
205
220
18
752
513
238
27
328
162
708
319
741
911
736
45
447
975
769
26
444
902
840
367
768
787
32
860
890
642
168
125
193
475
777
283
30
1021
158
873
413
182
732
509
326
190
699
169
935
583
155
391
580
826
517
896
668
501
133
1011
829
317
4
253
70
482
839
1004
452
305
421
638
236
9
942
924
995
228
217
611
166
948
46
472
782
102
922
232
1
129
803
957
37
257
1012
94
227
58
64
480
410
386
211
507
967
96
5
35
546
100
44
649
171
733
449
854
36
377
156
268
180
1001
165
888
194
870
62
67
34
947
606
871
61
380
108
254
22
42
222
970
153
576
477
710
142
195
69
440
805
607
91
148
151
863
645
757
514
138
115
570
742
635
2
85
897
1023
966
577
876
0
373
867
1005
548
637
834
923
539
954
152
835
355
921
549
1022
78
628
150
869
836
889
120
17
423
711
894
341
574
275
783
735
107
612
54
575
644
573
925
753
80
333
237
56
802
675
538
417
57
504
157
248
132
892
48
65
953
906
116
837
648
804
15
903
535
963
73
705
82
571
882
3
809
411
979
772
476
68
234
938
416
259
605
697
92
442
737
353
615
95
136
714
893
578
861
406
174
66
265
943
508
841
143
487
443
50
1003
189
955
361
629
88
260
636
770
55
244
287
754
895
669
103
747
506
243
765
49
75
987
986
647
961
601
359
141
868
191
379
874
170
920
89
90
149
297
385
388
1020
976
960
299
706
352
745
93
303
134
551
1018
609
354
626
280
113
729
707
104
325
175
771
98
97
286
412
296
454
862
743
519
206
242
1000
613
119
766
87
105
398
247
86
674
603
356
678
701
304
453
962
215
738
258
183
851
118
221
572
316
999
285
145
273
74
235
384
608
407
270
518
177
586
409
358
677
318
266
781
974
810
1010
426
793
276
944
665
581
780
202
315
600
201
474
946
760
399
298
785
245
681
798
778
790
312
106
271
114
582
792
680
540
978
786
505
176
945
779
397
604
1019
821
179
610
29
357
627
881
646
321
284
758
996
389
147
784
455
998
144
448
588
536
744
589
1009
913
820
875
679
739
850
390
241
632
300
992
993
246
81
761
200
633
239
977
740
692
408
1006
994
880
344
746
486
422
788
473
842
617
309
210
616
693
374
712
877
322
146
441
568
272
614
812
279
910
811
488
813
537
713
207
489
567
814
759
277
845
844
569
584
997
815
558
818
209
329
819
592
208
330
376
347
375
342
534
727
846
552
879
695
599
394
332
520
789
663
843
554
664
458
631
278
555
817
521
240
661
816
728
849
662
878
585
429
553
311
310
848
343
557
696
490
630
847
531
556
331
364
522
597
533
532
529
396
598
530
427
566
362
593
459
523
565
495
596
564
395
524
428
363
491
525
461
559
561
594
560
528
595
563
460
494
562
492
526
493
527
