310
396
470
176
393
270
230
424
778
415
344
184
608
440
605
399
461
441
496
76
634
469
345
410
578
148
588
603
575
571
122
611
124
353
141
379
547
782
491
642
278
146
549
574
216
497
65
479
576
414
192
272
758
324
401
524
277
730
757
163
104
594
286
408
463
26
760
232
719
349
227
562
97
609
667
128
354
416
203
548
766
431
24
205
520
82
155
720
649
327
22
149
374
493
432
260
639
623
606
661
701
695
385
437
632
30
150
519
338
494
351
602
134
271
433
373
635
783
237
381
552
660
233
18
577
154
258
29
403
7
631
250
737
273
331
158
343
468
409
402
136
731
687
595
52
412
573
182
476
15
220
17
206
664
600
337
347
384
382
781
280
633
71
438
153
190
348
213
761
735
539
189
159
207
356
645
140
462
581
426
596
20
57
11
320
560
0
759
375
541
6
225
429
407
771
5
582
624
540
523
318
180
352
530
175
405
579
266
253
492
626
458
411
729
641
23
73
553
53
32
10
70
601
656
28
545
132
620
464
637
561
112
599
8
629
168
319
616
636
164
179
772
604
628
9
275
294
434
314
466
19
380
465
129
770
300
42
457
204
83
625
663
152
521
765
467
218
355
525
325
2
644
156
739
372
21
33
768
195
607
430
597
27
775
598
326
404
177
111
638
495
75
740
3
622
727
621
217
185
532
435
489
191
551
428
298
248
219
157
378
376
580
630
262
734
398
187
692
543
615
366
780
245
61
397
215
214
482
264
370
453
116
586
423
584
776
231
125
383
662
422
699
196
572
511
500
542
64
736
126
755
756
358
694
346
252
178
364
151
481
454
285
79
58
459
259
67
369
377
445
387
69
224
293
127
406
360
534
665
769
265
643
504
51
371
12
161
691
613
37
517
332
247
488
483
723
395
533
263
690
368
45
299
133
427
640
612
593
365
357
60
59
666
292
290
308
304
341
721
585
386
68
336
587
309
764
732
773
342
87
722
544
455
13
512
103
456
750
291
105
36
106
289
281
49
751
110
39
139
77
313
359
484
40
392
487
88
34
763
166
762
774
276
50
78
725
38
66
485
167
420
41
394
62
35
47
516
514
48
486
513
63
46
515
107
135
703
