492
435
624
655
436
491
623
403
402
434
654
592
467
653
460
656
404
723
401
437
459
370
468
466
469
433
686
754
304
691
493
755
371
524
652
400
490
685
305
366
659
399
272
620
523
369
457
271
621
619
722
591
598
367
753
303
660
489
458
692
785
784
724
456
786
787
505
599
756
622
398
631
4
569
711
240
797
616
743
488
648
179
690
537
438
473
345
487
687
816
239
518
323
551
971
782
630
273
522
368
207
212
238
657
432
817
788
710
424
585
511
658
538
940
439
470
941
200
29
678
560
617
510
264
645
344
376
77
586
359
199
201
733
327
338
281
313
635
465
975
372
506
514
552
27
729
520
825
826
928
618
761
148
1007
813
815
181
82
322
167
455
358
927
783
550
109
180
1002
348
335
47
765
918
471
886
818
440
677
225
326
885
152
972
269
946
480
770
291
637
154
265
698
669
83
1010
336
872
100
521
481
28
680
583
233
365
52
171
646
766
381
3
740
570
485
684
742
976
86
235
1018
230
61
312
1006
822
169
131
803
73
254
43
0
951
809
696
128
384
110
950
391
121
234
917
986
856
215
632
642
513
252
840
960
568
44
977
407
921
675
961
644
244
337
699
166
838
59
843
153
830
939
992
546
479
224
932
414
908
186
896
904
907
355
933
899
226
2
985
92
962
667
774
839
10
732
697
382
834
146
76
196
819
317
842
149
873
835
901
19
482
36
91
255
852
472
93
143
983
584
781
611
949
142
519
870
349
674
206
449
213
772
600
194
175
202
192
214
702
536
334
845
486
60
958
891
423
701
798
208
900
978
780
11
256
183
54
130
957
390
124
855
210
35
981
354
893
5
877
204
182
104
451
168
987
841
188
1009
99
831
285
801
991
663
959
294
117
132
829
881
136
318
151
392
871
606
133
707
676
290
651
218
101
163
1019
916
793
97
771
232
925
155
926
1003
802
87
670
263
360
379
887
415
108
116
994
609
223
328
895
30
284
794
737
412
270
198
164
111
982
288
638
763
386
812
408
72
26
245
301
51
844
903
810
122
876
902
21
739
41
113
350
339
639
915
375
601
647
416
789
922
909
450
85
287
114
25
869
222
790
672
875
421
249
478
211
541
666
1
673
410
963
823
78
159
253
1023
906
20
571
50
668
15
804
504
664
773
988
197
508
8
854
984
45
257
641
930
931
185
106
862
49
227
935
728
858
94
970
162
752
919
604
297
325
447
1017
610
55
259
898
387
127
1008
302
679
383
636
174
948
700
53
484
990
7
920
806
90
649
316
938
578
353
757
864
828
547
544
515
413
74
553
736
452
14
454
147
704
853
75
954
955
419
964
577
79
158
712
352
567
661
882
512
966
306
945
320
894
566
170
1016
286
446
995
545
731
378
105
141
150
115
888
296
859
760
969
542
947
103
738
42
857
769
923
665
266
929
706
914
861
443
708
968
138
156
837
118
762
193
125
792
205
965
137
799
1011
96
95
40
268
884
924
187
62
878
292
943
389
643
867
980
795
380
89
953
543
820
796
300
934
68
88
46
517
258
9
126
417
973
483
64
69
730
718
824
165
735
613
261
203
539
936
81
48
874
119
442
615
811
744
418
32
937
474
324
12
70
805
814
587
262
989
768
123
176
184
892
705
293
833
139
347
1001
311
33
6
582
634
71
411
767
120
614
777
640
453
231
579
890
190
849
237
173
910
221
276
764
356
277
65
333
979
56
993
195
997
967
572
605
135
66
385
974
703
189
397
246
425
999
734
84
217
178
209
1020
220
321
866
821
102
22
576
134
388
67
868
832
140
357
709
942
476
229
319
588
63
18
343
251
671
274
607
836
23
1022
219
157
80
38
39
573
34
808
444
98
851
827
243
346
37
629
248
791
315
775
24
289
191
236
172
228
241
741
897
863
31
129
555
1021
540
57
603
749
377
581
996
1015
750
422
16
314
145
1012
554
693
502
509
17
633
905
998
865
160
713
688
721
807
944
1000
216
574
602
575
107
441
681
800
351
161
850
751
58
280
889
420
548
860
776
848
283
549
250
112
883
507
956
717
282
260
913
448
779
715
295
725
278
1014
745
267
952
846
1013
475
516
650
477
1004
406
13
247
612
428
426
695
758
445
625
177
501
912
580
144
608
778
1005
662
682
409
716
880
405
627
525
279
748
461
242
683
911
299
879
427
747
393
535
719
340
565
714
727
759
689
431
275
847
503
726
361
332
310
597
309
329
746
694
534
626
307
331
533
556
559
498
628
298
429
720
308
374
373
499
362
363
364
396
589
394
330
342
341
464
500
528
590
497
395
527
593
430
526
596
557
564
595
496
529
494
561
530
558
532
531
594
563
495
463
562
462
