396
397
135
423
732
422
172
703
774
370
506
478
677
562
734
164
116
173
424
338
194
704
220
368
163
491
455
443
725
534
399
369
535
336
310
463
416
375
398
393
705
191
249
427
442
136
470
103
414
561
643
376
305
425
347
420
662
132
469
395
403
615
133
371
468
366
637
454
496
192
772
404
222
483
412
106
348
731
518
320
107
417
365
308
435
464
426
234
343
514
385
386
541
431
721
490
342
665
134
219
430
42
520
733
546
415
513
337
402
292
497
440
519
175
245
776
492
542
433
22
383
394
408
756
740
482
279
553
263
291
678
298
392
565
83
679
411
9
436
406
781
718
276
439
248
24
722
287
15
221
349
387
358
384
196
647
167
467
549
511
59
729
459
434
110
11
111
711
593
254
634
441
681
606
773
61
177
112
488
537
462
29
476
19
563
242
445
778
247
214
355
18
578
265
536
461
102
458
676
723
218
55
699
190
105
444
510
504
288
757
140
432
673
750
264
215
576
500
226
524
269
779
62
515
564
285
131
241
609
525
273
768
694
489
84
680
23
314
201
28
638
148
509
759
460
290
235
316
0
533
486
663
262
755
783
648
187
261
327
52
185
206
32
144
357
538
547
202
644
7
162
213
512
26
165
691
323
272
57
351
499
380
548
754
17
550
682
471
579
159
313
189
448
777
690
517
53
203
207
495
605
157
635
692
20
1
516
453
345
297
728
31
14
560
299
160
780
675
596
751
161
319
522
204
282
271
481
326
149
487
523
372
599
227
382
344
636
233
21
651
295
628
672
270
176
720
706
315
697
577
612
645
56
141
381
129
341
82
600
16
661
407
400
410
457
232
632
205
4
258
329
782
2
730
54
188
552
543
575
101
330
33
6
5
727
283
27
378
325
574
3
260
617
589
689
25
413
46
158
603
150
620
274
498
302
174
674
629
200
592
193
119
13
758
571
598
304
34
604
508
377
300
231
154
60
388
130
289
58
364
224
155
601
73
309
137
230
539
113
311
301
12
38
35
63
147
88
108
527
156
223
572
761
229
41
545
507
631
421
570
642
284
166
569
87
753
726
602
51
698
75
760
45
104
472
128
98
333
47
36
610
100
450
49
48
473
99
118
195
117
614
70
77
449
505
169
50
228
670
591
78
37
477
76
646
306
531
