401
369
402
433
465
685
687
432
622
652
653
654
686
400
370
718
619
368
464
403
651
684
719
623
688
720
717
371
471
497
431
470
503
620
466
336
621
655
590
334
404
689
467
436
502
335
657
683
499
587
899
498
751
20
750
366
212
434
469
656
457
468
268
435
339
338
367
269
438
424
931
930
690
721
392
8
337
302
463
535
267
716
932
186
437
752
425
933
123
40
301
618
219
21
439
722
372
430
755
650
307
340
378
928
583
349
393
184
658
172
19
365
972
405
213
756
852
602
24
749
600
659
472
313
10
964
124
456
381
204
937
360
415
864
833
282
11
305
43
218
648
383
900
185
274
399
691
300
345
753
550
333
787
306
726
723
178
971
303
776
440
748
238
270
715
586
832
601
704
782
59
940
795
256
237
666
192
754
632
39
747
211
7
673
281
137
757
504
968
591
187
676
783
126
53
570
865
941
28
866
23
387
641
649
377
838
205
173
853
308
41
275
682
203
801
27
481
672
72
725
515
929
599
519
831
660
694
121
131
714
160
60
579
822
382
551
791
982
346
774
536
773
663
885
736
407
904
567
794
983
984
327
250
485
1002
825
122
934
264
128
271
806
161
243
323
634
52
784
777
511
883
538
63
289
304
827
159
500
216
647
1016
908
762
154
451
299
6
84
969
25
790
31
775
223
33
410
111
989
820
26
76
206
188
821
450
823
341
109
295
542
487
251
117
51
631
800
513
698
786
127
909
1008
418
233
361
1015
226
886
851
703
615
905
697
351
163
242
199
483
224
488
506
236
797
724
517
959
294
171
758
856
13
484
391
348
420
164
516
702
293
769
373
547
249
225
898
912
799
763
857
99
320
288
101
973
950
229
139
83
640
544
446
423
808
730
263
261
616
290
643
828
512
252
328
936
642
670
94
788
671
71
496
444
695
4
181
197
824
667
272
1007
262
140
324
196
174
406
419
882
314
61
681
884
12
155
917
956
38
665
855
167
110
896
887
125
991
244
785
829
100
449
326
195
860
624
859
482
588
796
781
130
135
9
926
198
79
276
129
768
919
442
780
150
317
891
918
32
988
14
480
778
576
939
981
858
505
292
255
710
731
949
193
478
386
241
112
454
45
952
546
760
985
18
549
133
30
153
980
452
589
1
232
872
64
273
220
975
16
711
545
1013
927
77
227
489
70
350
253
291
541
639
995
257
359
47
764
876
5
142
580
175
102
951
162
1014
664
37
1017
826
734
514
169
990
741
421
942
548
854
901
830
245
22
727
645
759
543
254
911
166
168
699
69
0
413
445
633
231
417
1011
1012
1004
143
807
700
584
414
729
924
156
151
745
230
733
298
680
803
915
207
921
265
296
158
165
897
222
409
709
767
1005
44
743
958
96
922
152
190
214
935
177
62
239
810
180
141
297
635
611
840
426
475
970
789
479
948
416
58
916
46
228
890
907
447
954
607
509
965
36
42
809
353
194
108
612
80
902
779
78
943
388
617
145
957
577
17
510
325
920
358
552
35
678
976
344
91
398
507
319
518
82
182
889
923
735
638
888
539
355
708
148
966
132
742
892
48
144
2
210
606
625
408
568
534
914
176
873
134
947
138
792
613
669
805
259
157
235
987
15
953
209
894
732
839
520
34
217
1021
871
944
286
68
453
85
955
49
50
692
215
260
54
92
170
120
877
746
770
287
380
113
793
67
925
455
811
234
332
283
870
761
115
644
330
571
1023
1003
1018
986
352
835
1022
258
701
967
668
637
103
910
136
501
354
867
863
65
974
938
675
582
285
772
107
677
385
462
869
605
248
771
581
266
183
357
705
646
66
1006
979
179
411
696
737
81
1001
477
679
963
356
765
744
93
321
609
322
1020
603
913
575
738
246
868
880
802
200
812
208
202
1010
895
486
712
389
893
3
766
240
906
312
841
476
578
585
862
95
713
280
376
443
1019
834
693
627
836
626
422
116
309
861
114
390
149
614
448
903
574
636
247
554
706
73
875
881
508
728
1009
318
384
119
75
961
819
56
874
662
201
707
379
628
329
844
277
146
804
221
97
962
850
798
815
473
412
608
537
279
813
57
86
521
978
474
845
374
88
29
837
629
87
604
674
553
739
843
573
569
89
90
740
55
610
842
189
147
572
118
104
977
441
316
945
98
814
191
278
566
