735
737
504
742
338
679
743
676
748
775
612
774
734
368
695
768
744
750
773
770
749
705
533
733
777
704
584
650
279
452
767
736
305
668
134
769
253
561
678
669
310
641
226
732
772
248
667
598
766
423
101
721
599
640
778
249
424
468
751
270
170
133
694
198
453
674
771
571
731
752
104
340
307
534
396
740
294
530
714
763
626
341
585
765
393
747
366
109
776
502
651
764
351
367
281
110
653
654
762
446
252
199
487
220
745
191
145
639
685
627
137
681
746
440
219
741
708
208
693
86
290
280
365
271
394
276
105
237
500
210
783
384
570
308
720
369
488
374
264
682
8
449
577
448
132
593
190
644
753
543
722
395
335
643
327
587
516
343
514
299
274
352
442
421
692
544
53
431
481
325
29
344
551
379
536
707
265
15
354
114
511
130
363
756
480
31
136
560
168
232
19
467
441
324
779
25
111
11
18
675
703
677
696
402
26
727
82
699
266
236
158
780
55
433
22
656
432
6
30
672
115
425
701
10
141
42
337
83
24
702
347
461
291
758
282
315
638
269
263
302
738
630
211
171
739
225
521
671
81
629
317
398
21
548
713
532
755
329
508
588
206
180
246
293
0
380
512
719
328
462
128
728
84
192
477
272
7
652
135
729
157
545
17
413
356
759
268
718
247
181
235
625
261
127
330
103
604
209
600
513
336
658
27
57
260
28
149
526
106
657
262
383
586
375
289
673
129
277
616
482
207
781
495
408
244
782
601
142
162
39
578
3
16
238
32
628
709
234
9
108
420
233
381
52
316
589
730
457
164
506
493
655
725
515
554
20
724
296
434
58
23
245
301
113
613
460
102
345
313
436
494
620
298
459
195
112
407
314
33
691
665
519
406
295
382
392
183
712
182
5
140
397
602
680
131
522
710
524
622
205
550
505
547
476
572
63
212
292
617
4
553
624
716
463
579
370
455
683
576
2
520
320
686
326
364
631
85
125
700
196
754
454
163
36
346
378
184
582
321
221
339
300
258
757
404
525
1
14
146
143
353
573
549
542
304
318
359
167
615
575
684
241
458
323
12
632
664
172
151
165
319
173
717
666
464
496
348
155
358
56
645
501
596
489
583
723
447
355
483
153
484
194
485
439
285
507
273
76
312
605
385
227
475
240
687
479
490
562
697
405
177
574
591
373
54
509
217
523
698
546
649
13
297
342
538
75
557
451
621
726
371
61
386
419
38
275
148
288
466
429
618
518
200
259
