332
513
40
514
359
666
303
37
47
515
48
331
39
667
64
78
640
516
63
304
77
35
36
276
41
360
66
278
639
50
248
484
69
664
166
313
38
485
341
544
357
247
751
665
79
481
68
13
512
691
139
695
668
275
692
694
252
62
517
684
479
641
51
622
608
34
340
663
612
763
90
480
611
540
488
49
685
138
386
251
657
656
465
387
486
503
105
250
541
87
88
638
595
195
277
315
339
542
510
482
583
367
533
161
46
224
126
93
60
584
301
483
594
91
300
623
358
455
106
587
409
374
511
122
683
286
104
555
491
435
74
12
613
302
157
556
312
487
539
545
321
356
521
354
45
167
136
314
219
459
218
381
151
127
764
368
185
401
567
128
124
346
723
538
76
191
610
774
543
249
437
322
582
187
153
135
621
188
258
294
436
636
431
155
274
652
121
585
220
522
462
719
609
739
364
123
273
532
309
452
637
404
508
154
669
352
760
129
493
284
285
110
70
520
329
607
653
21
509
245
160
581
23
10
229
696
280
58
365
204
380
727
324
230
463
223
334
752
464
454
750
159
629
210
724
762
528
2
382
456
722
342
527
217
407
8
713
75
244
775
432
189
287
453
573
184
71
408
770
460
780
246
232
349
720
626
27
537
281
152
158
554
392
344
272
686
721
260
492
100
238
54
214
568
178
3
703
57
699
580
243
112
500
551
328
519
205
44
672
168
714
550
395
156
547
5
372
235
384
616
577
755
239
548
179
445
601
748
253
33
120
53
61
635
92
94
102
267
566
292
489
710
101
330
225
265
85
655
99
628
109
186
379
264
451
700
761
461
373
333
203
308
428
30
534
680
196
59
83
147
353
644
429
65
111
73
570
627
576
231
17
420
406
402
18
410
108
141
32
588
753
6
193
689
642
25
137
375
103
597
476
165
72
133
427
572
215
233
620
569
654
19
113
758
150
413
97
783
95
614
259
593
125
82
261
52
162
190
645
701
140
671
591
449
757
426
596
599
98
625
579
201
598
681
728
600
552
592
119
617
526
192
565
348
571
619
650
142
