557
621
335
657
714
716
746
718
210
683
367
307
535
462
747
726
715
749
689
717
496
748
500
242
750
334
534
561
745
339
503
361
758
399
401
340
658
337
392
466
759
588
682
360
594
751
777
779
275
177
781
778
851
727
178
690
521
267
341
209
626
596
472
713
204
595
687
308
989
393
502
268
684
780
1000
408
625
565
633
553
274
420
832
808
516
424
276
1021
795
338
602
1011
864
228
883
999
216
882
911
298
236
211
23
504
721
329
852
243
782
507
801
440
145
935
880
501
620
22
665
330
205
197
988
18
812
425
833
583
1012
615
299
763
1013
301
881
776
865
741
71
1016
694
554
879
703
912
415
1004
366
445
345
87
966
1020
269
952
681
827
601
914
81
1008
119
407
567
230
969
419
547
640
102
548
508
172
1001
947
884
171
984
70
31
144
333
218
807
933
671
931
96
897
828
10
1014
80
39
791
99
260
943
964
942
409
289
98
762
1010
124
50
983
56
262
295
475
995
934
101
944
641
856
24
8
64
542
223
314
996
511
888
901
773
1017
824
764
899
114
377
113
666
241
850
1015
184
112
1002
250
860
129
376
38
388
123
441
446
63
915
151
541
566
819
128
203
612
418
186
198
293
42
485
257
1
107
774
164
517
146
430
540
968
263
903
768
176
21
580
980
552
902
383
309
752
1023
783
571
582
892
237
152
593
355
249
229
385
34
32
929
820
963
120
866
509
956
373
410
346
520
699
219
467
800
33
954
536
614
545
292
480
439
476
261
20
53
161
183
382
923
831
802
150
628
165
572
965
76
484
40
190
217
100
41
386
328
607
417
290
294
69
444
921
9
187
769
72
49
66
174
155
853
92
412
477
356
17
930
698
156
351
803
82
581
896
736
642
158
127
609
898
111
251
674
708
362
319
539
834
584
556
282
54
976
19
887
378
451
951
325
259
997
78
634
775
676
231
873
315
890
139
1003
277
1022
893
454
706
130
108
37
313
473
391
235
421
175
193
125
67
731
306
110
280
131
188
206
442
796
673
913
936
639
160
550
515
608
918
2
109
287
732
587
302
447
859
909
941
889
189
248
191
945
452
55
522
735
940
576
836
546
709
387
835
613
16
238
212
220
734
895
575
349
140
443
967
1005
95
813
48
770
891
116
1007
115
767
185
738
811
948
196
375
900
977
700
636
904
288
254
83
810
324
570
36
744
920
972
35
579
730
7
104
928
122
143
610
347
549
806
258
1009
255
537
173
757
68
863
93
118
126
28
823
222
551
985
264
962
799
862
389
88
979
65
352
14
51
953
885
194
937
79
244
606
805
916
137
97
946
413
252
86
894
479
632
73
650
932
11
512
159
332
323
342
74
448
474
544
573
794
478
978
702
394
510
350
103
305
772
62
917
134
986
543
354
868
281
638
225
627
905
659
861
670
577
906
154
94
182
304
568
456
651
43
733
855
321
320
30
6
605
603
121
919
809
742
987
858
13
357
157
637
106
646
854
1019
317
153
5
47
652
867
878
27
291
138
358
326
457
737
482
117
925
672
411
77
450
344
449
283
616
423
669
380
253
818
327
90
224
982
569
693
643
300
381
414
247
135
374
797
600
667
790
285
232
25
604
166
574
132
647
695
857
416
514
105
195
838
578
379
353
886
739
58
990
668
141
841
46
789
822
740
91
233
957
44
958
505
998
622
75
644
170
470
453
384
981
705
973
955
845
961
488
907
926
200
199
804
538
221
163
677
273
710
645
849
162
704
12
839
506
950
871
318
970
922
279
924
142
975
422
648
495
519
136
316
483
0
788
226
52
814
322
208
678
910
846
256
481
927
844
60
310
712
635
15
821
59
133
938
555
701
649
297
707
370
312
169
874
147
675
215
296
390
26
45
629
192
372
359
829
513
85
826
697
455
89
869
348
949
167
303
61
148
29
971
875
840
685
661
991
3
227
994
179
771
611
765
270
798
266
870
284
426
1018
792
908
872
784
825
149
245
830
660
278
847
286
434
234
766
213
214
518
664
960
848
787
686
877
207
725
486
729
406
168
760
57
876
993
487
939
680
343
1006
468
265
597
331
489
619
743
586
974
4
585
246
837
202
438
696
469
201
679
842
753
992
959
311
817
843
711
239
815
398
181
365
402
272
761
786
271
656
364
793
618
816
653
617
405
371
180
785
240
691
728
528
722
435
756
599
692
663
662
458
755
436
437
363
631
724
754
490
427
630
404
598
395
403
723
654
494
526
396
397
429
527
591
523
560
624
559
461
428
459
655
592
525
623
524
491
460
493
492
