474
388
360
446
610
473
618
619
611
638
396
563
359
591
694
692
387
201
190
386
690
358
693
397
200
620
652
564
486
665
395
612
590
501
447
565
688
617
762
398
592
637
689
202
666
691
445
369
562
502
662
341
399
475
138
158
732
529
20
589
488
162
418
696
593
52
376
18
661
314
582
523
330
219
189
664
724
332
561
342
50
621
416
730
458
734
423
35
522
725
731
685
733
293
161
16
48
315
58
228
54
527
697
159
541
660
680
653
546
218
425
187
622
646
157
528
186
634
514
426
22
30
647
639
160
419
698
684
266
686
320
651
70
368
343
153
559
326
185
215
38
390
32
37
267
487
42
33
752
761
444
86
687
404
367
729
759
208
403
229
410
491
39
139
760
169
263
19
6
587
210
34
126
758
623
36
137
768
580
439
301
483
313
503
166
382
420
650
663
51
530
640
421
244
494
272
624
645
150
466
15
47
654
409
235
98
682
766
391
97
17
149
204
82
59
540
291
176
290
114
531
142
726
4
424
245
524
521
757
613
753
520
440
364
21
130
658
53
566
111
148
122
375
31
214
14
46
289
183
227
5
11
596
633
168
12
294
683
24
476
252
113
29
551
515
728
255
165
127
537
607
8
217
292
175
285
28
668
763
243
781
695
203
552
430
129
66
467
268
535
196
329
7
170
754
121
606
560
615
87
495
321
88
519
26
283
57
699
125
782
371
128
372
273
325
163
264
464
547
333
236
516
213
317
347
670
49
3
110
319
287
554
392
553
182
188
224
512
23
40
156
206
302
280
550
207
643
311
632
441
756
567
211
673
2
586
238
112
449
402
331
764
155
422
9
783
679
361
588
300
233
511
755
431
197
659
614
60
496
769
123
370
184
465
389
543
230
10
414
702
297
671
578
454
453
151
448
471
27
0
469
65
417
167
257
180
470
141
25
308
492
780
55
120
136
642
354
336
83
472
727
459
373
681
154
135
568
288
296
438
497
212
625
284
499
223
548
767
579
574
365
299
585
100
309
327
377
616
477
191
542
649
13
269
545
178
152
374
411
95
581
1
140
450
493
261
427
394
209
393
484
655
56
85
177
601
179
174
348
286
602
635
81
303
490
498
251
627
253
631
672
363
644
260
381
247
674
605
468
539
594
480
84
318
281
412
538
641
249
648
536
583
232
147
700
256
460
429
205
250
722
669
608
258
339
94
307
716
340
93
667
274
221
706
718
279
312
275
304
349
717
305
248
353
334
405
584
277
557
720
362
323
278
428
276
719
713
306
351
378
714
556
711
350
710
740
