368
734
338
733
742
751
705
774
366
308
771
336
731
534
396
770
737
504
135
358
738
533
310
116
397
248
740
721
369
318
677
446
776
732
602
359
561
249
736
562
778
418
750
752
330
530
725
694
743
631
320
424
341
220
148
735
643
703
395
282
640
324
548
772
745
612
339
351
419
502
461
720
768
603
695
448
506
132
575
500
347
417
292
615
279
325
386
423
189
718
746
394
374
549
412
326
434
345
319
281
680
353
744
196
221
172
711
665
321
253
766
164
741
604
749
285
134
686
433
276
385
692
462
773
83
241
15
24
136
323
257
291
346
440
187
756
777
252
111
375
243
704
748
219
340
245
697
258
457
175
307
402
487
763
661
460
574
198
202
708
657
112
706
360
151
425
442
146
265
488
354
547
739
254
185
709
577
379
401
173
133
682
344
659
430
280
520
384
234
690
459
767
576
226
490
367
163
31
630
9
313
237
26
247
255
295
22
587
332
4
7
107
687
403
186
679
672
55
489
436
667
501
691
609
0
352
707
317
710
415
59
432
84
496
700
331
699
227
199
535
781
584
21
53
27
194
57
372
23
729
754
716
673
666
144
260
188
458
668
81
357
348
521
304
20
414
762
629
302
217
373
11
503
210
494
755
727
644
14
684
759
322
296
205
29
780
382
179
516
483
184
165
452
518
593
180
216
28
492
140
152
106
261
454
431
181
632
191
664
18
301
297
174
264
329
32
168
215
239
717
387
560
715
398
565
2
380
426
513
314
443
685
290
511
517
183
400
439
206
286
54
19
476
236
638
272
586
141
551
349
639
268
468
218
676
149
438
512
6
230
214
519
429
85
486
626
16
355
411
177
1
238
10
303
693
478
522
405
232
363
652
624
56
17
235
658
145
480
651
378
407
525
730
269
342
176
683
688
510
283
208
628
484
309
383
137
129
453
481
406
713
298
231
288
294
470
222
757
200
681
167
463
782
275
485
263
475
712
207
393
327
82
150
273
514
244
293
233
660
300
376
428
8
266
287
267
259
491
524
42
482
153
413
337
654
515
645
242
471
467
747
52
634
769
271
469
5
154
274
305
636
30
532
765
627
783
381
204
579
270
388
553
365
656
240
722
157
246
190
203
427
182
39
719
689
701
33
622
655
728
178
147
678
623
160
212
625
546
404
608
497
542
213
25
764
110
597
131
441
435
3
356
493
663
616
289
262
635
596
671
464
499
758
229
779
377
637
410
564
316
544
466
723
162
155
408
80
139
620
633
601
554
538
62
537
390
617
558
389
315
171
447
563
559
170
391
474
