46
546
118
107
156
581
269
155
689
421
508
519
258
713
168
638
649
246
243
62
108
543
296
688
654
723
10
274
670
354
230
58
743
181
674
777
492
778
302
475
248
371
236
721
290
652
373
364
229
539
605
380
569
683
224
607
580
691
344
588
238
402
517
504
70
570
228
662
695
718
343
715
212
437
241
709
663
614
285
75
381
765
692
185
34
685
137
237
566
280
690
214
195
694
532
572
611
239
301
664
481
184
333
403
488
211
120
13
608
529
408
98
542
528
100
452
128
390
749
650
105
505
182
742
51
169
753
12
180
436
745
208
268
372
87
653
379
451
746
183
38
502
72
751
275
545
610
81
555
655
586
124
43
80
121
339
139
516
321
612
530
512
464
762
341
623
86
153
582
114
99
109
322
247
587
558
375
449
76
712
89
143
722
389
584
744
313
642
35
266
127
748
267
359
477
142
256
166
766
409
540
761
276
293
639
716
775
360
568
760
277
541
480
122
71
197
240
567
309
284
656
95
376
717
763
45
684
374
556
88
595
739
126
594
225
97
123
750
667
115
104
557
48
49
335
63
367
583
491
747
47
669
304
252
96
36
622
253
533
281
361
621
515
340
312
613
65
544
307
50
770
94
250
585
77
752
44
90
74
91
513
68
719
41
294
251
514
362
92
769
640
479
764
37
668
666
303
69
331
306
78
39
66
138
64
641
93
332
79
67
278
696
503
40
334
724
