559
142
531
114
558
71
621
586
145
557
477
228
143
117
588
505
670
96
278
225
450
197
144
70
69
256
335
122
118
97
250
698
72
616
590
364
529
613
277
422
646
361
93
94
138
362
98
617
86
618
421
649
120
200
724
95
363
75
76
199
115
100
507
761
169
333
607
449
620
578
532
306
12
99
760
251
568
255
229
74
570
146
628
171
541
65
68
569
227
580
305
635
170
648
43
530
92
591
608
78
631
222
389
211
753
128
636
726
334
775
125
161
36
13
162
147
479
113
49
702
253
34
603
594
633
605
73
240
50
678
663
567
610
696
119
392
213
585
126
155
606
185
259
577
254
542
595
634
166
609
642
77
556
582
246
619
157
622
124
64
89
598
212
637
281
35
579
139
431
194
662
87
108
167
765
104
408
576
547
769
436
184
127
758
51
767
195
587
685
60
201
52
238
563
575
472
260
629
757
90
79
131
42
701
707
592
3
451
82
548
223
239
674
589
141
183
88
121
747
581
447
645
723
611
549
583
566
123
38
381
539
627
708
653
625
660
513
58
37
332
62
550
671
61
555
783
650
226
154
766
63
28
216
33
675
623
2
779
30
641
730
739
782
110
231
684
67
525
156
321
29
101
352
159
728
393
474
476
459
273
91
372
596
764
186
8
380
45
604
203
17
540
755
597
109
21
632
349
5
16
20
458
693
193
624
435
331
681
25
19
66
10
762
712
498
552
230
26
523
404
48
192
163
676
172
495
373
27
178
215
234
190
390
488
524
508
673
420
536
657
651
243
519
772
241
560
4
691
348
655
320
683
491
376
351
379
546
599
407
296
574
571
543
602
413
293
237
57
279
24
593
777
174
384
460
55
478
80
781
654
158
709
626
53
687
324
700
659
152
630
526
280
729
32
535
391
164
244
644
664
506
463
554
56
522
499
46
102
210
584
217
467
661
84
457
656
311
133
665
0
749
274
497
475
426
722
7
269
527
266
214
516
312
54
268
669
47
153
736
745
283
719
706
1
743
160
81
337
235
173
639
85
261
149
553
179
515
754
365
744
600
695
768
638
297
759
112
727
252
83
487
31
325
442
672
689
284
103
679
686
307
313
780
573
405
188
309
176
486
130
111
175
236
746
735
520
198
304
308
464
219
23
469
204
22
177
187
377
181
140
336
480
771
699
770
725
202
182
511
514
242
518
388
319
206
360
432
468
132
218
18
265
763
294
6
690
551
107
667
180
512
129
441
502
245
411
382
756
11
748
640
224
9
343
327
295
301
205
528
652
448
275
14
409
290
403
496
692
116
385
453
470
168
326
601
264
191
208
658
489
196
741
773
354
286
737
345
233
538
302
544
682
189
353
366
207
440
410
437
258
310
263
262
517
412
288
287
714
340
438
738
504
677
717
680
291
711
367
710
315
134
718
394
713
341
716
209
285
752
316
572
778
318
705
751
742
750
534
776
338
137
