555
335
315
595
514
141
180
321
314
594
554
140
667
499
367
666
365
259
334
258
615
197
701
306
366
307
87
611
152
120
138
85
759
107
184
309
341
485
316
86
320
31
106
423
700
610
284
537
124
143
236
253
304
293
337
665
196
313
312
35
340
338
292
369
583
39
30
339
278
41
763
364
349
486
684
582
36
279
451
84
758
391
479
450
567
518
645
230
153
237
37
703
163
240
322
285
527
121
761
560
113
727
656
155
137
588
156
136
487
167
644
166
673
541
111
422
513
532
672
40
231
780
29
757
89
126
190
128
368
404
169
781
255
88
142
47
478
533
683
127
55
392
680
139
484
432
420
32
112
60
421
515
204
460
61
692
38
693
53
324
1
33
54
570
46
376
468
51
638
447
260
622
34
717
436
477
162
466
9
576
779
115
325
414
110
449
783
132
718
205
494
437
346
291
483
765
711
263
168
48
157
265
756
49
50
589
264
308
133
574
540
488
45
297
522
721
448
639
3
702
4
123
129
493
520
753
43
546
22
545
134
287
440
647
512
726
23
109
79
2
183
252
347
234
229
699
476
393
13
657
491
185
653
288
20
410
457
78
58
91
561
755
28
235
495
492
751
521
154
52
377
59
42
44
17
467
760
441
716
211
690
764
159
125
199
290
11
710
296
769
671
12
269
652
516
617
620
542
57
719
720
577
578
151
25
374
412
685
389
18
160
395
777
281
182
19
616
626
609
664
375
771
401
158
305
262
363
698
413
606
627
187
195
327
131
602
519
628
438
10
381
458
731
682
496
21
547
581
782
597
604
587
90
469
572
130
573
575
323
16
459
689
455
505
329
361
354
181
390
373
569
5
498
326
348
490
714
355
380
214
681
767
605
114
210
669
93
603
607
497
350
135
552
654
523
544
619
729
601
608
108
600
439
372
343
655
122
579
737
614
411
548
635
150
525
511
549
524
345
429
328
223
194
596
580
661
222
691
333
342
102
465
148
754
623
27
634
658
503
430
26
402
225
405
385
15
442
233
593
662
165
344
81
387
177
517
663
67
7
241
103
384
550
409
83
551
625
773
254
319
646
6
633
463
568
353
636
403
212
206
189
632
631
186
686
247
712
8
383
431
629
637
203
382
101
192
178
659
461
311
271
227
63
215
232
213
536
73
408
245
270
299
242
244
768
733
97
660
747
