45
761
165
220
420
565
585
73
713
284
40
592
769
44
94
437
173
310
74
138
97
538
39
105
741
646
703
75
346
392
591
38
641
98
396
590
223
678
717
668
279
750
190
649
582
707
721
765
690
113
470
561
348
661
415
747
380
636
712
71
399
78
753
773
37
679
633
635
379
441
619
162
613
634
351
110
158
12
606
337
632
371
130
347
631
323
102
618
90
322
95
779
533
716
133
109
563
611
708
564
534
376
567
274
79
397
429
595
425
160
609
580
374
47
744
363
409
578
243
402
720
352
163
34
414
768
91
381
63
49
666
637
469
398
777
295
749
244
660
740
307
194
696
222
215
410
135
692
427
767
605
186
593
663
432
426
608
581
217
428
36
436
468
440
583
344
766
159
214
207
1
76
82
87
218
667
607
701
187
780
216
209
294
213
288
764
729
465
103
56
272
782
364
99
691
62
168
246
662
211
9
241
732
266
645
278
748
30
378
188
61
33
11
541
671
240
783
185
116
342
781
656
693
594
683
3
161
57
13
85
629
604
435
587
58
630
100
267
522
16
291
50
664
617
760
131
189
51
125
52
35
545
153
739
345
84
620
314
577
373
476
746
124
466
55
453
673
6
238
128
626
166
350
508
263
54
265
758
236
406
579
473
60
206
101
320
519
377
2
143
687
482
208
738
625
532
179
324
550
624
27
28
183
757
256
245
20
268
309
239
129
19
141
242
180
338
576
445
496
48
730
181
86
264
260
178
122
126
492
115
640
121
549
543
439
612
562
230
271
18
523
155
438
5
290
205
560
250
212
8
53
29
756
412
285
544
231
464
233
117
154
727
4
118
24
726
700
292
524
300
759
354
281
665
628
261
21
481
10
557
280
234
59
167
157
702
262
755
145
623
597
430
546
286
7
512
521
657
459
93
698
227
349
17
458
520
77
383
772
366
353
127
83
762
321
460
507
26
461
504
232
282
539
493
575
622
451
733
763
301
182
174
431
491
326
14
269
525
603
202
196
602
627
259
495
463
588
293
742
368
195
600
384
695
252
571
573
467
551
64
147
454
15
616
725
542
70
500
156
462
479
599
480
528
506
325
433
405
745
568
297
229
494
132
139
210
255
327
298
511
434
596
487
474
175
120
340
774
332
313
486
81
529
572
518
411
296
80
341
752
527
387
555
737
734
336
114
355
513
490
502
621
146
225
771
770
484
299
253
448
331
69
569
308
257
735
488
388
357
584
489
775
171
514
390
329
170
199
515
254
67
736
144
751
517
142
501
391
328
503
417
559
446
531
228
330
447
200
516
65
359
697
68
530
361
358
226
419
198
475
66
389
586
558
360
418
