460
459
492
491
527
363
528
560
493
428
362
461
399
367
490
522
816
523
366
331
599
631
272
427
597
594
754
561
524
662
458
562
565
364
395
494
566
817
753
598
784
692
663
786
489
520
785
630
201
526
693
396
567
540
815
604
533
875
910
534
593
330
661
572
723
553
724
722
232
847
814
568
848
691
552
521
215
559
529
347
793
200
332
342
878
752
783
240
508
818
585
376
788
977
398
248
379
280
273
304
1009
357
660
271
202
394
388
246
992
874
329
170
945
584
81
842
536
326
448
343
106
488
913
849
742
263
1006
356
281
677
998
75
603
294
311
146
278
29
234
920
501
614
145
310
455
239
183
993
844
938
530
375
539
789
1019
944
834
389
999
74
315
282
429
408
384
798
610
208
105
835
876
476
997
961
416
612
787
737
837
318
525
93
377
802
412
819
98
266
960
97
1010
836
756
740
1000
573
804
571
978
738
771
258
249
134
766
765
644
843
49
1003
231
862
104
2
868
946
216
285
68
262
386
118
143
322
668
721
761
3
701
895
95
119
452
141
284
877
80
114
741
970
861
354
1018
152
953
86
61
974
474
893
385
136
674
57
600
1004
144
30
664
103
180
735
297
227
92
149
176
150
17
113
374
797
87
89
182
196
365
577
48
217
228
608
148
921
739
736
705
45
361
55
609
1005
582
88
4
695
417
259
316
286
706
66
987
147
903
811
195
321
942
611
90
939
100
509
62
772
247
65
646
669
5
955
325
181
894
50
191
27
312
221
37
133
42
994
925
1020
165
863
344
897
54
352
1
444
60
94
397
985
317
896
513
892
409
699
185
866
639
976
635
962
1022
919
420
153
73
353
169
616
189
922
46
78
56
132
578
870
0
986
632
803
830
733
575
283
35
31
151
1001
935
91
303
58
15
918
926
829
951
923
888
732
779
1023
157
917
411
477
949
860
799
1021
967
64
889
69
28
260
924
120
680
958
220
891
996
287
966
841
502
26
36
909
707
125
636
805
796
846
548
251
155
767
44
576
59
869
447
770
250
546
486
122
380
164
581
350
979
449
254
142
607
898
954
512
879
991
640
865
319
257
952
734
222
859
116
107
279
764
82
812
867
166
422
957
645
96
255
156
828
514
1002
124
154
638
296
6
253
188
187
115
32
190
126
127
927
298
441
934
194
218
800
355
929
121
265
1017
507
703
642
252
9
902
675
871
845
606
223
963
482
990
769
709
480
890
163
965
864
605
637
702
959
768
510
158
413
108
16
1011
755
995
574
973
320
479
947
99
85
348
613
671
112
840
757
289
901
291
975
537
76
34
264
110
38
226
351
197
140
225
483
827
832
905
123
102
70
381
906
580
948
414
700
481
314
511
908
518
53
704
544
450
79
855
33
696
907
219
418
988
167
445
14
67
129
442
569
904
831
22
128
543
858
186
928
168
117
950
969
233
193
270
25
138
478
47
1013
290
159
826
443
713
184
345
162
936
968
1012
101
956
881
83
541
629
672
349
10
475
77
728
63
670
989
171
854
658
887
673
659
387
708
18
933
288
23
643
199
382
346
135
1014
857
214
43
426
545
964
292
744
323
84
850
130
710
7
309
542
641
795
198
383
549
880
931
52
131
833
24
41
137
453
51
780
900
971
712
943
473
937
535
177
813
932
229
179
407
415
209
11
980
324
1016
446
839
358
984
941
899
519
359
538
930
224
230
679
235
390
328
872
873
810
256
981
440
111
916
421
71
579
504
139
781
299
730
570
391
667
160
940
19
8
300
109
763
261
327
245
192
516
400
72
678
241
12
807
419
295
1015
809
454
690
615
758
746
277
782
470
21
711
333
792
487
801
410
647
676
743
39
1008
1007
210
175
820
161
982
972
634
983
472
729
423
40
602
595
856
505
731
484
313
506
808
547
174
406
824
838
20
915
267
628
776
13
882
698
851
551
485
203
633
625
725
206
853
293
697
626
760
745
305
762
204
495
775
778
821
750
451
211
236
627
243
885
550
306
886
911
517
790
912
884
276
178
242
207
244
666
360
914
823
238
727
883
601
213
583
275
237
794
437
777
822
438
773
694
403
378
274
404
665
774
806
205
759
335
751
172
592
515
405
852
825
648
500
747
439
173
791
336
212
334
368
456
301
617
268
337
435
302
269
434
681
469
684
503
720
373
689
655
749
685
402
497
392
308
748
726
471
554
393
719
656
714
686
341
688
457
498
657
338
649
436
558
624
465
372
424
716
651
596
591
715
466
433
468
425
307
431
623
499
467
687
718
682
340
586
496
654
717
339
371
683
620
370
432
621
369
430
563
650
532
401
618
590
555
652
653
619
622
462
531
464
564
463
589
587
588
556
557
