590
474
670
446
362
618
171
96
477
515
676
473
449
696
114
505
311
418
306
115
143
472
531
169
589
557
450
89
563
44
708
648
516
334
447
221
305
421
335
529
591
92
535
706
95
678
702
363
726
118
170
391
144
566
707
564
80
471
289
91
43
544
222
130
81
109
165
282
507
487
451
556
251
388
74
444
333
712
94
710
744
506
361
779
698
177
193
315
475
693
614
724
138
558
651
668
583
145
443
199
669
425
709
123
249
704
559
525
528
228
279
90
619
174
745
317
256
125
610
254
741
98
119
569
470
113
127
502
713
86
255
478
156
97
316
99
201
124
488
567
679
697
142
682
288
568
108
172
389
100
748
194
650
176
747
393
655
441
290
653
424
592
181
565
743
467
611
223
439
543
76
307
733
93
151
126
178
536
173
681
202
343
396
753
499
711
767
241
746
346
120
677
469
371
642
717
654
728
448
259
348
192
274
344
509
497
186
718
452
685
128
549
104
372
263
198
498
553
179
56
537
442
122
749
440
14
354
714
674
617
71
16
415
520
416
719
581
673
267
268
554
204
649
634
147
310
538
262
200
652
73
683
42
226
671
300
230
551
604
414
464
376
158
150
636
1
438
572
231
131
161
299
410
403
25
582
639
501
766
152
661
680
782
302
163
742
187
239
218
758
689
217
503
479
730
526
684
510
349
245
757
22
102
716
153
594
162
65
121
577
212
596
663
257
149
459
189
82
595
379
463
351
715
627
588
783
55
765
211
701
246
468
777
148
327
700
466
31
570
141
203
284
373
527
430
754
295
84
155
30
508
271
667
380
381
4
720
550
573
26
322
629
687
735
521
382
301
326
250
409
768
266
548
399
628
580
555
660
225
458
624
324
426
208
134
375
623
436
659
238
407
15
413
159
213
367
562
429
606
207
29
524
601
75
260
576
182
597
242
374
18
760
646
633
645
233
24
625
419
272
328
412
457
519
7
759
258
229
672
491
560
385
739
737
17
8
539
480
70
384
195
146
626
616
695
10
411
408
286
330
772
584
132
752
83
338
355
417
432
541
175
621
622
734
329
771
775
770
67
340
736
454
253
511
490
530
518
331
586
69
68
358
72
751
