171
530
144
199
117
391
210
211
566
778
310
614
55
674
255
116
567
514
283
209
776
145
754
448
755
41
693
5
308
33
478
750
239
541
781
240
114
79
31
553
702
63
212
647
668
84
394
554
637
642
578
458
638
338
730
594
24
393
26
208
392
87
619
583
700
93
70
64
175
30
706
759
726
173
529
53
585
667
666
557
613
573
267
238
513
577
77
174
538
610
457
98
675
396
550
676
576
409
556
66
540
97
207
715
549
147
574
305
604
564
99
565
96
575
562
464
568
555
202
418
589
515
552
603
47
711
558
76
437
526
749
696
463
531
714
542
717
358
701
602
450
783
331
772
268
12
73
512
745
266
279
525
486
768
712
537
78
660
367
436
618
528
95
100
82
334
612
765
591
58
213
621
120
487
747
359
563
241
181
477
447
620
611
172
601
201
508
298
536
256
502
737
527
304
561
600
449
551
773
59
713
224
539
382
584
523
509
559
306
522
330
360
101
25
736
758
490
473
22
488
592
605
535
51
673
86
671
269
636
456
740
180
774
533
588
169
669
546
485
44
579
524
277
697
242
1
165
657
56
203
206
582
548
659
491
386
505
296
710
658
698
511
746
481
691
339
182
521
395
480
136
503
670
119
739
595
720
761
299
782
230
498
237
663
455
501
454
297
236
452
741
547
94
757
615
410
303
118
692
68
718
459
484
19
312
387
222
368
640
441
627
270
183
416
510
223
593
383
520
760
146
4
424
722
500
742
108
102
142
61
639
499
302
326
460
461
469
467
332
228
709
89
453
560
271
732
357
429
482
243
130
273
164
356
235
493
214
231
381
678
719
246
234
664
69
495
649
272
684
109
661
440
408
430
355
690
656
707
276
685
189
586
462
497
483
435
131
532
494
250
471
233
427
426
385
354
655
218
470
280
229
90
489
466
626
687
518
282
16
390
103
160
251
648
686
34
412
252
275
646
442
468
414
336
622
770
705
496
764
141
708
662
439
695
630
415
301
629
769
433
294
519
274
49
628
216
665
465
104
309
419
232
245
307
438
688
388
244
45
679
384
43
361
777
606
205
753
327
738
215
397
654
689
411
428
185
680
8
506
121
18
492
134
295
652
129
413
650
188
694
631
227
184
300
434
683
516
217
609
162
329
161
644
472
653
13
135
580
128
727
400
599
80
723
83
88
681
572
196
451
444
421
431
475
443
682
32
187
340
633
60
724
423
325
204
617
744
734
258
365
0
632
545
167
163
616
122
699
7
313
29
704
226
635
111
112
220
46
35
9
425
159
729
186
15
132
756
179
198
766
140
6
105
363
517
716
110
651
420
253
324
432
362
474
138
422
62
133
445
643
399
748
10
247
21
446
190
107
115
2
91
20
11
590
703
257
771
401
48
731
672
763
92
598
27
143
42
597
762
106
123
624
625
634
71
353
407
569
65
623
596
177
406
341
641
281
417
733
743
137
158
176
507
645
543
479
735
398
200
178
265
57
81
767
52
677
721
725
476
225
197
775
285
28
192
149
504
74
284
17
405
337
751
113
364
54
328
14
389
607
259
752
779
323
311
148
581
85
191
3
570
50
23
728
254
404
571
127
249
193
170
335
219
248
72
152
322
780
380
157
195
139
402
369
278
373
293
403
587
168
352
608
314
150
153
155
37
126
75
154
124
260
372
166
544
321
261
317
151
125
377
534
376
286
349
221
67
36
378
40
38
351
333
39
262
316
366
374
344
156
264
379
315
194
350
319
345
371
292
290
375
291
346
318
348
342
263
343
347
370
287
289
288
320
