368
472
536
469
499
80
335
347
531
847
16
716
31
501
299
1005
662
307
714
48
309
361
429
375
849
346
818
508
500
440
977
300
1006
308
684
879
1004
301
848
694
715
540
606
746
95
974
422
390
49
189
816
283
1009
298
749
17
882
781
122
426
473
533
846
306
581
759
814
81
945
703
407
735
58
639
614
476
63
845
438
343
913
748
878
232
809
401
302
310
389
881
865
573
808
1010
357
582
266
910
1001
713
613
810
113
813
190
236
304
646
379
267
259
248
709
455
880
942
844
682
563
796
92
252
776
124
726
782
737
441
464
235
27
768
841
274
112
98
311
678
706
90
47
527
744
807
269
321
421
242
777
385
914
817
745
1013
384
386
29
275
1003
1011
615
704
934
507
454
75
272
874
15
683
640
316
575
657
228
210
273
303
896
30
201
74
568
93
821
764
760
532
763
842
779
747
742
221
57
496
572
177
875
911
705
892
35
710
260
356
233
352
758
633
65
279
799
282
897
197
727
852
583
139
903
152
542
895
979
789
935
452
297
258
354
859
270
580
88
204
549
153
999
828
671
869
798
795
811
519
127
328
797
104
750
234
784
247
284
627
883
946
516
788
736
780
551
230
1015
253
978
973
902
1014
103
216
888
1012
647
2
209
486
868
778
217
922
183
237
73
717
205
215
891
823
448
938
475
276
157
926
18
171
866
520
899
840
358
1022
943
929
812
783
89
96
99
350
548
775
700
679
222
767
791
194
416
240
843
97
860
960
146
418
158
517
134
423
674
291
962
672
261
164
740
196
604
64
912
1023
141
699
125
100
920
511
227
271
641
877
976
66
314
393
698
200
37
741
870
251
610
864
731
420
388
612
322
969
106
28
206
518
644
445
505
889
355
391
853
444
919
59
792
408
1
290
268
119
832
677
834
645
38
907
353
898
1016
223
800
992
730
708
34
510
148
118
829
918
46
924
131
997
901
67
102
951
998
477
925
105
241
6
68
62
453
702
801
537
144
243
36
928
130
149
815
126
762
541
732
145
930
931
643
961
87
485
317
137
121
170
509
262
325
1021
280
970
191
292
56
1020
123
873
576
439
411
94
70
676
668
324
32
263
890
692
199
107
550
91
854
277
1000
947
921
202
608
287
129
69
980
44
790
539
26
339
185
894
607
318
944
479
975
915
182
991
419
569
229
908
79
55
933
294
738
827
264
751
893
159
544
208
5
673
804
858
116
184
336
965
734
578
447
143
952
728
76
958
446
484
712
132
150
642
278
203
140
707
824
296
836
250
953
265
765
101
417
71
128
198
3
115
941
487
571
984
839
147
176
867
165
752
772
136
42
695
319
84
831
766
994
861
138
822
320
793
923
412
133
1019
802
826
993
939
33
60
41
611
45
987
711
163
967
470
876
50
114
954
769
743
151
9
108
78
1002
950
761
39
207
900
981
450
254
1017
246
739
634
289
696
257
72
904
982
443
685
285
538
120
932
857
701
937
481
856
574
83
887
577
543
154
211
833
667
409
512
135
239
288
996
927
545
835
166
231
142
244
86
293
360
169
963
4
968
109
830
188
906
729
803
85
603
917
178
609
162
442
546
855
219
884
675
579
82
862
187
794
605
226
249
863
281
14
936
238
61
351
872
955
988
773
326
602
514
40
666
195
54
8
77
387
218
774
225
885
478
957
547
837
990
173
480
959
916
451
255
806
733
909
513
474
295
19
43
697
25
161
681
637
983
214
323
156
305
111
376
488
459
256
180
785
638
53
430
186
245
1007
986
383
600
155
160
905
117
359
483
110
552
172
825
871
23
20
886
680
0
167
192
413
449
506
181
665
515
52
720
377
838
949
24
757
1018
7
632
286
770
636
175
718
989
12
956
21
972
771
948
327
985
193
570
410
805
174
664
482
380
168
787
719
628
51
940
502
601
966
179
13
995
964
669
616
635
725
753
629
392
471
22
534
212
415
584
414
378
10
652
971
503
756
382
456
313
425
312
663
11
670
381
630
521
688
344
648
786
213
337
460
349
1008
371
338
689
345
224
535
553
348
595
458
592
567
424
690
631
565
566
691
649
653
489
721
754
686
651
490
755
599
724
650
369
522
494
461
687
564
585
370
457
656
495
617
624
559
596
463
598
654
621
526
655
462
618
597
722
554
493
723
586
622
491
623
591
590
619
620
492
589
523
558
587
555
525
588
557
524
556
