492
493
494
525
524
526
491
527
460
591
623
428
397
461
429
592
560
559
396
523
486
528
495
404
459
180
246
147
390
624
793
422
574
57
403
455
284
85
662
395
247
487
405
15
655
631
311
89
316
286
179
761
453
462
279
3
427
630
347
207
518
221
168
240
265
278
593
437
826
959
663
363
598
149
654
318
162
266
436
766
798
792
322
90
214
606
573
84
239
331
52
380
724
116
245
348
825
115
148
1018
605
118
406
213
364
55
723
556
297
679
312
575
618
25
599
74
701
384
234
357
411
132
105
103
668
189
423
430
192
12
765
201
379
858
543
955
843
597
141
321
296
622
4
104
435
443
106
117
181
637
253
842
97
134
830
389
58
374
711
561
636
627
136
519
138
635
157
922
67
0
595
88
743
191
992
34
829
224
353
91
359
73
142
285
372
194
927
29
47
362
651
638
729
394
86
617
712
343
478
414
373
48
510
358
986
283
924
222
728
287
785
26
65
310
650
878
957
594
371
707
1019
75
700
202
352
277
667
252
619
578
611
991
256
755
135
291
675
644
227
551
315
680
200
558
756
848
754
994
629
993
837
329
68
990
398
208
646
1006
448
669
421
458
661
974
875
695
678
167
847
857
692
586
604
925
175
130
44
557
468
159
46
77
677
354
854
653
670
169
244
760
479
153
226
869
193
342
910
608
514
841
235
95
979
365
946
139
872
890
300
161
960
490
987
705
271
237
844
469
585
874
804
740
288
158
133
488
603
998
817
413
49
809
474
696
143
889
254
816
1007
83
1009
870
839
981
176
555
610
454
876
174
16
569
997
258
628
975
59
786
330
815
916
568
845
840
744
710
270
725
320
643
877
82
613
625
656
846
771
664
693
645
146
906
596
626
438
821
154
949
674
978
871
426
166
939
375
867
616
520
962
938
233
477
953
958
838
913
505
822
45
259
976
907
215
704
482
332
737
72
309
51
473
733
945
225
996
948
647
402
977
732
121
324
879
980
552
868
849
529
537
434
170
649
772
672
706
943
806
66
272
739
506
963
61
513
961
544
476
496
914
447
545
416
614
973
356
36
731
325
742
788
609
836
861
947
190
770
449
709
648
1022
805
708
43
549
873
299
818
970
965
538
1015
794
317
944
280
698
441
1003
584
607
673
576
738
273
681
248
697
950
967
378
775
35
1005
908
971
810
238
936
1010
902
17
156
319
835
54
915
483
203
995
982
811
160
904
355
634
220
730
236
1014
98
122
1012
140
642
905
546
898
900
341
550
768
928
903
484
350
790
823
895
896
1023
859
581
850
735
323
410
600
834
442
932
13
582
813
773
713
241
803
694
652
784
195
512
1001
901
539
802
814
937
489
412
255
789
107
206
475
894
964
481
60
911
930
954
572
632
929
769
774
137
577
571
456
144
820
897
892
129
446
570
344
800
303
999
787
120
385
926
923
540
1013
807
942
881
1004
587
886
94
108
866
485
791
541
452
276
56
536
891
450
968
163
62
666
114
966
1000
934
517
580
912
969
308
304
865
641
660
69
457
736
801
290
682
819
833
940
306
480
417
956
351
1008
553
305
298
515
863
941
880
40
451
566
78
9
562
391
1002
188
1011
882
659
931
832
11
972
808
79
425
757
862
333
685
909
702
699
232
2
125
899
676
734
408
50
579
665
509
182
1016
5
864
113
884
935
767
260
601
92
302
888
612
983
467
212
126
542
933
199
893
691
686
855
407
951
565
812
633
851
119
853
440
1017
501
409
504
779
602
261
376
155
919
741
70
109
301
727
127
778
463
14
346
759
985
63
41
883
274
796
444
776
87
852
521
917
209
38
640
780
93
112
507
177
381
205
393
275
1020
753
243
269
27
217
554
615
257
183
548
722
32
918
7
81
763
856
887
18
777
42
102
327
445
196
37
746
71
547
30
782
165
340
28
370
33
639
588
96
198
714
683
110
715
307
211
173
799
64
128
292
439
921
53
472
920
388
758
151
268
620
470
80
100
781
131
567
824
583
797
242
783
251
6
745
764
171
314
522
747
387
313
328
326
223
20
230
152
418
466
382
828
563
988
24
984
377
419
22
21
231
111
508
187
185
349
229
860
748
1
885
338
281
684
386
952
383
164
590
293
726
99
39
250
76
516
8
658
424
210
511
101
204
264
172
762
431
249
145
19
219
827
345
123
533
289
530
339
498
150
295
1021
334
502
10
589
500
671
178
534
497
471
186
197
749
184
621
831
361
337
23
687
282
124
752
716
415
218
31
464
989
263
228
267
335
