723
587
588
598
722
523
754
491
597
524
492
555
586
755
490
691
493
724
556
522
525
554
596
753
599
692
585
786
240
630
460
589
785
459
566
565
617
631
557
458
239
619
721
272
663
756
527
595
489
559
526
461
618
271
620
655
344
784
662
494
376
521
553
208
787
664
567
696
534
752
728
564
312
584
592
816
278
771
457
343
725
793
616
1018
761
286
815
783
680
305
837
623
591
61
766
690
648
862
765
971
656
600
629
311
998
303
817
246
4
22
669
649
29
985
798
632
348
245
789
533
739
949
757
1019
843
560
805
701
86
270
381
488
558
51
285
552
181
377
180
304
207
877
359
986
54
349
495
948
345
202
168
502
326
635
830
0
3
327
876
483
970
318
770
993
195
966
624
920
179
939
313
273
414
11
93
861
167
265
10
917
712
733
835
695
296
905
169
281
894
45
909
310
997
871
241
788
213
604
506
428
150
200
5
568
482
513
992
60
322
136
603
863
848
697
249
94
711
449
955
528
114
474
957
518
729
255
133
170
409
166
201
959
987
82
149
52
855
110
804
802
520
570
675
829
50
85
284
62
886
155
836
234
577
55
89
227
408
977
215
743
214
994
106
916
677
231
944
679
77
953
78
938
921
224
610
842
53
413
486
611
893
772
738
142
826
191
412
514
118
609
317
535
978
707
43
825
838
105
254
117
967
961
442
147
906
569
636
740
226
87
209
803
456
878
546
875
995
417
24
645
280
120
537
151
132
908
811
797
1002
185
416
578
218
1000
182
91
919
814
601
950
849
358
960
26
380
579
294
1009
111
156
388
193
857
42
638
925
480
163
174
870
867
148
154
481
97
143
186
448
382
165
287
991
316
990
608
134
7
14
834
637
539
563
487
44
885
25
923
940
844
258
847
512
238
59
354
945
927
183
135
818
353
895
68
12
999
954
996
958
57
257
157
175
470
263
918
140
46
872
188
13
411
221
279
936
812
176
790
9
387
538
119
19
868
453
450
108
670
172
981
946
225
605
887
769
2
262
1017
576
571
665
976
28
323
1006
951
69
56
192
162
138
904
100
924
264
937
956
295
266
146
187
410
968
889
23
6
141
173
277
1003
860
384
668
109
153
320
79
30
674
972
160
66
282
572
734
840
443
644
614
325
607
612
222
319
903
846
1
532
839
250
196
910
858
297
451
922
75
900
212
128
1010
667
444
975
642
792
1008
90
36
547
104
37
92
386
628
736
357
854
447
144
874
963
76
898
121
289
515
116
379
378
544
337
505
574
427
890
962
928
206
145
32
74
389
800
678
907
27
926
352
845
199
115
869
164
540
152
647
219
125
767
964
83
103
129
391
646
932
896
375
742
1020
64
705
256
891
203
356
107
41
217
452
702
549
232
15
901
545
864
737
710
929
974
760
324
833
741
744
643
251
884
519
866
824
873
732
880
821
952
293
429
88
548
244
982
198
509
321
415
822
223
478
672
455
806
385
314
171
699
477
350
126
194
810
708
832
96
441
233
503
973
328
634
178
1022
774
730
137
799
95
913
21
897
73
1007
550
355
420
988
484
33
288
424
253
613
423
676
247
965
220
347
892
422
983
582
794
8
581
70
390
292
827
947
941
291
640
216
161
813
989
84
418
881
773
65
259
101
979
551
673
360
130
704
706
510
543
935
980
454
930
260
81
351
879
1023
859
35
211
248
915
831
184
735
17
931
72
476
479
639
517
102
853
123
419
131
856
575
580
902
392
235
58
841
762
229
67
984
681
290
819
768
177
536
969
666
621
943
865
439
383
421
159
127
158
775
1014
475
641
501
823
828
99
508
112
751
113
933
485
16
602
20
228
764
731
40
709
942
1021
189
190
779
1012
888
700
809
366
38
205
573
98
899
633
507
71
615
1001
541
606
516
698
801
283
139
471
336
796
693
204
426
39
230
18
252
1011
820
197
1013
780
124
47
750
511
778
912
48
243
1004
1016
261
661
210
34
583
934
1005
473
758
807
122
445
425
627
338
407
362
782
727
315
361
346
398
791
671
703
911
882
31
49
363
396
306
446
