632
658
274
275
331
108
437
470
519
442
522
267
574
106
245
659
545
648
468
376
598
295
635
406
493
469
351
345
609
661
214
189
134
219
597
373
320
572
340
159
631
466
601
600
511
494
438
187
575
602
440
434
303
319
599
347
236
548
380
235
660
388
652
188
227
534
217
577
372
520
604
348
445
158
237
603
186
721
184
521
232
573
576
61
129
215
133
409
542
160
190
636
216
234
670
72
662
657
482
19
132
512
75
413
378
249
233
404
719
89
157
417
628
757
128
257
472
630
629
223
344
627
385
142
612
374
549
291
655
258
732
193
656
716
626
369
543
443
359
208
432
596
453
387
400
183
161
143
414
284
623
266
624
309
532
318
311
238
415
341
399
371
163
584
162
518
67
254
251
239
398
191
653
426
109
377
610
590
52
431
57
460
586
170
664
401
625
263
197
654
17
738
127
641
343
640
155
752
85
389
168
645
154
775
45
285
587
23
595
322
317
211
105
139
483
639
375
349
704
335
425
36
90
50
182
153
446
3
313
294
60
225
476
779
751
337
54
28
221
725
727
38
644
364
14
403
767
513
18
444
156
475
734
13
694
113
80
780
37
461
728
126
454
11
88
83
321
209
196
40
386
316
195
125
402
32
504
611
226
350
616
723
198
259
423
15
743
39
422
29
0
695
744
9
459
699
111
617
462
140
430
363
427
358
112
107
7
253
138
729
665
756
420
6
458
10
46
62
315
488
115
766
365
703
166
643
672
514
342
370
20
731
762
27
110
457
21
771
748
2
167
35
81
333
42
281
314
763
489
429
210
515
48
181
733
278
71
366
137
484
735
91
428
260
487
261
194
455
485
290
490
286
456
486
262
287
289
288
