116
282
144
555
506
172
657
554
534
562
70
315
314
320
145
226
460
310
433
418
680
358
406
317
259
658
209
656
535
170
432
163
404
80
117
330
292
653
580
444
630
258
688
388
72
563
68
224
82
319
659
629
468
684
71
248
631
652
504
322
686
716
582
434
64
180
69
628
231
277
24
715
690
386
291
405
367
200
230
583
276
610
687
462
661
440
660
412
323
714
316
153
159
611
683
763
423
246
98
496
278
632
179
403
759
717
711
14
357
685
608
198
665
100
190
435
416
662
493
346
104
633
171
264
76
249
666
663
407
570
531
761
302
77
289
461
283
499
718
765
134
274
263
173
691
341
537
443
118
99
595
161
376
284
208
730
389
362
275
74
250
350
525
484
152
313
261
682
207
73
287
622
162
664
692
279
581
119
699
417
618
574
527
727
667
394
369
236
781
457
492
728
470
638
402
187
710
66
451
724
764
609
485
101
458
83
472
96
312
75
206
92
753
178
634
726
589
780
459
559
81
674
97
8
447
471
65
239
689
217
0
419
479
564
693
395
671
408
378
415
204
723
218
769
247
26
635
254
483
103
27
539
760
94
327
639
233
368
646
303
621
89
385
340
301
771
235
354
681
213
186
379
229
469
463
486
721
552
779
201
227
597
351
336
498
758
238
523
105
212
56
149
783
102
7
391
409
777
326
160
15
348
750
455
522
6
654
245
188
569
189
61
731
602
158
347
