734
368
705
338
733
742
751
774
366
308
731
771
336
396
677
737
770
504
310
738
116
397
534
370
740
369
732
776
135
342
736
611
562
249
752
561
725
358
721
694
341
424
148
316
778
743
735
643
750
220
343
395
282
745
772
221
353
315
695
720
502
768
359
448
456
132
500
172
446
355
339
773
279
292
615
328
386
423
291
718
189
746
766
185
419
530
383
412
326
680
533
433
317
281
744
196
665
330
356
506
711
714
164
749
285
741
253
134
398
417
385
357
692
329
430
83
213
314
15
394
24
262
464
493
704
289
756
703
440
375
111
265
777
748
354
340
258
708
232
402
307
175
411
112
706
425
270
442
491
283
401
429
263
242
173
384
144
287
163
31
257
9
707
313
202
26
299
22
146
205
233
4
7
485
501
418
672
679
55
463
0
288
59
415
403
327
84
700
535
781
53
199
235
754
729
194
673
295
81
20
414
11
14
759
298
29
452
140
518
18
676
264
254
560
19
198
443
261
551
492
286
382
503
226
177
693
565
478
519
521
458
360
174
17
363
431
651
145
176
453
470
222
393
471
520
469
490
475
522
586
404
457
678
564
779
80
390
200
388
171
447
563
474
170
391
