337
393
404
469
563
126
284
409
364
191
601
376
201
573
278
127
574
723
344
621
482
142
570
158
512
143
335
351
161
211
649
575
509
546
61
353
545
106
541
753
365
128
650
544
515
325
110
498
571
517
195
637
592
12
538
760
537
566
109
445
603
631
113
580
156
722
513
568
122
641
516
614
362
764
569
62
60
169
508
698
529
726
100
602
618
567
69
35
251
138
63
34
696
312
420
674
421
102
556
451
225
51
87
36
572
648
479
103
473
108
613
95
166
591
610
70
416
105
536
505
192
41
99
392
45
444
98
477
557
77
761
223
590
646
91
193
472
50
449
88
90
724
64
647
49
96
68
76
48
197
642
75
224
65
422
94
37
78
93
66
450
675
47
104
97
79
334
92
71
306
74
670
38
73
72
46
67
