875
273
966
610
739
766
214
411
146
862
712
916
960
534
798
284
347
359
818
609
85
1000
29
105
765
486
296
168
707
412
949
142
999
224
82
608
51
191
953
482
877
136
97
265
234
443
740
89
280
448
4
449
50
906
326
518
132
357
170
574
679
149
729
483
804
681
52
87
514
380
976
578
805
169
117
316
957
414
861
835
893
961
144
871
844
645
876
605
668
221
176
970
116
637
863
409
93
119
213
11
910
247
513
193
384
506
611
157
743
656
377
166
134
963
577
313
571
68
648
836
175
802
826
408
120
354
287
325
258
733
971
674
77
195
413
627
167
572
345
830
738
353
388
938
1010
480
156
74
143
155
442
358
241
772
390
78
215
138
894
342
921
104
920
57
90
103
546
327
115
231
417
1020
174
422
487
757
389
141
638
867
207
925
56
644
297
10
441
254
539
364
711
975
923
133
455
954
974
25
990
379
255
540
162
66
913
266
646
614
110
939
148
226
249
281
91
895
979
959
410
5
814
45
981
811
108
697
416
381
943
803
967
477
362
670
665
607
879
962
107
88
319
505
222
304
924
575
721
12
792
150
94
42
956
15
512
270
62
209
69
151
356
846
257
601
352
889
838
456
958
667
36
244
868
834
905
60
349
73
947
321
576
317
678
829
135
46
53
927
1023
570
43
165
182
44
227
874
872
378
194
478
303
732
34
426
9
26
163
24
183
855
869
870
154
890
67
858
543
839
447
145
1022
355
705
2
81
98
936
573
1007
65
129
320
917
903
991
1003
509
880
915
909
188
737
642
70
1008
75
192
650
444
1017
92
538
708
582
160
840
886
385
545
612
988
382
613
83
140
884
288
510
14
881
79
562
699
225
845
260
7
922
825
95
873
579
189
980
309
790
84
544
769
898
479
734
102
130
253
421
217
767
854
41
100
706
857
13
473
606
919
23
161
109
111
250
481
450
892
950
904
581
744
153
324
643
907
547
59
918
187
593
48
901
951
37
295
259
887
451
812
964
251
1021
841
634
32
806
218
323
965
423
291
121
713
64
700
235
1
28
158
198
926
203
735
519
72
952
315
773
220
387
256
476
860
351
475
128
760
549
774
196
125
551
989
900
96
727
172
742
350
797
397
21
314
702
212
233
35
550
76
223
137
152
30
968
833
159
49
454
58
779
821
672
33
283
891
164
305
897
328
332
639
71
391
535
929
177
101
541
264
185
888
548
507
186
289
741
386
813
902
896
290
292
937
126
113
822
211
484
190
800
27
928
1002
17
374
517
764
252
6
515
210
127
710
19
445
859
866
633
47
908
736
485
38
828
810
531
809
673
228
799
173
282
294
18
452
219
415
647
199
827
248
730
940
171
973
139
238
178
216
293
418
329
419
40
824
206
298
914
99
112
580
263
229
446
832
932
508
704
8
864
885
123
930
230
131
80
383
831
731
768
39
1012
676
20
693
640
778
232
856
935
666
536
942
698
911
796
780
511
641
602
122
542
661
276
709
262
184
794
983
912
243
16
197
261
807
931
1014
823
969
801
865
783
424
237
671
819
941
882
934
420
775
205
984
63
236
501
982
758
759
899
850
615
583
883
360
1011
746
703
745
204
1001
791
933
972
853
330
31
242
346
762
300
820
516
561
407
777
590
776
1013
752
795
763
392
1005
425
267
808
394
299
852
1016
1015
1004
268
851
502
440
406
503
694
275
306
337
470
690
782
398
504
393
361
747
274
781
496
338
439
500
530
430
308
472
269
333
438
471
621
463
124
302
682
654
660
651
714
689
469
365
336
301
529
625
726
370
686
373
751
437
341
371
405
748
622
750
366
687
468
335
404
688
749
339
715
719
720
334
436
307
367
626
657
372
499
659
653
399
403
340
368
718
652
369
658
435
717
685
467
716
683
431
684
400
402
466
401
498
464
497
432
434
433
465
