703
773
394
677
361
197
116
397
92
135
396
422
172
173
305
443
362
347
310
276
423
416
338
336
534
774
248
704
561
366
320
368
562
420
220
318
748
533
662
506
414
488
346
164
415
286
332
424
348
107
106
705
731
442
772
375
643
747
393
725
249
732
386
722
615
778
337
133
308
136
281
734
721
470
535
194
324
469
395
723
496
344
46
163
425
385
345
304
376
468
191
103
62
740
42
433
219
646
478
461
675
633
317
392
405
279
192
132
221
679
365
504
292
309
460
497
227
175
110
647
201
487
776
313
59
295
167
676
578
768
750
769
441
134
291
549
593
520
634
349
387
518
546
277
444
247
105
144
729
406
353
781
434
61
328
319
148
412
351
379
358
289
678
605
149
11
499
24
440
314
131
9
743
756
711
606
476
196
32
492
140
489
648
258
244
265
316
217
500
41
325
674
88
352
777
22
270
111
216
779
699
426
112
34
161
550
321
283
458
519
771
222
230
150
52
341
205
681
29
644
600
380
661
63
83
381
28
38
525
553
55
0
300
733
339
524
457
233
7
522
369
84
483
599
454
357
13
15
57
755
680
254
551
523
189
323
464
299
218
645
19
263
642
301
445
689
635
4
579
330
707
18
754
574
235
673
20
282
26
547
272
17
759
560
576
417
548
