380
228
772
258
178
549
290
246
482
339
781
758
271
507
491
560
56
658
586
395
396
522
453
30
340
673
436
286
464
211
11
346
254
671
571
347
101
176
252
174
775
687
518
55
760
316
177
716
118
466
435
425
490
754
356
301
183
412
280
523
117
225
329
738
300
618
226
534
408
517
656
697
375
317
448
563
605
355
559
439
589
216
752
744
361
299
525
693
684
414
403
367
452
734
748
651
660
442
419
657
194
530
327
222
467
689
345
726
498
376
776
462
506
86
80
706
170
497
415
557
590
535
698
134
285
337
143
679
718
389
495
749
707
115
696
393
256
424
405
447
469
433
733
328
441
169
440
366
109
468
434
475
777
198
470
283
199
137
533
778
743
708
173
391
145
394
709
253
81
504
531
421
114
765
677
282
505
747
281
171
338
704
779
766
773
502
750
705
197
477
311
558
678
307
363
310
474
390
335
279
446
676
769
362
306
675
418
