71
670
69
142
70
114
67
559
72
143
278
277
145
75
96
477
117
74
531
76
558
68
557
334
505
642
588
250
621
362
65
251
197
93
335
333
450
586
228
305
73
363
66
361
144
90
613
118
94
590
364
138
97
255
86
616
306
223
256
92
708
422
617
199
122
724
91
449
636
12
429
222
421
591
115
253
646
663
607
608
635
532
609
767
633
64
529
530
594
146
120
649
225
169
78
195
162
36
707
620
227
634
507
37
744
166
662
743
766
171
698
246
769
79
568
194
739
200
622
125
570
281
761
155
587
161
585
760
229
753
332
582
695
637
147
770
578
610
42
723
259
606
639
104
569
479
749
216
98
34
50
77
747
35
605
765
580
595
100
13
577
667
641
579
571
576
128
82
260
541
321
141
640
665
238
619
49
758
611
757
632
48
331
623
51
2
543
664
737
46
701
691
304
771
52
38
154
163
88
736
645
139
149
28
30
598
542
768
21
372
772
730
782
3
164
167
581
783
276
24
273
29
692
27
63
624
26
476
638
775
219
159
20
8
217
187
215
57
280
592
720
584
539
599
266
384
625
320
158
308
10
293
33
755
735
596
252
540
190
17
19
392
722
373
781
764
366
690
53
60
112
5
560
214
597
189
729
275
0
133
83
87
319
58
626
185
644
548
61
762
248
593
336
110
343
727
612
780
245
47
111
116
62
504
721
666
513
699
763
45
488
756
725
371
360
313
224
420
773
342
290
751
315
341
247
107
263
288
365
291
514
317
292
318
427
359
732
105
41
