171
530
144
123
199
379
122
351
117
378
391
566
350
124
778
211
310
614
55
567
674
210
255
116
608
283
582
352
150
776
145
754
448
755
125
41
693
5
308
33
478
750
239
568
781
114
79
31
595
702
607
63
148
175
647
668
637
84
394
554
642
458
606
638
338
730
594
609
24
393
26
392
87
619
151
583
328
700
93
70
323
64
149
121
405
30
706
759
726
173
529
53
585
667
666
557
613
147
238
513
610
380
267
77
174
538
457
98
675
396
676
209
556
66
540
97
715
126
120
636
305
635
564
176
99
565
96
562
327
555
202
418
589
47
623
711
622
406
558
76
621
526
749
696
531
714
717
358
605
701
407
450
634
783
331
299
772
649
212
12
73
512
745
266
279
768
525
712
537
78
367
618
528
95
100
82
334
612
765
591
58
747
486
359
563
477
447
620
611
172
201
508
536
256
502
737
527
304
561
449
773
59
713
224
539
330
584
509
559
306
203
360
101
25
736
758
473
22
631
592
535
51
130
673
86
630
671
377
651
456
740
774
324
533
588
169
669
485
462
44
277
697
1
165
56
541
159
632
386
505
710
698
663
511
746
481
691
339
395
480
629
136
503
670
119
739
329
553
720
633
524
761
782
230
498
237
357
455
204
501
581
217
454
452
741
94
757
236
177
615
522
303
118
692
68
521
718
484
19
312
387
222
368
640
441
416
510
223
593
760
146
4
424
722
500
742
108
102
302
142
61
326
639
499
520
469
467
332
228
434
300
709
89
453
560
732
152
188
604
429
482
650
232
231
164
493
678
719
246
189
459
235
664
69
495
244
580
245
490
684
109
216
440
433
430
301
690
353
271
707
276
685
325
523
586
131
497
483
532
494
250
471
427
426
298
385
233
234
218
518
470
280
229
489
432
90
466
435
655
514
687
652
282
16
240
390
103
251
295
648
686
34
412
252
275
646
442
468
414
336
770
705
496
764
141
708
656
439
355
695
415
769
294
49
665
274
104
309
127
160
419
307
688
388
45
679
43
272
361
777
662
753
628
738
408
397
689
519
428
680
654
8
506
273
18
215
134
356
413
184
694
128
438
227
653
384
546
205
354
683
547
460
461
162
161
644
472
13
135
411
727
270
400
80
723
187
492
83
185
88
681
602
383
661
196
297
451
243
444
465
603
421
431
475
443
214
682
32
340
410
60
724
423
487
617
744
734
258
365
0
129
167
163
596
616
699
296
7
313
29
704
658
226
111
268
659
112
220
46
35
9
548
425
729
15
132
756
242
657
158
198
766
140
6
105
363
716
206
110
420
253
269
186
362
491
474
138
422
624
517
62
133
445
643
627
399
488
748
10
183
579
626
247
21
446
190
107
551
382
115
599
2
463
91
601
20
241
11
590
703
257
771
401
48
731
672
213
763
92
27
598
143
600
42
762
597
436
660
106
322
625
71
65
341
516
641
281
417
552
733
207
743
137
575
507
381
208
645
404
574
437
577
464
479
735
578
398
549
200
402
369
373
372
374
344
319
345
371
375
346
348
342
343
347
370
