399
460
491
724
566
523
392
459
239
327
398
722
534
977
428
785
1
420
295
367
294
326
360
522
366
431
588
358
565
492
400
555
743
941
334
387
451
756
4
501
691
784
783
723
388
816
786
589
692
896
68
490
502
554
170
757
46
830
296
835
270
302
909
877
36
817
927
391
940
690
752
418
359
862
720
419
263
972
803
385
587
424
207
200
992
834
750
960
610
621
910
482
271
754
620
368
959
45
751
876
2
688
660
328
483
201
687
782
711
272
895
100
755
105
427
659
742
192
514
335
240
303
818
712
719
793
744
762
815
546
226
753
336
458
77
512
432
689
450
480
993
0
556
609
241
457
976
693
304
265
76
788
789
73
577
584
583
761
533
661
171
238
598
721
97
917
930
787
521
273
305
885
202
658
386
13
37
585
866
848
9
337
608
227
949
456
842
64
132
908
707
224
798
357
344
849
259
825
78
615
471
948
258
886
867
771
10
918
488
503
288
958
630
470
74
586
648
662
990
208
198
680
597
381
805
809
109
552
376
313
256
520
72
730
489
616
195
149
635
12
873
710
765
306
524
718
14
1009
29
674
22
142
553
5
133
389
481
657
702
111
614
994
899
101
515
725
603
297
19
950
572
369
110
961
282
182
439
576
249
939
232
925
926
906
44
380
814
172
1000
448
469
377
884
75
281
770
629
878
43
971
69
183
599
775
612
417
703
826
547
647
345
989
907
898
957
30
982
894
150
21
733
734
905
645
194
916
11
408
870
666
631
951
94
286
209
819
184
312
667
945
1017
413
944
893
223
338
985
242
869
148
349
215
82
216
51
897
285
415
181
936
919
175
656
887
937
141
414
677
93
412
696
986
779
924
199
1018
80
102
250
196
382
47
317
636
435
176
254
436
969
538
578
452
79
604
668
766
801
23
348
152
794
120
987
151
409
664
921
206
274
173
904
124
892
970
169
837
845
62
187
1001
60
81
255
180
983
264
53
154
370
61
1008
1022
567
1021
602
217
963
1019
988
54
20
669
92
938
1002
289
325
698
262
84
955
28
580
126
935
868
872
213
701
861
125
999
190
112
855
890
632
551
155
570
953
932
228
966
699
965
920
548
350
191
968
923
891
114
700
314
854
956
776
27
634
290
764
954
601
1016
468
637
998
500
50
915
605
981
186
18
153
663
121
799
540
55
177
749
903
484
665
797
52
59
87
934
41
383
844
997
143
967
933
984
146
147
56
613
571
421
1020
280
248
210
670
119
379
902
118
639
88
106
947
174
847
185
952
686
214
900
113
83
832
729
508
444
804
1003
740
361
922
675
225
318
931
384
390
253
888
245
511
339
860
731
218
145
407
123
156
864
179
889
829
573
144
519
859
440
86
600
222
24
695
853
49
516
671
178
479
996
315
569
188
85
434
640
478
58
509
277
211
449
168
115
541
732
257
307
901
135
244
790
287
311
219
617
607
638
717
25
796
316
26
347
243
467
122
351
57
535
758
539
91
513
89
822
477
694
846
3
874
653
90
582
279
726
476
356
728
510
828
507
116
158
568
858
284
928
813
403
1015
633
736
685
445
352
964
763
95
438
378
579
410
246
474
652
679
1014
824
810
833
131
346
189
212
416
117
247
856
1013
542
71
157
319
537
343
472
411
628
354
7
550
33
708
821
197
606
134
880
441
506
70
865
15
881
812
283
423
697
806
221
275
159
823
443
505
549
446
850
767
375
321
741
39
619
883
310
852
574
777
447
581
278
130
504
166
276
641
464
575
913
140
63
792
557
473
739
127
99
32
165
678
709
48
433
353
104
626
293
442
772
781
841
543
487
773
252
164
486
727
962
676
611
1023
627
167
863
269
536
544
422
475
453
355
760
644
251
31
8
745
103
827
42
16
393
237
995
266
203
836
17
517
684
735
857
322
991
929
642
973
625
38
978
67
465
780
655
496
800
333
461
65
499
738
138
564
759
220
35
820
748
545
774
455
466
791
329
802
942
646
946
320
706
128
879
882
713
911
768
912
429
401
493
425
811
518
831
681
485
643
840
229
838
875
163
40
233
230
808
193
136
108
234
943
107
769
454
204
261
205
34
66
851
231
498
843
871
404
795
371
747
839
975
98
914
160
96
301
129
402
437
162
397
737
292
778
260
563
330
649
365
139
531
532
1004
235
746
807
716
298
323
594
974
595
672
590
562
980
624
137
497
291
495
654
324
705
527
618
528
6
463
299
300
1006
530
308
673
596
715
704
406
1007
396
622
268
1012
267
236
525
426
1010
430
593
362
558
161
683
682
342
332
494
714
979
309
1005
394
623
529
526
561
374
1011
651
331
559
650
340
364
592
591
395
560
372
405
363
462
341
373
