221
277
630
307
64
686
325
274
399
650
259
292
611
220
300
537
246
711
401
610
249
717
92
134
35
456
346
275
454
720
193
293
406
333
429
653
583
582
301
624
628
486
36
218
320
182
291
527
407
125
392
88
685
255
347
159
368
321
142
241
374
242
273
632
176
608
570
231
710
510
187
566
721
638
375
191
115
524
538
158
263
539
296
194
344
332
195
372
265
702
382
131
211
550
315
123
149
639
682
689
671
609
760
130
698
482
634
214
105
627
232
247
620
626
235
215
199
287
192
373
707
371
635
326
395
498
458
178
222
542
597
327
363
568
90
206
245
135
681
5
177
181
328
390
151
549
596
623
354
148
210
548
619
654
426
114
669
108
150
511
579
655
122
343
405
403
93
569
621
649
342
593
345
319
601
262
104
119
380
439
455
254
27
430
603
63
203
355
600
67
102
91
523
212
605
227
269
189
8
311
217
348
646
379
398
708
637
234
643
402
733
190
675
607
295
103
243
536
625
773
381
547
353
519
62
244
573
233
171
270
207
95
271
512
198
329
257
509
544
552
65
712
322
540
186
179
674
457
0
370
228
294
147
483
101
97
622
652
208
175
602
272
201
394
268
604
541
438
73
513
768
543
94
492
299
431
213
351
404
775
606
706
472
577
735
288
741
484
75
525
471
571
286
323
352
74
592
256
378
188
762
473
491
641
204
730
238
99
216
725
578
572
567
66
504
417
736
752
121
521
443
670
202
598
546
305
173
648
713
200
695
493
445
410
160
239
132
520
82
436
162
205
553
680
545
485
100
413
170
77
668
437
71
289
69
146
574
98
565
350
298
133
531
739
723
497
469
636
260
397
161
310
96
209
80
226
362
747
750
732
280
522
618
770
318
774
776
749
529
224
494
599
120
467
349
766
442
528
261
163
495
496
697
556
677
576
283
594
745
709
441
72
518
118
724
557
642
304
466
117
415
174
526
440
172
70
591
743
453
585
722
316
376
586
480
412
444
481
705
563
595
266
425
290
145
76
507
317
740
267
68
640
772
613
377
468
564
530
452
590
418
612
746
535
508
424
734
144
694
584
282
696
704
470
534
416
748
116
396
738
562
474
414
506
742
744
676
