419
355
732
148
207
778
298
289
469
300
643
418
689
530
430
234
296
771
490
439
240
245
549
704
501
255
206
83
326
111
409
196
548
15
438
733
500
301
389
489
270
324
468
319
426
178
7
272
283
26
361
461
777
342
205
151
436
604
440
241
233
141
271
776
4
520
665
31
331
751
673
302
282
756
494
231
356
321
576
644
59
262
521
84
134
170
55
339
316
577
354
458
755
57
292
199
700
492
261
16
353
634
531
680
21
457
371
322
0
405
429
463
280
269
460
232
447
651
672
427
378
53
467
586
341
290
699
759
149
258
145
682
626
381
56
714
235
152
533
730
408
242
735
560
1
504
154
345
2
400
315
695
706
754
736
27
542
441
14
177
522
459
188
189
350
317
279
737
180
6
213
676
10
740
691
309
285
515
780
171
658
291
155
85
727
606
428
721
120
268
593
711
253
474
332
462
281
265
246
168
8
632
720
628
745
683
288
187
636
671
551
495
274
629
252
453
30
487
313
609
768
150
493
185
539
488
244
664
579
125
157
480
475
713
660
710
513
297
502
314
437
694
627
215
208
236
558
390
466
264
625
692
554
514
540
344
464
248
209
624
688
738
663
352
380
608
587
118
452
217
693
702
715
211
619
767
746
124
597
247
657
652
718
399
216
630
465
186
654
153
181
325
708
544
623
183
743
184
363
139
581
114
275
607
256
391
614
565
372
243
686
158
742
121
214
182
303
659
638
267
649
631
684
367
741
166
239
685
555
749
237
142
722
762
592
653
421
36
126
293
89
709
687
656
770
286
81
49
238
612
47
42
277
75
528
86
340
39
744
266
573
646
655
210
73
752
569
294
50
717
667
602
712
127
716
594
750
584
763
276
622
618
193
451
580
568
88
591
90
122
80
650
225
766
169
621
143
566
76
640
37
123
595
45
109
765
748
611
639
505
335
739
307
642
77
41
503
312
472
582
529
567
99
666
479
40
450
250
115
613
104
278
98
610
95
91
64
670
769
477
449
747
585
590
675
78
362
67
641
669
583
71
668
556
719
251
43
72
74
197
764
138
93
44
94
97
557
92
96
79
306
724
696
334
