338
769
310
773
766
734
770
253
705
742
366
281
504
279
737
530
750
743
307
733
738
418
502
336
677
771
703
363
736
308
282
368
446
394
42
740
533
751
534
145
765
772
735
708
199
676
768
305
709
752
721
774
704
749
776
276
741
744
448
739
506
396
678
335
640
707
81
778
331
194
116
586
711
747
725
248
135
222
745
318
767
748
351
216
252
706
114
342
344
370
198
213
746
516
320
280
679
718
132
612
238
440
777
762
134
209
353
277
189
571
357
764
146
712
226
254
419
424
187
572
343
255
731
133
173
242
164
371
544
214
215
212
779
317
680
587
186
456
182
393
585
316
395
303
217
525
558
185
136
775
643
562
211
412
468
55
300
720
442
714
559
543
210
407
319
240
227
249
245
207
298
329
653
545
148
26
24
651
615
380
763
239
196
535
352
219
408
722
283
172
315
86
205
570
83
341
301
732
517
417
579
381
399
339
180
208
475
206
598
656
340
466
397
521
356
599
593
390
15
236
588
337
379
4
756
781
246
624
9
627
270
713
269
369
372
29
235
378
693
374
80
729
313
754
284
27
697
532
302
551
309
609
256
237
179
183
657
232
354
759
616
661
111
22
297
486
673
327
560
184
330
112
455
427
423
84
672
621
16
524
692
493
500
171
503
470
626
82
710
367
496
715
617
603
358
716
576
202
131
0
362
430
435
271
655
574
629
321
531
683
7
436
233
625
654
311
694
53
522
469
28
11
231
144
719
322
163
314
700
628
515
234
31
177
519
561
21
286
755
439
492
345
462
188
259
178
414
181
398
644
649
494
658
630
458
20
190
497
244
780
268
476
681
400
14
250
19
174
272
149
684
140
57
682
546
241
622
431
730
426
452
727
645
288
274
782
168
441
323
175
461
299
247
467
257
758
324
685
632
30
717
604
325
385
671
425
260
459
2
273
10
518
634
176
382
443
597
457
230
757
129
701
290
514
406
659
489
495
447
32
463
1
141
17
23
346
480
162
596
699
6
56
577
474
347
85
760
200
594
422
413
8
665
228
613
359
420
438
52
650
415
218
155
261
695
687
3
266
373
488
243
328
523
267
401
287
384
152
454
294
292
689
59
355
633
478
565
421
573
600
783
364
221
460
130
641
18
125
25
465
520
490
547
265
620
383
229
434
109
103
623
691
428
296
