362
474
335
590
334
306
505
446
305
477
676
705
197
363
708
618
449
589
283
675
473
670
646
707
472
390
647
221
279
418
531
421
706
648
333
678
677
743
443
96
307
563
744
709
311
282
712
251
529
447
696
137
95
169
557
724
94
44
651
591
43
425
255
767
171
766
704
388
679
535
770
444
256
502
771
114
745
740
568
361
471
742
277
702
654
400
747
569
650
619
415
566
649
467
768
475
193
310
746
559
450
440
448
165
81
561
97
80
92
765
495
170
115
733
614
567
564
499
653
779
125
199
735
42
143
737
674
731
718
138
710
354
118
592
752
438
396
503
689
570
222
399
719
228
439
266
278
109
254
726
748
682
506
749
594
345
556
93
416
370
406
86
668
714
393
174
249
717
753
523
652
597
82
759
