262
56
375
183
689
427
116
426
431
457
643
521
2
439
425
467
421
674
117
752
575
646
516
381
225
659
430
196
616
57
345
336
484
682
155
280
387
106
577
491
214
177
206
223
179
661
461
402
459
699
525
455
520
349
428
252
231
393
547
209
727
420
638
181
168
60
587
414
432
614
230
637
652
376
289
273
670
633
272
137
495
422
154
483
58
125
469
513
195
716
180
429
552
296
653
485
470
229
247
726
191
512
251
663
279
175
654
662
159
522
549
656
415
482
657
623
127
392
579
497
597
642
210
655
182
608
605
380
607
609
635
583
394
496
302
222
218
471
219
596
698
462
224
249
507
274
190
553
573
158
454
569
468
161
581
606
131
133
442
544
599
546
574
213
651
346
408
571
165
77
212
129
119
591
227
436
535
650
586
255
193
317
275
634
649
348
283
174
211
598
160
105
157
563
278
509
443
203
121
611
124
136
602
202
164
221
254
600
636
498
684
276
590
135
578
156
126
311
610
686
147
529
361
534
104
149
194
499
73
310
220
173
148
450
537
146
248
526
226
76
228
536
132
506
250
130
473
118
572
128
562
282
71
501
101
417
120
192
508
163
389
201
304
99
162
134
200
388
100
500
172
360
444
528
98
72
70
472
416
