395
460
492
363
491
403
427
434
459
428
396
364
365
493
560
404
402
437
754
466
435
662
724
405
397
592
461
429
436
366
723
468
372
630
756
371
692
394
469
527
528
659
631
755
398
785
655
406
691
458
490
660
663
753
624
661
399
438
467
693
784
426
331
598
599
561
332
303
367
974
362
1006
793
816
373
593
272
333
626
786
390
234
374
722
559
529
685
266
265
342
304
523
271
817
658
343
842
725
798
232
240
761
422
470
992
233
1005
843
711
302
623
654
306
297
959
960
875
311
910
536
296
201
678
180
938
653
679
704
815
766
874
246
215
926
797
752
991
389
384
315
743
939
787
273
505
876
908
656
877
347
379
973
830
646
829
148
710
486
202
248
613
264
788
283
765
840
581
57
518
346
878
625
358
841
473
796
993
604
844
284
568
538
847
645
29
922
845
357
375
848
809
494
149
970
75
742
735
701
416
818
247
181
279
705
728
737
792
907
58
760
278
455
869
227
310
452
961
799
924
122
245
300
4
59
573
27
282
526
709
316
89
519
453
61
920
810
677
26
639
672
998
549
919
896
221
667
823
200
614
487
330
421
814
199
977
481
668
252
235
611
321
74
60
702
15
90
1018
214
644
736
819
837
170
958
411
153
30
328
870
16
513
47
846
783
994
768
354
928
441
44
45
913
647
353
895
169
578
322
950
740
48
352
1009
510
93
6
925
448
627
141
253
498
318
73
700
91
239
136
147
506
927
386
286
3
46
707
189
163
350
105
95
744
1003
65
606
767
826
103
305
35
577
872
133
868
167
686
539
706
220
88
49
603
104
183
326
168
955
643
551
291
280
258
450
142
17
859
850
971
259
157
80
28
569
483
106
1004
182
281
488
226
982
540
839
196
696
5
524
739
945
675
309
918
962
771
804
2
94
121
359
62
97
865
317
820
256
975
85
582
92
137
949
680
270
730
600
79
194
866
891
433
320
979
131
126
946
139
610
476
474
222
854
192
132
185
294
512
152
251
987
978
31
439
37
166
934
937
932
764
134
162
385
544
867
981
951
640
738
195
68
635
712
356
84
576
894
834
508
285
324
861
217
917
159
734
113
1019
676
898
208
14
957
125
731
127
929
138
772
36
930
899
0
800
575
580
1022
423
572
135
100
301
118
863
673
789
190
140
674
479
124
98
514
990
570
857
261
775
418
444
63
290
164
81
77
942
66
449
886
387
708
12
967
143
292
941
629
112
897
537
225
903
447
605
154
67
130
348
811
76
953
871
684
25
904
888
329
231
698
900
807
889
1
440
323
831
501
229
579
260
965
825
821
902
574
86
108
213
64
849
836
207
263
262
109
254
885
287
504
150
642
641
288
191
255
355
158
99
1010
442
855
115
608
802
55
862
443
835
699
165
78
769
69
184
325
388
116
546
32
33
197
96
206
52
83
893
612
906
43
1013
858
887
1001
729
637
13
921
873
838
312
327
188
293
160
703
173
34
454
732
228
803
146
380
733
400
123
299
543
230
935
391
909
892
933
117
417
128
638
216
916
101
478
381
697
171
1015
257
776
770
187
129
198
550
482
609
223
741
319
414
905
377
669
41
634
19
298
931
107
980
38
219
976
451
806
477
860
936
314
111
289
985
515
413
156
351
344
1011
54
82
594
155
151
901
511
671
828
7
179
542
56
110
250
972
18
986
120
119
42
520
1023
822
948
412
1014
193
9
1012
813
571
50
509
349
102
114
664
244
773
72
161
607
757
407
968
277
805
11
419
940
186
853
545
249
383
670
851
484
997
409
87
915
70
801
954
480
51
224
890
999
475
947
53
963
