556
493
490
588
524
492
459
491
525
523
564
596
522
527
597
565
595
460
555
563
589
526
587
816
557
630
532
553
817
598
554
722
494
566
721
461
662
691
428
533
208
521
815
599
427
458
399
752
239
631
585
754
723
93
753
567
818
692
784
661
559
786
584
848
785
534
847
240
586
724
377
755
61
998
663
783
877
696
843
376
489
920
664
814
849
728
878
961
632
367
344
614
993
600
835
811
875
617
448
812
789
876
1019
343
191
272
560
629
739
528
577
1018
836
610
1000
207
286
862
616
999
997
756
992
568
200
771
29
804
844
701
409
917
955
669
985
787
793
921
960
604
27
535
60
179
770
953
278
842
145
176
802
311
834
326
366
114
977
970
552
482
766
608
345
312
798
609
318
150
765
4
893
54
761
861
949
738
106
846
733
201
310
143
978
572
966
939
909
994
744
86
895
449
285
195
281
180
690
181
146
105
0
788
677
202
1006
3
635
680
246
578
30
149
740
805
416
987
938
803
408
894
611
910
55
513
520
322
110
772
603
986
537
967
359
863
1020
1009
215
118
50
474
797
868
45
855
120
183
483
249
169
22
89
87
412
42
923
136
170
282
488
142
294
209
674
675
133
971
512
546
5
75
757
388
506
944
871
636
265
296
231
157
540
62
263
92
234
258
165
946
712
569
707
245
1
227
996
97
945
905
280
925
356
903
134
81
441
362
327
2
284
347
185
262
695
830
82
148
837
94
155
10
78
119
182
151
167
379
255
316
68
570
384
196
317
152
480
381
313
349
693
948
358
845
91
98
14
514
74
357
957
168
11
741
232
958
375
217
132
37
147
417
46
266
28
56
57
389
1003
88
646
612
906
354
386
486
539
735
95
414
51
77
502
100
897
450
166
141
44
66
353
995
880
919
69
144
639
742
829
380
36
581
76
257
518
216
325
348
954
228
385
413
26
221
737
9
53
287
273
395
990
637
644
819
725
304
976
924
918
769
103
321
363
104
1002
163
1021
108
125
1010
254
174
951
107
916
271
962
645
140
736
206
214
352
734
90
481
991
927
697
668
442
729
926
64
509
264
538
279
799
248
188
250
43
1022
319
963
705
605
65
860
601
579
452
420
6
164
331
867
508
935
320
85
138
411
116
866
732
455
226
1017
259
576
447
582
959
32
193
218
224
571
908
73
544
879
297
154
175
922
549
706
444
49
548
17
187
974
355
898
117
547
251
292
260
1023
315
387
115
171
767
7
679
390
35
638
59
443
892
457
12
743
864
422
156
101
699
454
289
127
23
225
199
135
113
575
950
99
295
153
162
607
70
453
477
874
83
102
111
620
896
708
220
52
241
277
96
253
25
580
291
324
328
790
194
519
126
33
137
350
213
901
184
418
936
410
41
342
907
419
323
889
270
887
233
764
247
711
1008
19
197
48
129
989
382
186
810
678
67
293
573
870
235
1004
451
173
642
891
702
505
952
121
79
229
288
198
203
314
189
956
515
230
38
479
828
1001
676
833
832
965
330
937
667
800
476
13
34
854
796
351
360
831
643
128
238
670
473
124
283
613
813
80
71
545
1005
988
84
665
112
131
18
298
303
24
475
981
510
361
975
507
671
72
407
192
15
881
940
261
290
495
888
541
130
332
633
58
731
160
517
886
973
478
109
8
710
536
299
300
929
964
865
256
942
700
574
172
440
900
941
329
933
703
39
913
947
210
979
423
982
768
968
1014
648
826
1013
730
551
511
1011
904
487
890
885
792
219
40
415
602
672
21
840
931
445
305
237
485
634
346
205
378
501
928
969
139
606
456
932
751
543
801
760
709
16
983
31
899
426
980
550
267
123
177
673
392
943
222
827
934
704
158
204
236
884
1012
161
421
824
63
1016
698
984
972
47
20
383
269
391
873
516
252
859
858
856
398
762
839
825
1007
268
640
853
244
504
857
178
122
647
309
841
212
666
869
159
930
779
439
472
446
774
838
763
223
374
243
429
649
583
758
915
425
727
902
542
364
424
335
211
471
773
806
850
821
301
592
393
275
795
809
394
794
396
242
807
660
912
190
274
775
911
594
336
470
503
719
306
628
641
883
882
656
750
1015
780
334
615
531
852
562
872
618
681
808
851
276
558
820
624
759
782
778
694
822
337
713
689
333
914
397
438
655
823
720
747
781
365
591
339
484
469
302
406
307
437
308
687
500
716
619
338
745
372
791
688
627
746
776
404
777
436
340
371
405
368
621
373
748
400
341
653
468
659
749
623
561
590
718
496
498
726
657
430
686
622
403
593
370
685
369
714
466
658
435
717
654
529
530
650
684
715
497
499
625
626
431
682
467
432
462
465
652
401
651
463
434
402
683
464
433
