532
531
530
368
564
533
499
716
498
535
465
746
726
433
683
714
749
335
717
563
534
718
369
432
747
715
500
750
562
719
367
720
748
503
400
336
464
589
758
497
745
463
431
334
751
682
401
688
337
339
521
689
779
759
727
781
307
399
713
502
472
684
780
340
778
777
553
690
657
633
466
621
565
242
471
694
1000
658
504
782
529
338
590
501
462
721
209
516
392
408
425
880
567
602
596
1004
424
177
361
601
808
681
801
274
420
393
881
812
583
210
832
197
1001
665
440
851
23
341
145
969
640
204
554
741
776
912
22
80
366
228
911
615
144
879
566
407
96
850
588
882
81
119
360
620
547
301
112
64
548
914
241
752
1002
807
99
275
819
333
129
419
98
205
1008
773
552
989
1
171
172
128
791
999
113
507
833
783
230
883
795
87
467
774
24
641
178
763
308
198
445
32
1021
768
536
557
703
124
236
439
376
415
762
582
612
968
123
409
345
164
508
31
1016
34
520
1013
800
915
151
864
418
852
1014
152
373
33
114
267
269
480
184
580
120
211
988
176
161
671
545
150
216
511
417
517
884
243
276
947
666
1020
687
100
935
475
820
542
76
101
229
595
594
21
268
541
56
165
18
203
983
329
952
66
108
496
446
942
377
302
802
155
441
966
769
540
984
614
764
1015
146
1017
383
827
736
628
485
218
865
50
385
306
102
70
186
388
257
49
584
63
996
803
330
509
260
156
775
314
943
386
824
571
484
298
476
69
190
111
410
1012
187
607
828
158
78
382
995
581
856
38
626
451
708
964
127
572
699
1023
897
362
71
931
1003
262
901
223
289
860
109
193
888
183
933
558
444
412
346
17
53
110
430
351
1011
174
454
319
130
698
82
674
899
39
609
355
642
250
934
902
956
67
299
477
10
391
54
139
107
263
892
706
295
954
8
853
473
903
251
980
550
249
923
125
261
305
42
309
293
929
140
873
237
231
219
92
37
131
160
921
834
515
632
963
315
890
936
220
608
2
235
20
866
259
40
831
965
634
913
292
997
188
676
1022
9
898
887
421
944
313
896
539
277
72
447
287
16
859
282
41
328
294
19
731
889
356
575
191
217
732
378
290
891
442
836
967
893
639
811
930
452
951
835
796
546
280
730
332
248
918
920
212
794
522
900
325
349
206
709
86
806
134
324
576
83
868
173
55
858
104
189
895
810
7
909
885
323
734
940
673
116
919
894
51
73
862
823
288
735
74
636
244
196
767
953
863
855
375
320
579
255
932
757
115
838
258
95
281
387
28
35
744
11
443
805
854
143
264
799
175
122
6
946
861
103
613
291
36
928
222
857
106
254
347
1007
700
606
126
916
479
93
137
941
985
867
352
549
652
79
413
638
354
610
43
247
962
327
738
972
62
326
982
871
105
48
88
321
543
182
252
389
813
841
904
986
1005
925
478
733
117
350
394
839
573
194
702
770
75
822
358
510
342
357
670
646
5
317
886
322
987
537
922
68
917
587
159
30
637
937
826
797
1019
279
14
283
185
297
869
650
605
138
27
65
870
225
906
296
304
353
926
221
924
52
695
809
94
44
135
97
310
958
948
669
238
380
957
829
976
13
118
821
927
253
84
474
772
90
47
570
990
448
825
874
381
651
955
285
58
742
551
574
568
411
950
414
215
312
818
998
603
905
157
232
25
266
668
604
121
830
961
154
643
91
456
945
840
423
482
667
148
60
379
344
577
790
875
645
677
278
600
85
245
136
233
849
195
316
647
872
77
544
374
1009
359
59
449
450
1010
693
153
644
224
678
878
845
977
265
512
214
166
798
170
200
318
457
213
300
226
514
737
561
61
179
844
246
147
789
163
331
470
701
162
991
981
12
15
635
422
132
141
26
578
256
949
979
994
46
506
199
842
765
1018
348
907
710
89
311
390
672
29
453
569
416
659
181
675
739
804
284
57
843
142
876
616
149
133
837
234
959
978
740
960
455
766
227
483
910
538
273
169
286
697
505
993
846
788
973
712
792
877
705
384
488
975
486
370
481
938
625
513
707
167
648
970
0
180
208
704
814
519
992
372
202
192
729
908
303
685
518
168
45
611
939
3
343
771
201
649
664
679
487
971
760
629
270
426
207
661
787
627
680
434
793
847
848
743
686
725
555
406
784
586
660
696
556
619
1006
4
597
711
974
761
489
593
468
438
469
585
365
364
817
753
495
398
622
239
653
272
402
271
371
728
815
786
405
363
618
816
785
617
691
756
722
458
663
437
427
599
656
395
240
662
435
692
755
631
528
654
724
404
490
754
436
396
494
403
397
429
630
526
598
527
723
624
461
591
655
560
428
559
523
459
525
592
623
524
493
460
491
492
