629
243
3
126
131
702
540
262
123
275
583
686
208
598
553
273
162
409
89
507
354
414
426
311
404
528
552
545
468
510
143
213
333
160
779
437
650
541
596
173
326
589
381
478
499
565
619
581
209
353
305
127
284
607
118
523
58
517
119
136
564
649
516
344
159
547
225
101
364
183
600
109
495
470
760
138
107
497
543
13
574
182
190
408
441
410
184
635
599
443
212
117
40
337
722
312
595
393
753
479
469
563
601
161
570
185
355
191
376
201
316
128
723
362
158
482
568
122
509
546
61
613
43
106
365
611
498
195
69
110
529
571
669
12
637
566
592
580
538
537
445
602
113
567
614
698
569
100
62
63
251
60
508
169
556
724
726
36
618
557
35
34
420
674
421
572
102
451
95
51
87
41
99
77
648
166
103
473
108
591
610
70
416
98
105
536
505
192
392
45
444
477
761
64
50
223
590
646
91
193
472
68
449
88
93
90
647
49
65
79
96
76
48
66
197
78
642
75
224
94
97
422
37
450
675
47
104
334
92
71
306
74
670
38
73
72
46
67
