434
395
363
529
561
530
364
562
498
465
399
367
396
433
394
466
497
366
626
365
593
594
659
400
398
362
373
427
658
403
333
397
332
560
528
372
405
467
625
661
331
819
406
660
334
404
402
435
716
432
714
437
341
340
1001
499
715
374
749
888
531
468
781
315
368
335
436
841
818
748
428
500
189
426
342
850
684
746
726
1013
536
816
820
301
504
796
847
330
782
469
694
814
808
807
283
703
851
253
859
329
431
999
221
302
682
920
935
840
683
662
693
501
472
788
307
401
865
16
795
747
1006
764
347
828
874
713
809
848
438
190
735
300
817
709
974
1005
563
80
889
879
306
1014
763
849
304
784
508
750
627
346
390
540
361
581
248
910
613
846
895
813
299
758
892
1016
1009
977
1004
1010
878
922
464
942
780
48
913
882
639
742
252
49
303
1015
81
797
17
259
842
375
389
779
717
891
1011
35
496
903
422
31
776
232
473
533
875
235
934
671
945
476
573
845
266
309
122
440
98
969
407
799
575
914
298
316
113
15
260
357
614
572
282
844
881
308
152
58
710
860
204
783
47
272
228
507
532
869
177
737
95
768
580
74
896
810
789
911
233
75
527
902
919
247
236
706
29
979
606
568
646
421
429
640
379
704
183
926
90
57
678
880
279
870
88
744
63
65
270
273
384
386
775
455
269
582
385
104
759
890
1012
705
798
897
284
210
520
1003
215
321
943
92
441
946
73
201
354
139
112
227
153
267
657
216
741
27
103
258
234
311
604
452
124
542
230
858
197
736
222
30
731
356
314
883
352
839
242
261
205
220
475
93
274
868
745
938
907
615
217
2
158
393
998
297
99
641
973
777
978
767
18
350
951
328
866
97
516
727
280
612
209
358
171
64
448
271
157
730
146
674
700
1022
96
292
291
416
251
191
240
823
119
127
223
929
66
237
196
740
829
100
899
760
672
37
812
89
976
644
343
918
511
834
418
444
762
106
134
164
699
962
610
148
275
873
46
310
194
960
200
952
322
145
898
912
420
149
583
206
355
141
262
38
1023
708
864
28
854
125
445
59
118
1
800
921
36
815
67
131
925
34
388
290
353
68
510
633
751
551
692
832
901
702
852
811
6
87
698
477
541
792
105
732
548
1000
997
454
928
668
126
752
643
144
549
137
970
801
182
391
56
287
676
121
778
677
324
130
576
961
170
91
102
1020
62
992
26
123
32
877
325
931
765
608
930
827
44
70
1021
439
509
578
317
843
94
673
107
519
924
199
419
423
241
965
411
294
645
944
857
947
263
185
159
318
69
184
821
229
607
539
738
60
5
198
908
707
734
55
264
336
447
824
446
642
129
804
208
417
647
853
116
143
140
479
544
339
76
79
915
250
894
150
319
505
867
128
202
268
136
975
679
165
132
147
176
933
766
939
115
243
71
994
3
412
101
769
408
991
980
138
772
450
953
203
484
577
802
257
42
611
61
84
50
941
545
154
231
9
41
163
486
33
571
861
993
695
166
900
453
169
151
39
293
289
187
239
276
923
108
517
893
537
133
114
984
265
207
481
278
238
954
1002
296
320
950
142
574
830
443
579
219
512
188
120
675
609
981
711
996
958
987
932
246
72
109
739
78
712
605
793
135
8
546
249
904
906
156
387
86
218
155
1019
982
638
836
485
667
701
831
226
162
876
430
45
83
887
451
470
963
351
743
637
514
791
211
85
186
225
77
480
547
323
4
513
442
569
288
281
383
543
360
773
685
82
518
603
256
483
862
277
195
111
25
54
167
988
326
972
835
40
837
822
7
214
449
478
538
14
803
826
172
178
19
0
474
761
173
927
380
666
515
967
160
181
487
285
180
110
168
295
884
957
937
192
955
885
117
254
413
409
482
20
550
696
1007
1017
959
774
193
244
305
794
161
376
53
872
488
833
602
729
636
790
634
940
806
392
21
856
43
770
909
855
728
415
52
24
917
733
983
410
23
245
506
377
971
697
680
600
414
669
990
838
771
359
916
863
989
552
381
681
502
51
255
175
995
459
348
349
720
286
905
10
179
632
964
570
471
382
986
886
534
378
174
805
956
635
1008
689
690
665
456
327
460
224
12
212
757
503
871
629
424
664
1018
213
725
22
949
630
948
966
936
670
337
11
616
313
13
601
628
719
968
338
688
344
825
785
535
371
718
691
345
652
312
663
584
787
648
653
495
567
592
985
753
566
425
494
724
595
463
565
461
756
621
631
786
521
526
369
721
553
599
370
686
656
687
598
649
559
458
624
723
462
597
590
564
754
654
722
489
755
558
622
493
655
651
457
589
650
596
490
585
617
522
491
492
591
620
623
618
554
557
523
525
586
619
588
524
555
587
556
