281
366
849
818
495
728
569
1018
311
562
520
22
537
616
176
280
985
94
92
785
788
977
156
783
727
145
62
756
240
663
601
87
848
368
1019
568
114
210
617
310
816
399
600
665
191
151
50
304
343
752
336
757
409
719
817
632
758
408
249
552
494
755
503
345
664
278
528
119
584
209
787
155
337
502
559
377
696
312
789
688
620
724
786
689
29
753
720
61
692
150
208
367
344
631
690
754
376
691
585
93
723
489
526
597
630
553
527
599
535
533
721
567
521
461
534
722
558
586
598
595
565
458
531
596
566
493
459
525
588
460
532
589
587
563
554
490
564
557
522
492
524
555
491
556
523
