116
144
68
64
76
145
70
117
118
72
172
174
418
304
506
377
163
96
224
416
508
452
562
69
470
80
71
98
104
92
226
474
362
77
146
100
209
320
424
162
349
481
590
376
507
82
170
453
66
564
425
427
190
14
426
480
576
94
563
173
282
701
321
99
24
305
396
200
119
700
444
591
454
584
315
316
599
657
147
65
759
352
688
75
680
518
179
556
419
175
557
611
400
494
526
656
73
105
758
692
496
574
74
341
97
338
495
0
565
530
522
658
337
673
456
535
528
714
757
684
624
763
659
615
101
428
283
95
715
553
765
672
618
598
761
198
578
497
350
716
317
62
529
572
208
493
176
621
417
378
686
379
56
520
558
545
687
383
319
690
756
683
719
171
691
711
666
610
724
468
236
546
577
571
667
259
429
445
718
228
521
510
186
399
339
356
401
205
213
502
703
606
314
660
604
471
663
149
665
491
384
592
430
436
661
602
504
201
351
313
239
398
285
8
440
472
566
446
382
638
6
534
207
15
309
769
473
103
662
288
466
83
492
717
531
231
63
467
397
298
525
437
204
543
178
664
538
284
234
469
764
431
81
348
227
702
552
67
482
287
323
771
509
366
340
710
573
723
693
625
649
725
318
685
289
648
653
7
353
394
539
237
441
544
233
760
575
292
720
26
322
500
27
752
475
639
501
634
291
633
682
519
102
365
547
238
652
635
605
235
308
280
607
689
212
294
254
600
202
490
731
370
603
523
587
568
225
148
646
532
364
329
767
754
177
777
206
536
256
681
721
601
750
651
593
596
345
623
438
311
609
265
150
779
722
293
697
439
749
559
729
654
650
411
511
503
669
343
122
655
326
737
614
643
579
385
258
264
413
328
409
443
386
619
203
281
548
327
263
671
342
632
325
465
751
549
698
373
108
410
569
270
210
455
748
616
408
114
299
262
778
395
371
295
93
297
412
372
355
608
498
670
505
374
390
257
517
542
310
354
782
733
392
780
229
269
380
533
773
232
463
260
620
369
181
597
402
375
696
447
135
741
712
581
747
637
695
5
626
459
271
368
476
363
550
627
393
668
540
512
261
464
268
524
367
617
699
675
755
90
296
647
641
222
644
458
775
230
477
407
753
448
442
728
189
312
483
745
783
336
622
707
527
252
420
301
415
381
560
585
631
449
726
151
192
768
561
403
214
211
713
484
422
457
199
241
130
736
735
513
247
537
541
57
588
421
674
515
781
629
730
300
344
286
478
570
185
776
479
16
290
762
567
583
405
739
589
551
645
223
435
21
628
59
91
324
266
642
240
302
28
451
582
10
461
244
708
158
347
243
706
423
727
330
450
195
746
332
743
630
245
357
183
489
387
131
58
732
194
272
25
12
346
434
774
255
191
168
18
303
485
242
19
580
770
11
486
115
182
705
123
766
187
487
740
709
516
404
636
217
273
159
142
462
52
4
406
169
640
499
184
188
432
112
391
253
42
488
433
125
2
88
60
17
594
694
156
109
78
1
215
514
216
744
218
275
586
23
44
155
196
61
129
154
