523
491
522
492
555
691
367
399
690
460
588
524
556
692
502
490
534
459
689
754
554
368
400
723
566
721
589
722
660
565
688
720
503
598
366
687
471
755
659
336
753
587
533
620
335
719
752
337
786
785
376
272
756
304
470
599
1
241
621
661
305
439
787
724
656
273
567
535
658
501
757
693
662
344
458
408
630
597
521
788
564
751
240
631
657
303
306
784
369
381
334
271
489
818
409
377
0
242
398
750
632
2
4
512
385
725
917
209
282
345
553
64
480
29
817
586
960
718
359
783
239
451
977
46
387
600
664
281
413
886
972
313
918
78
803
208
302
432
182
992
440
896
109
414
835
295
609
949
730
294
515
789
392
696
925
97
601
210
819
635
380
520
30
909
420
941
419
457
930
514
94
418
993
771
249
493
274
170
608
450
703
19
603
989
483
986
816
761
207
358
482
388
584
885
192
585
150
834
572
412
312
1000
349
1018
916
142
391
576
68
765
327
895
110
782
317
77
111
21
610
940
93
288
226
45
360
552
328
939
961
987
907
884
749
258
62
910
37
971
950
326
22
557
702
146
899
415
770
5
263
149
583
92
28
877
382
815
113
386
36
3
100
1019
887
762
51
183
256
448
867
424
75
639
908
124
10
666
120
893
296
449
862
14
23
488
338
270
173
985
238
215
614
958
286
866
793
990
951
50
175
743
60
176
602
1017
928
936
711
227
9
849
963
105
931
744
745
82
151
481
742
905
825
665
615
285
47
855
729
667
357
919
289
668
734
125
61
926
546
224
32
577
726
73
44
152
733
927
350
80
184
551
13
181
74
982
915
604
18
921
12
906
428
830
348
141
538
145
876
920
695
106
76
897
69
297
712
636
779
79
890
924
456
200
259
118
894
669
43
155
547
698
686
966
680
223
717
616
741
53
671
948
383
670
842
613
798
740
55
171
132
970
814
957
580
352
254
206
87
612
114
663
27
153
813
265
452
54
516
629
953
148
269
126
801
389
213
637
758
361
11
891
81
582
708
201
709
84
290
255
571
937
878
172
955
198
707
959
932
844
511
195
121
196
250
154
540
257
777
700
675
647
780
799
356
102
904
180
72
954
156
864
56
981
935
417
832
101
781
570
1021
548
873
199
143
41
133
20
617
421
892
112
766
225
790
177
169
550
216
645
194
578
549
810
119
994
748
697
998
390
187
701
677
1022
147
49
174
59
88
776
947
508
581
644
969
104
191
354
812
532
903
846
731
805
107
134
845
775
794
767
868
479
988
228
245
976
872
809
870
86
330
99
478
128
1009
900
634
848
7
190
42
826
325
648
266
861
699
168
869
778
804
944
135
833
393
214
611
736
108
384
841
646
811
24
8
806
140
407
965
674
605
519
735
1013
945
197
822
83
444
999
956
1008
860
217
71
253
678
423
379
640
329
808
262
416
607
710
898
26
933
264
178
996
694
422
797
52
486
188
267
676
311
952
579
938
1023
38
509
70
85
144
764
299
901
541
874
865
728
165
355
123
57
843
739
923
934
222
268
484
164
25
301
58
1020
322
318
248
103
298
795
117
827
300
39
237
234
131
280
89
800
837
410
713
839
854
186
568
859
840
513
747
968
166
983
638
772
115
517
573
763
838
116
847
202
185
40
643
732
902
773
967
544
679
871
136
796
807
824
91
991
232
889
351
314
836
487
321
293
205
973
277
138
962
858
1001
828
122
287
774
219
883
6
875
853
510
641
738
179
485
425
888
942
218
829
880
542
453
964
995
454
746
333
260
997
518
167
929
233
879
292
203
353
831
1014
619
139
33
362
229
792
291
863
130
230
642
477
943
975
922
823
323
261
331
447
455
984
343
324
606
852
235
681
913
857
67
90
856
35
569
95
769
768
221
633
236
307
821
137
204
163
284
159
339
1016
539
211
231
347
476
243
438
378
158
427
332
279
244
649
575
15
543
157
978
912
246
189
160
315
596
1002
320
212
618
316
247
441
628
974
34
881
472
672
319
96
65
759
127
445
1006
706
16
278
727
760
370
655
820
411
446
17
574
220
63
48
443
66
1003
802
911
791
442
283
98
507
980
474
310
946
252
346
193
500
469
685
1007
1015
31
363
737
375
394
545
704
276
716
275
504
715
251
162
1010
882
1012
705
714
129
653
537
426
850
431
536
652
914
1005
1004
851
461
401
473
505
365
673
506
475
684
371
682
1011
435
308
979
395
436
364
650
309
161
683
434
468
403
525
467
595
406
404
499
433
627
563
651
531
592
