184
382
718
6
345
546
168
551
14
715
412
174
713
504
176
399
18
385
282
466
414
269
177
240
680
612
325
710
287
233
262
488
717
390
205
134
288
486
415
196
453
183
406
438
309
204
527
44
411
631
247
175
475
353
391
714
490
564
15
429
286
331
448
211
416
326
516
318
492
716
221
378
430
428
502
513
272
742
270
628
439
297
327
202
313
317
248
258
350
410
315
425
528
232
403
666
643
423
367
437
388
574
397
271
511
480
136
198
418
778
302
316
602
59
668
434
493
314
454
395
301
512
471
733
501
338
752
445
303
339
424
106
375
285
515
398
340
383
148
360
456
298
694
402
135
220
369
417
462
510
776
386
514
355
341
562
299
446
465
614
482
452
509
328
483
484
774
485
356
257
751
537
565
137
500
387
39
481
357
455
40
734
359
330
300
503
329
165
561
419
358
533
368
