-0.09299159
0.009218216
0.1073215
0.41276526
-0.16237569
0.13661313
0.14969707
-0.2599945
0.103319645
0.09158921
0.099328995
0.09937525
1.0138304
0.8174081
-0.41251445
-0.46216178
-0.10223985
-0.02002883
-0.056590796
0.03759694
-0.0014259815
0.0056636333
-0.3132739
0.05964279
-0.31080723
0.10879111
-0.24693608
0.10772276
-0.031566143
-0.1373651
0.23495865
-0.29548025
0.1645472
0.298486
1.1952426
1.2739046
1.2878082
1.9037739
2.262563
1.4313922
1.8630161
1.9875344
0.6084254
0.8331523
0.53629804
1.5093621
2.7708862
1.9633139
1.6508173
1.6642358
1.565287
0.7942703
0.10576534
0.019959927
-0.00034046173
-0.120957375
-0.06082201
0.049318075
0.5161779
0.18913817
0.740921
0.48171568
1.0907445
1.5303336
1.3024998
1.5101582
1.6349225
2.5834773
1.3819118
0.92029905
0.8671708
1.8739603
2.163224
1.8705173
1.9874768
1.5101277
1.3007898
1.2585382
2.0132875
1.7101735
-0.034962654
-0.14090896
0.11395311
-0.21528769
-0.09463692
0.15457225
0.36243057
1.0139468
1.9481556
0.18712997
1.1922743
1.1157634
1.7507919
1.6239982
1.6011821
0.8742182
1.5503848
1.6969464
1.0900955
1.0378053
0.7014315
0.4219942
0.78040504
0.91933227
1.8777572
1.5199816
1.191833
1.085993
0.9888916
0.7323992
0.8624184
-0.1488254
-0.051614523
0.6581638
0.016262054
0.4881034
-0.37347507
0.3136499
0.28675318
0.16124845
-0.09383321
0.26867342
0.62788224
0.44484925
0.26450467
0.06291747
0.46302843
0.5126233
0.47322798
0.21344352
0.13222265
0.14012074
-0.6176655
0.60074115
0.020934343
0.71560955
1.2223871
0.5864787
1.1541653
0.35304642
0.18620872
-0.10132623
0.4073155
0.60379577
-1.257498
-0.21506143
-0.44667006
-0.22556853
-0.5492637
0.11813569
0.3511021
-0.42924833
-0.21114206
0.16146445
0.24879456
0.19340515
0.6568544
0.47328854
0.48208904
0.31503248
0.32957196
0.5996971
0.3944118
0.099522114
0.06755495
-0.08034158
1.1271734
0.49813938
0.23388863
0.9390378
-0.24262929
-0.6386769
-0.48263764
0.5596471
-0.37669158
-0.32678246
-0.17393374
-0.24457598
0.0005567074
0.2010529
0.21352935
0.3088236
0.17187476
0.03762865
-0.2053237
-0.0021617413
-0.101487875
0.068589926
-0.025500536
-0.16481471
0.63293076
0.80622363
1.3231726
1.5373356
0.1005919
0.46013403
-0.19970632
1.8327109
-0.8433001
-0.53536606
-0.84964347
0.4889698
-0.41339207
0.21110702
0.09516287
-0.09868264
-0.120007515
-0.019877195
0.112338066
0.3132522
0.09038806
0.36162972
0.2514825
-0.014241695
0.28160977
0.22402573
0.058141947
0.2160232
0.310153
0.6769624
0.6385052
0.22326517
0.10020232
1.1219645
1.633832
0.782141
-0.91945577
-0.06267214
-0.38481522
-0.0073070526
-0.0616529
0.024166346
0.15204048
0.14968061
0.054337263
-0.0071442127
0.021107197
0.10259771
0.050812006
0.032289505
0.086069345
0.05145645
-0.13742447
0.3849585
0.3156352
0.015014887
0.21528244
1.2713239
1.2298524
0.26075292
0.5625169
1.1513009
0.4427209
0.13292384
-0.92732286
-0.78764486
0.41803074
-0.52324843
-0.029973269
0.14353037
-0.16923285
0.022783995
-0.060431957
0.28974986
0.22075081
0.031241179
0.24632335
-0.06336188
0.010769129
0.23626018
-0.037729263
0.006999731
0.13417959
0.5689144
0.3844614
0.8233943
1.7810394
1.5715537
0.7951033
-0.15326071
0.20997477
1.005203
-0.84349465
-0.38593483
0.9179771
0.32153964
0.006921768
-0.29623175
-0.46196508
0.22762299
0.4244604
0.31784654
0.17023134
0.7192888
0.3823743
-0.32408476
-0.29928327
-0.029536009
-0.19757462
-0.66345286
-0.115214825
-0.04732585
0.03842759
0.2742908
1.4009297
1.2280588
2.6167054
0.27172208
-0.45093536
1.0137513
-0.16498017
0.4880402
1.0496848
0.52936697
-0.05017972
0.20917487
0.18073273
0.12083578
-0.04526663
-0.14719844
-0.3299966
-0.03126526
-0.2778337
-0.5874212
-0.56184864
-0.60638404
-0.4257462
-0.5188744
-1.0959523
-0.79647326
-1.1307123
-0.06512332
0.21407175
0.6646154
3.2066143
0.7267387
-0.4810722
0.6306236
-0.6611626
0.14691949
0.08952832
0.051813364
0.27073097
0.62577534
-0.00650239
-0.22661948
0.111971855
0.19601107
0.35138917
0.17644954
-0.13975382
-0.68374443
-0.47432876
-0.47015214
-0.4727614
-0.5625484
-0.23236918
-0.2864337
-1.0948231
-0.6712129
-1.4458668
-0.6162708
1.3872728
-0.0022199154
0.62963843
0.51130843
-0.1922555
0.38715172
-1.0128357
-0.022455692
0.748425
0.48141813
-0.006450653
-0.02588296
-0.04367423
0.1856749
0.40201688
-0.17984128
-0.34719062
-0.56596804
-0.69468856
-0.5980313
-0.0977273
-0.2742641
-0.3672521
-0.3225639
0.23588681
0.094762325
-0.6065624
-0.4662087
-0.25929284
0.028150558
1.409802
0.48962235
1.1886594
0.18216443
-0.38605
0.0723269
0.09510565
0.3804233
0.2580626
-0.0205729
0.042598486
-0.13247657
0.04878068
-0.047878027
0.069553375
0.35521746
0.46382618
0.42220235
0.4740622
-0.061089993
-0.1240046
0.1759963
0.21639657
0.27095032
1.1786451
-0.88384604
-1.7776015
-0.8815701
1.4754977
1.0526948
1.7381009
0.07009196
-0.12345028
-0.2551155
0.20925188
-0.12435961
-0.008113861
0.15801954
0.26864743
0.054968834
-0.06392622
0.09632778
0.29169917
0.8258712
0.36193585
0.6849587
0.0676806
0.21590257
0.09497762
0.22081852
-0.32969975
0.57997227
1.0970299
0.36056828
-1.7911968
-0.43737817
-0.8237865
1.8779007
1.6303821
0.79469895
0.040420055
0.38398457
0.04845214
0.054365873
-0.08574128
-0.004551649
0.044044733
0.024125576
0.14494371
0.04326749
0.095864296
-0.19747782
-0.384259
-0.3998344
-0.286978
-0.0054559708
-0.20840383
0.093524456
0.10591245
-0.045913935
1.1327679
0.727546
-0.5868919
-0.6541822
0.07386112
1.6943529
0.00791955
1.0185685
0.13089752
0.53476286
0.57113814
0.121072054
0.41574597
0.38001585
0.7370393
0.5015063
0.20495462
-0.074199915
-0.052923203
-0.42117286
0.004139185
-0.07034397
0.25870252
-0.21173906
-0.024784803
-0.012580395
0.43586135
0.19139838
-0.24410033
-0.69547296
-0.4932251
-0.20784044
-0.024901152
1.4550674
-0.6735766
0.15458107
0.65163016
0.294693
0.38721228
-0.028718233
0.78473663
1.0624721
0.78981566
0.9418204
0.7052636
0.54333305
-0.09635162
-0.0064663887
0.17401743
0.17174411
-0.008968353
-0.026268005
0.016260147
0.036957026
0.25486064
0.033936024
0.24118972
0.6581192
-0.8184464
-0.09599948
0.41136527
0.8385258
0.16069293
-0.07006574
0.85148406
0.37946224
0.8646133
0.20283628
0.59976435
0.49448276
0.14924407
0.462826
0.75023174
0.4656632
0.41374254
0.2587905
0.37643552
0.48556304
0.086876154
0.20828605
-0.21806502
-0.058525562
-0.071421385
0.23197603
0.9226196
1.1814282
-0.7405703
-0.54457426
0.040291786
-0.24306655
-0.47078633
0.17748809
0.057820797
0.3112011
0.6996062
0.79118943
0.69319725
0.71150947
0.5147431
0.45721436
1.0876186
0.59459925
0.5283475
0.46738505
0.020951748
0.49112058
0.010650396
-0.06487489
-0.38546753
0.15978932
0.37935543
0.562675
-0.20541644
1.3040738
-0.4981761
0.5150118
0.08689308
0.19019365
1.2058942
0.83503366
0.5475805
0.43004036
0.28192425
0.7419617
0.34714365
0.19094992
0.39210415
0.47968006
0.41167498
0.3363471
0.91208506
0.8054321
0.29539037
0.7095692
-0.23395658
-0.21010303
-0.25807786
0.18098283
1.1041546
0.51960206
0.15045285
1.2635581
0.53814936
0.034353495
0.03240609
0.10298467
0.6184437
0.027709484
0.001866579
0.47263885
0.29618144
0.15833831
-0.024017572
0.25587106
-0.020791054
0.16700435
0.3417554
0.36697173
0.39777112
0.7911134
0.37870932
0.60501194
-0.24832535
-0.31682706
-0.05228901
0.5771389
0.6525607
0.6475506
0.39022946
1.1569276
2.3679447
0.019508123
0.018038511
0.16747808
1.1049607
1.1942067
0.7089937
0.5441103
0.60545087
-0.33373857
0.02423048
0.33446336
0.26694846
0.24256802
0.3828616
0.14838123
0.074097395
0.38281965
0.33107448
0.27287412
-0.04125929
-0.16053224
-0.051721334
-0.013006687
0.72437286
-0.19061136
0.21781754
1.0026891
2.4748354
0.1697979
-0.042132854
-0.22665453
1.1776879
2.1634636
0.044567823
-0.6621964
-0.039072275
-0.18274283
-0.25951648
0.31850076
-0.04675269
0.003168106
0.3379829
0.21305943
0.5458956
0.36785436
0.31226945
0.38552046
-0.15849853
-0.30800295
-0.12045622
-0.057324648
0.1391325
-0.79933524
1.0760541
-0.8155463
0.65468526
0.21380115
-0.16160083
0.24299383
-0.025144577
1.29896
0.3493359
-1.5662363
-0.63350844
-0.43221593
-0.45111132
0.14570355
-0.022137403
-0.064236164
0.24050212
0.13663673
-0.43553758
0.25265145
0.3378868
0.33740568
-0.030487776
-0.33942747
0.061026096
0.31451464
1.5916808
1.4484816
1.8580165
-0.053341627
0.60344243
0.053134203
-0.033242702
0.08149171
-0.07454324
-0.8499148
-0.53126144
-1.326504
-1.4923625
-0.83409023
-0.9376304
-1.0098302
-0.80512977
0.038235664
-0.6306188
-0.2034545
-1.2012322
-0.2557385
-0.39357448
-0.9029882
-0.5093081
0.461478
-0.09713316
-0.10964084
0.812572
-0.6781008
-0.31650734
0.6378274
0.05440402
0.104822636
-0.06217432
-0.0799067
0.1588304
-0.08981347
0.73865867
1.6109384
0.61101294
0.40994668
0.9430337
0.5234511
-0.030836582
-0.27801418
-0.37124538
1.2687254
-0.7820718
-1.0497224
-0.5164721
0.61693215
-0.2494669
0.30950332
-0.16205311
0.16966581
0.18381548
0.30074167
0.31924748
0.025482655
0.06267238
0.052054882
