446
418
705
734
360
733
144
742
330
328
358
771
368
737
736
254
226
745
417
419
731
200
282
198
735
448
530
697
738
695
329
255
770
558
501
380
351
751
506
359
299
677
338
475
171
706
740
132
361
388
325
381
323
474
379
355
324
148
559
199
732
257
327
772
746
586
502
172
336
352
354
562
353
389
15
288
708
308
146
447
714
707
151
326
491
202
14
465
744
396
283
580
228
464
174
116
768
384
378
719
651
320
442
175
295
385
635
752
22
24
691
296
287
31
466
357
767
322
383
7
680
390
608
743
425
774
634
26
177
500
561
170
606
356
673
345
147
552
83
145
495
152
607
468
503
584
184
741
196
298
463
366
667
679
377
176
260
310
189
4
776
700
663
690
279
111
319
81
350
242
29
403
427
412
424
55
692
206
300
749
16
186
141
205
382
748
518
531
84
120
0
759
456
165
757
730
489
554
493
535
331
579
711
432
267
227
756
230
411
56
262
553
693
18
725
490
636
664
112
314
405
301
682
471
318
374
672
662
678
270
80
728
28
321
766
718
258
297
511
523
373
188
702
504
496
624
369
710
626
401
17
207
213
665
497
522
428
229
235
344
519
372
467
457
363
185
20
54
178
620
683
492
21
286
271
478
1
578
268
245
524
114
644
643
53
134
576
236
261
459
231
652
781
619
391
265
239
616
527
615
525
19
183
739
302
560
452
402
461
458
676
454
404
57
238
241
341
783
727
234
455
754
431
564
216
23
720
782
125
164
438
187
406
423
397
476
658
729
240
550
588
340
210
9
469
387
440
398
204
462
433
10
11
163
222
194
237
617
8
755
52
470
2
27
25
346
208
82
149
317
483
480
130
253
272
5
713
694
657
542
6
612
507
623
292
89
59
539
488
280
332
439
264
555
528
266
307
622
775
285
139
86
485
294
640
142
763
252
545
621
115
541
487
313
517
250
143
762
529
516
473
486
544
225
514
515
513
66
