345
373
676
265
266
222
618
232
675
259
362
506
233
451
377
258
260
736
562
677
499
560
317
566
707
390
267
471
229
257
165
527
378
646
502
595
418
282
740
526
474
557
774
361
351
650
553
525
773
284
350
529
739
768
449
228
760
620
554
701
498
306
671
746
169
594
497
231
772
615
4
698
580
742
653
558
82
648
758
205
561
323
592
334
25
782
745
47
717
279
294
585
470
224
613
621
271
353
203
204
765
706
460
339
272
581
68
669
696
270
184
354
287
749
469
450
564
286
230
582
565
477
552
528
555
623
588
583
379
441
459
352
508
185
524
58
622
579
381
536
296
324
285
500
269
678
53
533
268
716
382
761
718
380
505
298
472
202
715
299
690
563
503
535
688
300
297
649
256
367
295
250
750
201
395
410
776
93
325
326
308
530
391
338
492
556
416
383
647
781
131
755
355
116
693
26
384
30
700
393
778
171
619
759
689
702
642
730
743
726
84
444
33
24
392
164
114
754
55
87
283
458
327
448
104
394
724
173
674
491
419
310
738
65
478
5
764
473
31
336
411
614
34
41
63
8
488
501
586
103
117
102
144
489
49
480
101
64
79
255
312
