418
198
390
530
446
558
502
253
389
199
226
338
506
419
361
705
254
282
114
228
366
330
171
503
448
475
281
170
200
417
474
81
531
145
775
307
504
559
257
295
363
279
677
310
447
328
144
586
174
533
358
308
391
311
329
442
697
771
773
146
779
411
202
769
676
778
388
256
777
733
437
734
336
776
752
252
410
255
335
770
280
394
362
766
652
751
678
735
525
736
80
464
368
285
132
267
737
774
452
772
231
654
440
653
412
177
115
173
745
480
681
283
501
172
117
301
268
322
465
258
176
229
572
599
227
300
340
597
175
439
327
26
210
148
468
627
409
466
323
562
225
570
232
266
134
86
355
750
302
360
706
143
15
438
222
534
201
259
598
535
309
625
203
454
541
230
4
339
194
483
183
682
519
215
512
469
507
698
571
760
55
261
341
500
24
118
726
382
651
742
294
478
313
406
337
700
749
137
185
673
415
707
588
243
214
693
462
456
467
196
385
131
470
147
414
424
434
83
712
186
296
728
395
738
31
16
211
747
455
272
431
744
116
560
484
482
7
518
182
109
184
746
286
212
626
178
29
493
709
17
319
331
714
430
111
25
514
53
84
11
359
187
498
367
207
485
101
758
765
496
262
264
551
743
396
457
14
624
781
317
497
246
491
711
492
522
563
383
316
754
237
384
718
479
461
759
22
511
10
425
521
216
524
441
748
436
710
730
672
350
189
240
393
287
589
208
704
141
179
204
614
443
18
679
542
621
20
351
725
56
460
180
6
9
233
671
181
481
344
413
239
378
318
680
140
526
495
782
463
617
273
756
509
206
238
21
120
32
600
546
453
476
757
655
421
486
423
488
683
19
30
263
532
523
755
403
236
729
761
293
574
245
241
539
27
762
354
616
234
168
515
28
136
260
404
112
244
505
274
320
543
343
0
540
644
169
82
265
701
458
321
142
235
149
544
85
1
379
356
125
615
213
477
5
708
357
100
527
696
767
520
433
640
52
623
547
604
643
727
513
721
369
387
133
370
315
2
397
290
288
314
59
342
103
135
289
386
291
292
612
427
587
763
703
332
66
