334
251
277
250
648
138
745
746
339
590
137
367
360
333
165
688
255
674
562
332
121
311
646
647
719
278
282
254
97
102
122
675
123
166
107
389
60
200
315
649
563
580
124
614
511
605
284
312
710
306
115
152
227
486
193
105
178
136
716
128
447
623
652
67
283
475
484
151
223
204
717
581
660
129
659
201
231
224
684
179
633
256
134
106
226
747
120
512
74
349
50
142
228
450
620
119
686
687
340
101
48
473
622
666
627
197
667
611
631
341
147
594
322
505
276
321
715
589
485
92
409
398
44
373
685
366
712
51
740
751
682
403
629
169
539
49
160
89
309
157
156
683
654
177
206
518
221
657
661
664
35
739
546
100
388
176
146
260
381
161
408
662
642
439
391
783
713
491
225
444
343
628
159
665
288
632
350
582
272
359
126
13
658
27
653
478
651
286
372
544
410
451
474
634
41
47
583
36
463
655
90
603
744
34
689
625
131
164
362
98
338
579
607
248
472
144
742
549
466
663
741
353
153
379
720
104
213
370
59
40
195
355
313
752
449
300
219
382
435
506
779
368
127
545
264
294
638
220
639
718
624
143
249
778
326
442
690
88
477
205
216
691
310
635
749
8
99
5
750
30
780
560
587
87
299
23
191
701
699
308
755
293
31
345
668
133
54
11
736
440
82
173
22
58
192
700
281
714
467
287
342
325
253
371
280
21
774
758
6
26
680
756
556
392
781
222
196
775
351
402
25
53
480
316
369
727
588
711
577
776
533
2
773
767
421
692
352
753
422
323
768
630
217
56
304
771
1
748
61
561
139
24
476
57
62
170
770
499
568
397
496
