304
306
332
333
277
276
305
362
248
334
136
722
220
221
694
192
723
249
164
307
250
582
165
194
267
138
335
717
193
456
416
686
246
266
137
274
275
716
674
648
640
740
130
610
634
630
506
638
712
714
244
642
676
695
632
710
713
684
636
342
278
611
750
247
682
134
239
711
718
104
715
704
720
105
649
628
653
455
692
414
609
719
655
106
680
190
396
652
744
608
238
107
161
721
162
72
251
689
654
748
222
709
218
681
687
245
685
708
368
163
272
369
219
151
135
392
279
230
166
160
660
131
675
102
74
191
705
691
631
195
128
702
273
224
670
683
768
103
658
343
693
633
688
78
415
439
677
133
129
742
340
341
661
179
739
139
177
370
743
75
738
2
741
76
8
79
58
659
616
394
237
678
438
77
223
393
643
703
749
730
82
729
168
27
706
371
745
59
344
679
440
302
303
751
769
442
235
504
766
132
11
383
732
707
26
397
754
382
778
767
22
560
671
776
23
167
4
443
10
110
34
196
449
112
770
772
18
747
13
325
339
60
771
448
38
420
476
338
46
777
12
20
779
366
367
352
40
41
746
