696
268
690
315
613
363
620
612
314
390
454
583
207
444
639
666
483
231
322
318
188
668
206
259
211
316
158
591
292
724
482
603
667
296
460
472
500
174
578
156
204
150
346
553
323
205
189
601
184
641
157
577
629
579
319
574
618
602
427
217
405
176
159
548
216
554
185
698
317
656
210
291
627
236
80
258
549
497
635
261
108
492
546
606
234
697
209
433
511
284
534
590
523
499
241
127
126
572
585
100
73
625
243
452
552
605
576
432
453
295
183
519
182
467
600
542
562
457
669
469
604
575
498
624
493
180
373
607
471
288
175
518
646
468
599
404
350
539
208
287
517
540
547
529
551
470
431
289
525
372
203
494
526
240
637
664
621
215
657
580
401
570
181
123
598
619
202
581
260
538
567
522
544
541
584
264
521
512
550
555
556
496
479
466
400
97
233
345
626
595
347
429
597
520
187
513
473
229
731
458
573
617
428
571
212
623
543
336
441
430
101
411
265
480
515
286
484
445
535
594
524
481
125
213
557
242
351
728
109
459
569
699
83
417
99
495
507
563
491
214
96
337
516
290
545
294
285
320
505
398
57
451
122
565
403
377
153
463
622
725
355
270
56
98
647
413
596
281
478
375
225
81
465
561
374
733
154
65
232
662
6
24
566
665
297
169
280
527
269
758
152
155
0
149
69
461
593
399
349
1
312
293
119
148
587
406
173
426
7
15
16
395
407
592
759
501
84
9
450
755
301
5
564
412
753
3
25
63
271
178
437
17
252
14
510
324
537
391
19
650
509
490
67
436
186
409
651
85
44
71
385
124
262
113
111
21
30
673
121
32
61
64
115
36
35
752
354
644
760
588
782
313
410
384
54
308
197
348
55
726
299
321
378
663
422
263
39
45
353
33
434
672
357
486
88
589
309
300
532
477
93
86
761
756
92
94
28
645
586
700
568
253
514
327
435
780
95
68
487
47
66
757
536
376
783
380
364
533
421
48
52
701
29
781
114
50
171
326
424
773
89
727
31
42
381
37
379
402
87
408
170
365
147
118
49
62
70
140
531
423
419
91
43
120
775
485
765
51
257
330
172
615
146
53
614
462
331
90
201
528
464
141
298
475
488
763
142
774
117
735
143
356
425
283
508
227
737
503
764
198
200
489
762
559
199
328
387
418
447
329
116
256
359
530
558
502
446
311
144
145
255
310
386
282
361
254
734
226
474
228
389
736
388
358
360
