391
474
80
652
538
640
81
302
658
238
208
258
303
189
262
232
483
198
489
584
207
156
440
272
14
720
482
271
15
150
430
427
666
461
323
298
394
367
481
41
340
736
291
44
412
350
270
265
299
285
502
415
572
387
401
714
509
615
438
677
703
741
315
414
748
439
134
494
371
59
680
466
490
510
504
417
257
614
704
717
443
374
452
517
282
292
359
370
328
344
342
710
428
386
731
711
716
151
314
445
713
688
475
339
718
209
471
545
456
737
444
355
395
357
330
721
429
247
455
462
564
668
778
318
148
425
399
612
434
396
501
774
383
375
423
136
643
750
416
329
493
356
537
300
738
740
752
40
647
500
397
503
534
751
694
358
106
39
705
562
369
402
697
465
135
732
398
338
221
419
137
424
220
533
742
248
565
733
165
561
368
734
418
446
