107
46
276
248
48
249
47
277
334
38
193
88
62
304
41
166
63
278
110
35
371
50
723
250
78
642
106
703
40
332
34
39
343
359
37
369
221
36
49
742
116
90
370
220
45
135
342
587
746
318
315
741
87
13
345
347
420
768
357
372
341
745
398
105
738
51
297
251
167
223
422
731
639
445
368
386
165
392
620
75
534
360
60
12
717
194
136
763
667
71
290
732
64
66
317
619
316
331
592
320
774
373
195
77
224
365
691
762
604
690
397
771
346
344
139
772
739
707
42
289
374
582
722
695
555
743
108
499
61
770
296
387
348
725
70
402
737
773
375
767
284
401
541
319
713
303
122
561
384
718
427
69
298
58
394
268
178
177
103
54
500
102
585
72
314
287
764
272
364
423
643
288
429
709
715
716
652
385
523
358
400
246
593
333
299
740
133
160
539
270
662
532
568
647
721
396
27
706
674
112
428
159
91
751
692
735
23
616
121
222
57
239
205
744
719
312
633
607
609
608
655
680
3
665
710
129
306
176
123
569
666
466
579
664
395
416
187
556
699
73
736
21
154
271
52
714
43
457
554
540
313
28
163
727
679
644
622
492
196
780
157
383
496
161
104
188
645
128
207
260
120
393
172
33
281
634
461
761
588
755
594
753
460
522
672
2
305
769
694
567
553
527
328
615
638
783
175
724
138
32
238
688
209
8
119
168
20
236
147
491
603
300
625
543
291
484
632
301
489
230
512
455
575
76
510
584
111
528
323
94
0
413
59
552
473
234
6
92
235
524
9
765
490
275
206
376
495
617
324
326
19
153
240
685
781
179
465
264
756
426
214
325
137
488
493
536
140
720
663
17
97
79
68
578
599
414
542
404
577
476
598
113
526
130
184
340
127
606
548
213
464
5
700
497
82
570
602
181
456
152
636
682
729
686
155
10
683
151
547
687
538
210
131
600
208
266
262
681
624
576
410
572
611
701
24
269
458
635
244
156
218
637
566
550
233
653
339
215
411
443
148
204
403
352
274
754
158
533
1
562
146
601
776
511
337
150
85
760
747
516
399
782
241
583
560
649
7
605
437
354
580
549
329
517
141
190
67
661
471
101
253
757
581
659
327
309
186
227
22
182
83
18
438
336
711
467
84
229
243
485
518
658
494
480
730
132
515
31
758
537
521
4
381
623
551
356
350
759
654
412
252
237
366
255
677
144
308
330
