529
561
497
362
363
593
466
465
530
498
331
433
562
467
394
435
364
434
436
332
341
625
367
528
333
428
626
342
560
330
366
365
468
374
373
658
594
395
340
716
300
400
437
432
334
427
504
301
399
469
536
396
715
661
472
299
309
406
659
499
372
749
308
307
693
531
714
335
361
398
500
501
726
375
694
397
748
329
302
660
781
429
850
426
440
851
368
405
315
819
407
347
684
1006
847
274
402
306
782
269
431
248
682
403
275
473
75
404
346
533
508
746
910
273
816
974
304
683
540
401
1005
272
464
270
232
662
80
808
913
848
820
568
563
303
914
818
879
747
784
750
298
496
215
357
343
849
476
16
846
49
573
814
878
17
841
74
310
809
31
709
865
717
283
911
713
35
379
768
763
242
845
48
81
47
788
1004
216
942
875
882
842
98
389
438
776
613
807
532
104
113
881
282
627
201
742
183
874
977
455
572
122
817
58
1009
321
247
581
844
259
783
189
704
63
112
103
356
945
1010
657
580
795
267
95
452
880
710
606
527
65
441
737
124
888
384
252
27
1001
266
1013
706
88
276
217
810
57
520
139
260
271
896
705
735
314
90
228
236
233
1011
92
385
764
316
780
796
152
386
258
903
883
897
146
869
935
1003
100
640
744
73
870
736
999
200
779
934
197
813
354
516
96
614
240
943
703
352
15
615
507
758
775
946
1014
859
902
29
93
979
731
30
221
422
230
280
390
148
973
678
892
448
745
646
190
551
235
542
153
840
583
204
2
639
929
582
895
920
66
145
134
18
700
868
99
612
1015
505
393
37
519
828
237
922
253
891
866
220
291
799
141
284
97
64
575
1012
699
978
445
760
797
604
227
912
798
919
548
889
388
420
182
730
823
222
672
38
89
125
149
899
762
262
644
194
119
926
962
210
741
1022
674
777
297
106
692
34
938
261
127
171
196
641
234
157
416
740
322
164
969
860
177
671
511
279
852
864
960
268
907
759
1016
854
898
444
951
118
1023
418
67
800
311
633
421
263
251
68
708
976
355
290
918
59
541
241
998
610
834
727
209
158
475
350
815
46
767
144
901
28
131
353
832
510
928
439
102
812
751
477
890
732
924
6
792
328
1
997
87
921
325
829
925
801
170
126
1000
643
702
105
292
752
877
324
423
778
121
811
576
294
843
184
26
137
677
130
123
62
698
250
205
1020
509
223
391
970
44
1021
32
961
56
827
676
668
408
608
206
930
91
858
537
931
69
199
873
264
94
317
980
107
893
673
804
479
992
159
991
839
607
965
738
734
419
894
944
229
578
70
952
645
647
947
36
958
339
549
116
867
789
129
318
185
60
908
447
707
198
933
642
831
55
953
358
446
336
772
417
861
176
984
411
544
115
76
79
287
915
836
1002
923
975
766
138
191
150
5
987
802
165
320
853
904
1019
132
824
574
140
765
450
939
967
163
128
954
863
412
243
937
208
319
454
900
701
830
84
569
679
254
151
941
285
739
71
257
611
981
101
821
9
545
1017
136
862
950
932
906
638
539
281
577
826
484
219
988
143
695
3
994
351
42
769
50
33
543
470
872
982
154
936
14
927
108
711
249
481
61
803
675
955
546
990
773
887
188
147
993
162
288
120
41
968
187
609
486
857
793
733
246
957
605
996
963
83
837
512
383
514
226
218
743
443
517
114
45
231
712
959
86
255
579
478
387
833
835
289
166
806
85
133
72
195
202
667
225
214
876
156
109
871
277
989
25
4
637
956
135
326
856
905
571
256
82
774
178
360
449
323
8
983
238
451
169
207
453
547
296
487
77
805
485
203
155
19
771
838
293
791
518
972
142
265
161
670
295
603
917
482
480
54
211
986
186
286
430
20
442
239
949
160
685
78
822
761
966
1018
985
193
513
413
192
794
884
39
770
669
53
175
117
40
515
415
483
550
948
24
278
167
23
52
43
380
909
666
21
940
349
382
180
680
855
502
964
681
971
359
995
696
885
729
474
181
410
538
305
409
51
459
1007
168
636
173
414
916
172
552
534
600
728
7
327
632
244
174
245
13
790
378
602
634
377
697
720
376
635
488
179
224
471
630
22
503
313
381
111
0
371
12
348
1008
494
392
506
312
345
212
213
886
11
110
10
757
691
825
665
652
570
616
664
535
719
629
337
785
688
628
338
344
718
689
690
653
648
567
601
663
787
526
584
460
725
566
456
463
621
753
592
495
631
595
424
599
756
786
521
565
425
369
553
461
370
598
721
458
462
687
686
656
649
589
624
724
493
564
754
489
558
559
654
590
651
655
755
597
650
622
457
490
596
722
585
522
617
620
723
492
491
557
591
623
525
554
618
523
586
588
619
524
555
587
556
