762
490
394
440
313
259
684
205
217
315
187
169
243
682
234
692
241
206
271
659
230
661
535
134
600
354
678
353
421
463
321
283
683
479
587
246
300
232
270
720
231
571
214
760
605
686
302
274
348
276
301
585
239
486
303
655
350
772
715
312
221
347
543
594
507
189
285
588
351
295
768
180
178
375
622
174
185
286
326
268
680
305
578
213
331
779
306
721
42
240
146
208
687
258
179
186
773
403
716
325
269
714
341
177
452
256
216
711
248
242
212
296
143
534
480
641
764
267
323
713
449
719
136
86
294
194
280
776
505
367
322
710
767
717
255
685
693
109
706
775
777
339
277
249
696
765
640
724
138
368
340
137
197
718
668
448
115
707
778
250
735
676
252
477
222
741
749
748
739
311
736
279
504
366
747
278
733
310
533
712
334
746
750
771
199
709
503
338
361
145
474
743
281
737
752
738
335
363
744
745
81
705
530
708
766
769
114
502
307
742
558
770
253
390
362
446
418
