608
576
580
1000
575
679
776
577
745
849
848
295
836
837
712
262
775
868
565
847
533
1021
562
612
850
808
564
534
594
875
880
561
996
1020
597
579
578
759
395
865
208
529
1023
377
1022
532
566
327
897
811
744
883
609
197
881
394
66
874
250
727
194
396
207
596
844
846
261
817
545
326
877
832
574
629
376
990
195
991
998
530
282
989
818
359
241
696
251
728
448
242
934
993
640
819
98
563
462
502
867
526
628
851
228
409
209
905
790
229
821
914
393
820
900
344
240
870
913
879
494
501
734
807
882
328
408
760
422
239
959
789
611
188
758
186
236
581
32
703
673
296
527
203
876
495
777
65
206
866
593
999
531
360
263
816
177
706
426
445
329
595
392
729
362
219
806
176
558
430
741
294
440
33
1015
662
660
573
800
878
695
791
860
661
170
626
345
528
238
314
582
659
198
925
172
260
343
627
845
391
187
364
665
425
814
815
997
911
598
671
1004
912
444
289
283
175
697
952
643
463
293
497
237
726
178
161
871
227
549
602
129
857
919
211
969
31
204
351
427
218
767
641
496
319
235
243
700
1003
713
516
231
778
48
889
548
119
779
1016
503
945
1005
417
210
217
761
884
852
1011
221
805
375
363
429
804
441
535
173
833
6
64
71
258
1010
165
205
681
650
633
859
902
9
995
746
230
280
315
888
792
202
956
361
702
34
16
910
559
145
615
160
1012
894
80
277
517
49
139
546
57
694
735
842
664
442
397
17
358
196
297
707
191
144
953
37
475
477
79
500
342
120
1013
330
977
869
157
189
539
310
193
649
353
773
112
312
447
199
864
970
647
474
863
544
420
67
547
944
248
605
658
550
253
946
267
634
541
572
278
346
286
992
174
7
570
309
154
973
407
249
858
614
275
70
246
428
747
390
155
979
111
938
13
84
455
107
853
757
892
50
247
793
680
141
89
709
978
316
1009
693
313
540
603
130
135
81
18
123
1001
266
798
725
38
567
974
571
601
380
1014
276
653
388
424
909
212
41
861
470
899
583
213
684
125
24
994
244
831
423
856
630
140
683
507
25
151
538
828
827
95
764
557
923
22
142
12
171
613
639
890
182
607
762
350
23
413
672
56
15
955
472
794
91
53
843
245
610
90
710
63
216
74
590
55
515
58
604
124
799
75
927
584
508
692
143
234
11
274
648
2
1008
153
788
190
943
506
46
543
824
185
478
325
40
298
454
542
473
150
299
106
88
410
646
159
796
44
476
82
122
268
270
110
748
21
663
461
232
682
862
937
156
87
158
85
654
716
105
279
920
893
839
114
42
537
311
45
94
714
922
51
126
39
83
78
317
774
651
318
742
93
43
921
184
829
30
947
895
509
962
10
20
891
954
1006
670
215
103
600
887
498
737
273
76
14
701
625
62
976
504
54
183
73
486
47
220
964
674
302
99
783
147
795
374
518
214
118
19
622
985
841
308
384
287
975
813
321
52
931
163
968
117
412
164
113
854
8
766
739
751
980
300
924
86
823
569
632
915
988
855
108
439
780
1007
554
152
269
521
948
907
984
471
699
252
134
826
1019
787
560
522
453
505
929
331
520
519
765
589
736
719
872
732
717
556
512
669
320
555
281
383
668
389
254
59
421
485
357
378
618
802
965
233
223
711
763
1017
685
356
341
730
638
551
885
347
271
121
901
116
822
487
102
61
109
162
637
553
786
536
307
348
385
617
738
200
743
257
292
705
68
127
167
930
464
731
138
926
77
830
332
591
636
387
29
180
72
181
443
60
838
784
951
201
354
720
686
616
365
416
499
916
525
825
585
386
226
960
510
115
272
942
469
932
552
704
373
192
715
285
27
957
621
983
587
963
936
652
479
986
465
690
749
750
398
301
982
92
691
222
886
588
382
179
904
586
785
687
797
698
678
484
675
689
169
949
149
781
146
446
264
406
224
96
28
379
733
349
97
918
431
255
168
488
981
718
568
306
771
418
1002
5
896
961
489
631
1
482
657
606
133
136
642
966
166
137
620
466
958
352
688
782
666
284
69
132
104
724
756
458
708
411
405
490
523
456
291
457
481
288
769
939
459
468
1018
340
483
335
599
26
768
324
812
419
333
493
101
256
303
840
438
801
906
449
304
415
35
414
225
0
928
524
366
131
265
619
676
460
987
334
721
972
452
437
511
623
752
908
513
148
290
100
635
967
3
950
592
434
128
432
898
336
667
337
655
36
835
367
514
480
305
917
433
436
451
803
372
722
399
467
403
338
402
644
755
404
873
368
450
435
491
810
339
259
677
656
369
370
645
355
624
371
903
809
933
740
322
400
834
753
935
401
723
381
754
4
492
971
323
770
772
941
940
