248
107
276
277
334
304
278
250
723
249
332
88
106
40
193
63
166
39
642
62
48
41
110
78
47
38
639
742
341
136
35
135
46
587
359
247
315
50
34
37
534
105
746
741
36
342
717
703
763
738
745
690
220
251
13
691
318
666
331
739
369
585
368
722
290
692
774
289
667
357
317
303
721
386
221
751
219
45
392
713
762
420
49
12
42
764
316
288
77
281
371
191
709
313
719
297
750
715
718
694
194
195
314
275
87
664
688
90
716
312
165
192
69
533
770
138
287
685
582
306
284
356
51
608
75
223
340
515
687
133
724
684
343
661
71
638
744
339
104
253
532
402
743
710
640
641
660
212
395
367
383
592
555
252
665
737
156
364
161
23
296
294
584
520
108
27
60
365
360
224
103
211
139
622
137
500
680
538
112
70
64
510
521
683
21
455
686
102
273
674
54
556
167
58
333
480
780
765
260
761
747
616
122
57
3
727
769
345
180
613
725
776
394
659
768
293
588
699
456
707
218
672
460
712
150
43
625
8
609
435
270
767
752
240
168
185
358
269
663
427
488
384
753
668
634
657
2
633
766
387
516
481
594
605
643
262
214
9
658
714
682
245
398
61
280
206
755
66
20
604
431
196
72
576
10
230
620
324
593
123
298
217
458
551
32
33
73
583
265
479
404
286
464
760
179
222
548
656
403
511
213
181
6
153
436
669
216
463
499
121
19
130
375
465
127
140
355
382
487
695
514
164
147
344
754
783
624
352
711
372
17
209
445
600
101
606
483
111
552
85
575
603
778
700
258
549
701
542
380
720
560
393
597
5
631
568
113
493
544
748
749
327
413
601
482
53
234
781
772
539
152
28
82
735
235
407
362
285
274
632
370
517
459
636
300
158
536
155
184
354
350
655
131
528
186
617
644
773
154
210
128
301
326
599
736
434
347
573
189
205
422
577
52
428
295
325
756
706
430
116
771
645
309
662
366
453
242
232
626
775
91
612
537
243
504
237
126
271
708
615
151
246
758
323
238
581
190
337
574
492
302
527
777
629
554
266
83
30
598
233
654
79
627
204
623
207
496
385
489
433
457
567
635
268
348
547
175
261
782
373
406
378
76
596
476
494
229
149
18
215
572
569
401
526
524
74
244
1
541
272
408
160
438
610
0
134
729
377
11
24
299
509
100
141
346
307
653
580
84
732
146
508
449
426
120
416
730
159
570
518
319
550
759
94
328
731
689
491
484
98
4
99
329
124
182
236
671
681
178
432
561
259
97
519
649
429
353
566
637
25
423
376
148
611
679
239
452
305
497
188
129
92
68
454
522
586
490
461
630
424
163
208
757
177
26
241
231
543
495
628
59
176
381
109
414
157
602
335
650
411
546
553
203
728
31
621
410
507
29
291
7
227
545
308
187
22
89
409
225
15
451
67
336
