216
200
309
783
507
389
581
420
771
332
568
165
537
781
571
120
412
304
280
911
669
664
942
816
708
80
910
752
845
474
548
814
385
97
357
106
257
901
66
152
151
74
646
955
315
701
134
695
360
322
279
777
898
42
345
102
953
640
394
100
104
171
155
604
807
810
358
29
417
1018
356
577
354
82
833
275
516
976
504
325
96
189
1017
276
737
748
632
677
569
925
603
103
824
1002
262
480
476
442
765
788
312
178
243
164
318
766
764
88
197
49
107
628
883
539
64
249
2
422
273
473
1013
769
70
105
1011
951
326
1
285
90
78
170
828
259
607
472
108
967
218
616
17
601
95
384
69
884
235
299
1012
985
202
386
626
240
223
636
681
536
231
156
287
68
321
477
613
314
509
355
813
736
157
547
782
175
948
112
733
23
143
352
867
915
580
600
215
443
906
890
938
217
129
1014
416
599
221
248
116
896
328
10
488
703
31
99
546
742
18
407
475
1006
9
578
970
132
615
62
274
444
454
392
34
815
37
410
230
65
732
390
820
211
0
263
89
195
449
440
353
657
575
75
757
918
874
294
174
250
914
254
201
411
179
316
125
694
128
498
272
35
1005
784
873
207
289
1008
284
236
712
110
969
188
453
190
866
452
602
30
334
445
101
295
67
136
912
525
71
902
182
605
76
909
48
374
960
319
3
94
512
32
251
73
282
222
642
36
24
296
5
979
193
364
247
391
517
630
482
587
707
246
267
206
115
317
41
768
158
187
232
220
728
639
787
379
198
141
359
827
281
447
418
965
786
514
140
266
91
255
486
421
53
61
419
413
153
753
455
28
138
549
583
196
790
166
194
573
570
245
203
127
629
919
637
286
751
293
234
292
638
333
916
27
124
574
627
239
303
968
545
393
484
169
297
929
980
123
38
283
63
147
149
308
33
644
380
513
313
58
800
130
142
974
324
341
327
680
51
186
205
841
305
185
15
631
797
606
506
346
715
671
111
77
60
541
709
154
349
290
451
544
483
252
79
307
253
204
511
734
268
854
270
579
57
351
917
518
887
485
172
382
16
891
975
551
14
160
320
635
44
46
387
414
934
964
936
219
871
505
767
301
956
423
72
350
675
133
233
1007
244
85
139
122
300
415
496
83
306
625
109
291
510
161
957
264
785
450
931
121
137
381
237
663
11
265
905
6
8
958
39
662
424
26
645
837
634
705
117
853
821
227
25
586
184
229
7
550
479
378
269
478
45
47
481
126
148
59
348
668
519
773
538
4
43
515
271
135
52
168
323
224
21
214
984
19
162
855
876
852
716
542
543
658
238
456
163
446
226
648
647
225
791
199
131
261
933
288
692
679
431
167
383
1016
487
949
611
678
928
907
870
40
181
799
801
439
159
762
885
697
973
710
84
774
990
213
924
904
859
900
426
682
641
13
212
398
12
763
926
869
173
192
725
666
20
700
180
796
886
676
617
302
471
922
670
822
809
373
702
621
760
775
340
776
457
731
856
792
823
991
672
939
730
981
829
425
649
754
406
338
927
983
698
950
937
932
941
761
667
643
795
462
908
339
831
1015
971
756
722
830
899
432
858
838
729
839
396
940
620
718
256
972
743
497
691
673
826
840
711
959
704
590
660
463
806
930
724
755
470
982
659
872
717
365
857
369
793
429
723
687
683
438
464
656
794
592
372
397
467
650
430
618
469
405
466
684
468
619
465
370
686
624
401
437
434
591
433
435
825
371
651
685
652
655
436
404
403
622
402
653
623
654
