465
433
464
622
654
401
653
687
402
463
685
652
497
432
686
369
20
651
657
466
371
684
688
370
795
430
717
718
403
623
590
467
683
689
434
655
619
431
468
831
621
21
436
19
404
719
720
339
690
972
435
498
656
620
658
372
400
469
39
415
650
383
256
659
471
40
794
499
8
192
368
933
340
307
219
123
825
716
591
899
131
186
470
751
184
438
425
336
338
940
941
437
827
7
161
446
932
323
726
930
515
503
618
349
424
750
857
334
173
124
405
763
212
856
160
381
335
801
462
382
931
749
885
6
24
337
496
703
715
23
439
302
964
33
660
971
937
392
542
261
671
511
84
13
799
199
673
387
682
172
293
624
722
641
204
264
229
796
101
72
502
393
289
267
721
806
126
725
748
269
762
301
852
776
481
934
52
670
900
928
290
676
53
691
833
1007
1008
886
128
295
313
159
378
982
451
351
185
224
457
704
774
187
178
225
71
989
983
63
908
38
218
587
959
59
137
755
485
213
122
579
111
702
288
723
83
887
360
773
306
478
11
838
450
121
109
968
859
268
456
327
832
853
973
25
117
500
858
666
365
197
984
163
694
346
484
43
904
99
12
226
205
672
864
756
800
51
418
828
282
1016
308
41
797
324
10
1015
419
28
969
956
479
649
238
1002
164
130
274
516
731
154
866
865
543
547
320
602
127
198
752
775
305
31
698
872
808
445
926
350
625
909
223
294
203
233
791
188
252
14
27
541
345
667
76
414
855
79
950
764
483
544
135
929
60
18
26
16
281
643
912
991
724
167
262
263
348
936
292
139
517
927
640
510
824
988
181
823
917
782
32
545
891
550
211
373
250
736
730
196
883
341
583
919
767
366
420
769
700
47
291
162
110
807
830
884
905
251
639
237
965
768
193
822
990
275
513
236
472
125
757
734
914
214
112
777
787
918
512
714
860
939
648
129
642
634
255
747
898
140
839
975
45
902
171
981
915
77
980
4
907
440
314
328
158
829
70
367
444
174
901
391
220
421
826
447
952
253
949
958
709
413
475
9
840
783
549
333
230
190
699
911
935
668
580
916
482
710
535
896
216
452
951
942
243
155
180
741
638
303
410
377
317
153
1012
206
753
995
509
168
102
94
507
44
1004
406
480
100
1013
449
985
1011
504
803
46
423
1017
576
195
732
711
546
1
142
854
1014
319
108
64
708
58
30
133
37
635
890
570
244
548
242
96
386
611
156
227
615
182
873
876
514
606
882
539
645
924
733
957
487
299
175
222
967
380
897
647
871
138
948
270
922
254
781
538
870
249
947
148
265
697
551
586
1021
809
257
805
5
1001
1005
742
361
326
754
970
143
601
232
867
80
637
35
36
78
888
276
869
194
151
607
359
42
954
283
166
141
571
1023
107
296
297
407
442
519
477
501
61
69
91
454
304
1022
85
577
745
34
411
62
743
772
417
67
636
398
235
851
506
508
612
443
963
152
22
966
644
943
15
115
476
150
603
953
729
681
416
271
675
705
48
913
600
735
605
353
300
234
169
678
379
780
841
628
217
921
979
231
165
228
355
245
760
613
889
770
248
280
453
518
426
778
737
273
399
834
790
358
810
626
925
894
266
892
298
177
17
409
170
835
120
669
665
906
784
157
868
785
287
573
786
821
758
680
325
771
836
75
2
706
976
397
388
578
505
863
581
536
738
136
247
202
923
582
802
312
632
962
145
938
707
0
792
385
241
73
1020
903
820
874
82
92
1018
474
1003
987
779
629
955
179
627
604
352
286
113
986
455
176
609
804
574
616
837
259
744
572
646
679
793
677
144
207
881
116
215
65
633
68
239
246
944
149
132
893
589
95
588
408
260
210
412
910
617
344
850
674
701
961
877
880
575
920
390
285
488
974
486
57
761
759
746
765
540
54
875
712
788
608
272
473
384
740
811
813
567
74
692
279
739
309
189
134
354
66
49
56
422
695
727
812
946
568
183
713
895
389
441
945
1010
147
103
321
996
90
374
663
88
191
978
861
89
356
221
584
614
104
489
277
1019
960
1000
332
537
50
842
534
105
209
316
448
814
599
844
106
610
845
693
357
766
258
93
3
329
569
201
558
815
318
208
146
330
819
376
631
664
1006
315
552
284
862
994
375
818
592
119
114
1009
789
520
322
843
87
342
394
879
97
999
846
278
86
55
29
728
977
98
118
240
554
696
200
458
878
817
81
662
816
347
521
661
585
555
311
429
993
343
798
310
998
531
849
557
997
553
992
630
364
848
530
331
847
598
490
566
556
529
396
522
597
427
593
362
533
459
532
495
596
363
395
523
428
564
565
524
525
559
491
594
561
595
461
560
563
528
562
460
494
492
526
493
527
