849
817
818
848
819
240
239
816
186
392
238
660
565
815
188
154
629
249
1010
870
850
680
440
991
199
900
992
230
360
455
194
659
218
654
546
925
977
959
899
407
577
702
424
1023
197
609
533
241
691
685
962
583
384
789
927
611
597
901
153
960
813
598
932
648
696
254
837
686
946
198
155
578
961
838
783
896
921
820
167
788
196
207
692
859
270
798
83
669
91
273
269
642
471
830
766
82
675
481
674
566
591
281
1002
831
618
520
990
522
538
152
814
707
537
187
881
73
317
61
251
348
49
93
978
437
826
712
151
252
439
847
124
376
710
893
846
584
678
470
408
282
250
48
59
505
871
576
501
225
110
130
673
560
637
291
971
43
261
872
175
473
2
975
545
661
845
646
994
86
902
701
469
1009
224
630
111
391
208
375
506
645
743
904
787
732
569
551
711
237
617
684
513
829
52
226
928
869
940
423
945
166
510
891
664
502
345
534
121
480
941
658
100
41
724
131
550
327
29
44
541
877
183
77
663
27
790
482
858
632
402
803
670
740
802
622
876
227
25
326
914
570
939
3
653
79
933
54
179
677
359
907
882
318
581
729
804
919
493
679
354
647
1011
219
99
972
918
447
479
761
875
517
109
888
651
909
835
986
908
957
1018
182
76
192
843
635
10
737
253
128
518
644
11
0
641
699
700
639
487
30
601
839
171
733
344
524
87
438
780
765
672
1003
579
206
235
894
350
9
50
552
28
142
514
148
895
856
421
844
521
690
571
585
985
913
951
794
390
328
1019
983
47
449
976
209
195
426
60
149
548
885
169
773
580
143
371
825
176
185
698
472
1006
1007
567
122
262
170
676
314
926
739
958
236
212
164
478
857
757
600
313
370
454
771
547
970
322
141
397
582
886
425
822
163
412
508
181
174
612
613
786
949
649
358
812
215
353
742
851
549
92
915
614
7
486
168
21
217
32
114
382
1016
264
433
801
229
66
544
697
97
667
615
485
616
452
728
539
834
852
204
706
90
125
15
811
774
200
159
256
880
887
203
989
987
938
389
784
146
922
139
842
53
465
828
119
210
211
94
5
117
214
286
4
953
180
775
610
791
263
604
145
294
760
177
386
416
917
884
377
709
401
410
693
474
271
931
35
55
244
302
920
955
575
404
662
365
948
325
969
106
643
287
988
74
806
223
916
1017
767
234
864
64
33
515
734
874
8
1012
906
484
1008
1
950
78
193
178
443
793
453
297
16
668
586
132
519
257
312
650
398
201
867
80
173
777
954
631
113
255
934
72
147
45
293
232
963
288
420
213
862
65
984
133
266
792
89
930
414
744
572
296
316
231
388
516
108
855
841
808
202
665
840
413
861
162
873
442
140
979
172
14
1000
883
36
666
394
346
417
378
703
205
85
136
75
1001
912
422
258
372
150
776
671
947
910
763
245
165
104
821
319
943
441
396
95
625
379
523
770
809
968
46
995
380
602
12
923
451
1015
144
290
633
731
853
937
387
878
1020
807
105
797
40
243
415
101
409
735
627
6
603
542
233
536
634
116
762
605
507
242
973
19
511
683
879
248
982
640
810
525
81
964
657
736
42
824
320
246
311
274
357
355
228
716
349
295
444
71
20
158
285
488
343
540
98
277
123
512
621
892
1022
713
823
966
51
606
405
221
103
120
799
974
636
265
854
935
741
836
745
112
216
364
96
717
138
278
944
999
156
608
84
782
730
981
832
34
936
70
638
284
682
383
411
272
599
708
315
497
796
381
543
980
952
868
268
118
62
704
222
363
395
126
772
785
475
626
1004
929
300
323
280
393
738
276
476
292
356
283
88
942
903
568
833
352
756
483
67
247
17
127
26
135
593
573
805
681
965
759
189
561
1021
795
574
157
68
184
129
31
529
310
419
993
781
590
687
13
466
457
905
911
695
427
623
38
456
898
279
504
347
429
301
450
428
489
37
1013
430
191
758
764
56
57
190
890
889
458
652
924
289
715
769
115
967
137
69
860
998
22
461
160
628
324
107
866
18
1005
897
997
259
446
553
63
23
39
134
102
321
865
779
1014
220
161
24
705
751
718
385
418
303
362
557
827
725
727
607
306
267
445
996
494
260
863
768
535
448
406
351
338
723
58
462
329
619
434
778
750
800
503
559
554
299
403
509
555
373
558
432
305
304
477
620
361
333
956
335
309
490
749
334
722
468
459
366
694
275
498
339
755
556
752
726
747
526
528
592
587
337
655
748
332
719
331
369
399
298
367
714
336
340
588
460
527
307
368
753
688
754
689
746
721
308
594
330
467
342
374
431
436
589
500
400
530
562
656
464
499
341
720
435
624
564
491
596
496
492
532
595
563
495
531
463
