419
586
721
81
198
720
475
148
146
360
558
145
281
396
432
144
501
356
226
495
249
578
254
132
694
361
550
202
606
494
114
506
562
171
773
232
242
428
692
370
24
83
26
327
280
31
174
152
398
587
200
385
175
14
693
135
643
496
384
227
397
682
615
672
756
663
440
354
552
207
389
298
431
112
579
424
288
0
245
559
326
438
84
22
588
439
250
172
525
662
522
580
53
241
747
394
386
690
264
208
141
260
697
270
623
147
683
717
263
616
205
689
289
560
28
29
228
644
468
16
608
383
231
447
388
661
730
442
120
287
399
290
259
664
9
233
703
493
23
168
691
491
164
456
229
719
234
212
781
455
460
6
261
489
406
17
729
532
780
425
297
170
518
1
464
18
272
315
235
699
782
149
636
462
139
704
220
19
463
32
551
476
82
268
474
485
11
293
350
219
413
59
140
237
465
427
210
222
511
757
535
154
466
645
236
620
405
125
423
352
701
391
513
163
519
121
309
129
304
593
576
555
5
671
52
483
632
758
728
291
378
155
204
653
783
453
490
471
633
411
194
617
678
133
492
539
265
137
415
484
681
256
218
274
124
454
25
239
203
527
292
238
526
512
746
628
461
457
126
150
540
247
123
275
266
130
273
33
269
407
387
167
486
414
638
262
162
481
426
371
89
528
545
510
317
142
629
541
243
497
173
3
296
521
478
499
459
435
131
702
324
583
686
598
553
118
604
517
507
119
409
516
295
240
381
311
225
364
267
531
470
760
333
107
160
520
779
650
437
596
410
649
589
190
159
565
619
547
487
581
305
127
574
117
284
345
337
294
58
323
393
157
753
722
136
318
316
564
191
143
128
723
344
469
322
101
482
325
600
380
109
138
122
211
543
13
575
509
353
546
570
408
106
321
201
441
365
351
319
498
599
563
320
443
209
529
637
548
312
605
595
601
566
161
613
537
445
69
479
362
343
158
568
113
718
156
669
603
567
614
538
61
577
43
631
611
100
110
571
12
508
569
169
592
195
698
726
602
36
618
251
420
674
549
62
95
51
451
99
648
473
60
63
556
557
610
724
70
98
105
536
505
192
35
34
77
421
572
102
87
41
392
166
103
64
108
761
591
646
91
416
472
93
90
590
45
444
96
477
68
642
49
224
647
50
223
97
422
65
66
193
449
88
47
79
92
76
71
197
78
48
670
75
94
37
450
675
104
334
306
74
38
73
67
72
46
