388
108
407
208
98
178
436
216
405
79
179
148
499
393
344
239
471
648
76
279
425
183
546
237
212
398
177
432
199
209
126
138
422
223
156
149
228
556
447
310
74
210
443
433
321
541
250
610
377
646
348
180
186
184
75
248
373
278
647
124
93
515
559
86
542
150
153
563
182
372
311
267
347
127
343
462
222
540
121
346
545
435
557
399
345
396
370
446
461
472
282
165
151
97
529
119
152
116
400
421
531
535
460
71
42
125
90
72
434
120
91
181
145
371
320
193
130
544
256
118
306
122
406
363
450
333
142
172
94
449
169
251
277
89
362
117
143
92
115
334
123
335
95
474
249
43
44
505
477
255
473
114
305
221
171
144
197
96
283
