540
729
577
3
476
149
190
140
587
206
372
727
399
320
781
572
194
205
634
159
723
286
271
160
208
36
248
49
210
605
371
384
50
374
112
116
294
11
101
405
469
602
375
187
780
87
19
78
656
18
275
129
23
215
273
262
238
237
755
252
233
366
543
337
344
111
468
536
150
9
561
396
304
414
83
538
134
370
322
264
401
664
163
293
699
638
281
60
192
61
88
508
309
640
180
209
426
430
40
403
565
692
224
756
102
593
573
518
459
424
157
457
666
773
416
544
453
13
245
218
77
691
39
615
315
762
166
177
478
34
510
402
509
219
398
721
763
694
316
161
690
422
377
383
152
491
463
562
429
496
164
369
378
445
290
489
314
153
342
537
533
48
612
750
285
350
406
318
722
220
151
488
59
655
643
276
637
110
490
35
341
38
428
47
321
41
266
397
534
247
133
291
181
287
263
511
63
288
665
124
46
167
191
427
395
136
392
387
365
481
386
317
423
62
732
512
482
454
105
289
725
420
487
517
106
123
313
394
483
103
514
456
774
513
455
485
107
484
486
516
515
135
703
