328
437
733
69
48
327
357
42
281
762
20
2
92
763
27
21
81
115
365
731
703
643
355
110
46
771
10
672
155
363
138
422
356
326
32
105
619
45
647
573
354
90
659
5
735
535
31
754
448
563
629
49
465
473
603
120
724
73
114
674
329
614
199
602
33
478
545
631
700
84
501
171
117
104
708
144
394
778
55
393
726
642
30
87
103
658
336
730
26
116
419
79
630
392
102
24
776
256
308
574
759
8
395
480
744
755
702
416
34
750
63
299
255
145
530
64
41
586
391
575
764
298
101
709
601
95
66
738
172
76
444
164
358
71
455
310
70
438
283
679
65
678
743
748
716
398
174
425
649
427
680
546
173
689
453
338
423
734
12
96
147
711
312
201
454
100
415
367
564
91
710
194
681
154
547
712
426
53
131
692
300
330
682
77
265
370
704
466
718
250
456
536
713
386
717
292
500
202
291
720
278
443
347
651
604
503
576
294
313
472
440
484
592
714
270
439
556
399
97
469
319
737
742
657
242
505
369
761
99
450
230
121
693
271
706
397
715
683
493
741
272
468
766
483
772
519
204
675
533
688
441
691
371
259
461
232
719
517
524
548
377
317
290
485
287
498
487
467
295
58
233
372
520
518
414
588
462
237
687
98
182
207
385
470
183
433
707
413
690
401
400
350
322
213
184
241
180
523
261
496
412
477
78
457
686
289
494
260
696
214
301
495
286
231
673
156
396
234
366
665
497
262
306
749
341
482
486
4
206
314
509
684
288
428
551
269
185
460
268
489
632
745
668
297
701
224
652
181
198
492
593
334
555
458
429
316
368
561
342
698
60
621
179
565
721
402
285
760
205
522
758
488
343
583
137
258
344
93
25
471
782
442
315
266
149
615
650
263
622
318
279
446
226
403
669
768
525
521
302
375
740
82
552
481
359
434
510
68
253
664
169
765
177
653
228
128
511
167
349
418
526
729
585
273
387
264
671
123
209
430
122
208
562
449
411
373
537
739
773
267
781
124
215
210
685
243
140
178
47
452
558
774
384
490
613
746
404
424
662
227
516
376
108
235
508
15
186
9
6
579
699
18
550
623
340
112
616
29
529
554
756
229
51
502
160
111
515
62
420
176
432
7
705
648
11
654
626
125
512
257
236
421
240
587
150
0
499
445
620
244
475
549
617
136
203
624
628
775
126
459
777
303
660
374
405
170
504
378
557
645
582
161
143
127
57
553
627
245
383
252
216
736
661
221
346
641
694
417
52
35
320
196
274
431
3
339
539
130
162
296
280
725
311
560
197
152
151
141
168
14
695
17
435
83
590
732
580
331
36
360
132
479
779
293
200
476
80
767
747
727
752
166
16
238
364
85
513
406
491
284
38
225
677
722
337
94
389
43
13
28
663
254
39
119
667
113
88
666
139
655
751
118
345
40
534
388
600
23
335
770
581
61
50
753
353
644
611
325
640
89
723
474
577
625
532
246
780
309
382
514
54
676
146
464
463
769
333
638
277
307
728
646
153
133
637
609
239
129
639
578
142
607
610
598
217
636
159
165
148
305
67
597
528
594
656
407
321
222
527
599
540
323
410
324
596
542
544
541
595
571
570
569
567
568
