590
474
670
362
446
477
96
449
618
283
171
306
647
505
675
696
114
705
390
311
334
115
143
708
169
472
44
589
221
450
305
418
473
557
335
89
563
531
648
421
363
706
535
707
678
92
591
744
43
566
95
712
251
256
333
81
447
109
724
117
710
668
118
702
282
222
130
80
249
138
529
471
165
556
564
72
669
726
74
170
693
689
193
144
779
361
145
91
279
444
350
391
741
177
487
704
745
713
451
506
123
583
651
743
291
199
307
502
443
748
518
610
86
747
425
569
490
174
682
255
125
113
685
98
679
733
717
525
655
686
268
746
119
711
162
568
767
90
650
124
228
642
243
470
749
718
567
653
406
108
99
194
424
719
738
393
254
201
654
97
681
151
274
186
310
592
753
178
565
176
607
396
639
241
173
126
192
495
742
441
467
42
179
202
104
662
766
659
714
439
536
677
448
578
399
259
499
440
378
348
216
674
172
277
728
56
323
538
120
16
617
272
469
652
683
636
267
649
684
582
497
673
716
680
688
212
415
353
246
242
777
498
571
715
204
663
71
594
230
158
570
150
442
720
765
300
604
671
239
302
231
627
778
250
1
152
367
163
299
466
153
284
278
782
595
552
234
416
339
758
25
131
633
244
82
414
596
188
739
160
768
588
55
149
701
322
295
577
641
148
754
213
700
30
261
134
635
638
141
312
84
190
207
4
632
493
321
740
737
623
301
26
624
203
159
258
266
136
760
731
468
661
660
687
606
220
275
24
426
189
599
645
413
85
672
180
75
140
412
781
271
337
338
52
620
761
217
729
240
752
168
215
57
206
476
770
9
164
385
260
214
609
229
303
273
634
146
218
112
294
187
692
540
32
185
622
608
572
613
769
293
585
764
37
