536
21
626
19
568
346
618
688
103
104
3
401
612
645
233
43
210
692
128
14
322
235
727
594
757
630
484
358
622
577
205
596
472
28
234
144
5
8
625
660
539
710
755
375
427
147
465
292
52
547
699
192
100
405
478
557
648
2
431
662
54
267
552
508
294
207
351
783
387
614
602
165
621
152
377
179
631
437
590
593
548
499
439
576
206
550
154
150
157
404
303
450
598
655
428
98
410
163
191
416
158
549
429
575
616
102
763
208
543
652
697
570
634
105
398
160
331
250
438
266
345
119
511
606
451
553
432
569
348
373
95
349
663
120
513
106
33
96
347
238
501
411
731
159
89
108
635
209
567
607
59
542
609
666
220
595
121
403
295
323
364
638
702
691
412
690
597
646
580
605
636
554
578
581
58
161
527
357
592
556
528
376
664
142
584
392
608
582
647
665
620
12
61
723
365
122
610
583
555
529
251
94
193
695
13
732
637
639
92
642
74
332
359
97
39
40
110
667
93
591
45
41
73
88
619
72
49
34
62
76
60
36
77
445
107
70
69
611
87
195
223
90
224
360
79
75
51
78
473
37
91
65
167
139
63
71
50
166
35
64
38
68
48
47
66
67
46
