492
653
654
491
655
652
685
691
435
619
434
686
623
436
624
723
620
402
403
659
467
490
656
754
592
460
459
466
523
524
437
370
468
755
660
469
404
401
722
433
371
493
400
753
366
272
304
369
457
458
621
399
271
305
692
489
690
598
367
586
785
724
616
303
617
618
585
756
599
657
368
456
438
648
658
687
488
784
711
786
782
630
631
678
336
797
505
569
743
398
470
710
239
240
522
372
338
273
487
179
941
787
552
551
281
816
971
940
537
337
238
432
439
975
511
77
928
684
4
323
1007
520
826
825
313
783
510
815
269
733
635
335
788
334
264
148
770
212
813
471
886
752
345
677
976
365
918
645
950
473
972
591
29
1002
583
514
538
521
180
109
47
27
200
181
424
82
339
781
381
265
872
322
885
680
927
761
765
43
917
480
1006
817
740
951
651
803
809
270
344
518
729
946
933
481
201
506
637
128
348
646
225
233
873
568
152
981
840
1018
669
986
718
960
830
86
766
932
407
742
146
414
19
896
908
513
249
199
312
856
28
100
584
167
230
52
904
921
949
961
455
901
215
838
698
1010
834
985
61
169
44
207
359
983
121
772
149
479
485
192
171
822
83
358
0
355
154
992
907
939
3
301
644
642
899
384
224
632
667
732
835
958
166
110
254
962
131
699
382
570
855
76
291
546
977
449
843
327
376
73
153
333
234
11
10
774
59
349
302
839
92
675
451
842
256
1003
482
244
519
916
232
536
252
93
870
168
326
379
214
780
982
35
186
763
255
142
550
987
60
801
226
1009
306
183
721
317
97
26
663
143
841
108
903
415
957
891
606
887
235
54
450
36
354
978
674
182
900
213
696
202
793
91
771
818
2
486
893
218
290
600
697
906
263
701
285
124
116
294
5
51
829
802
318
794
1019
926
288
895
810
113
852
831
130
