211
455
428
456
370
735
429
454
194
733
167
137
91
427
484
485
71
399
212
748
763
281
423
110
437
2
42
6
771
762
21
699
731
398
333
643
278
20
371
703
729
347
366
81
426
62
672
7
10
425
0
115
35
48
342
363
213
180
253
400
617
504
756
376
29
665
734
483
744
83
358
727
372
486
88
704
534
695
348
357
324
369
779
751
767
3
335
225
28
453
386
725
476
329
694
775
738
139
325
743
170
8
632
641
411
752
688
336
109
57
410
397
640
313
639
466
330
438
415
414
315
480
443
732
421
417
678
314
108
412
584
285
708
384
440
75
383
341
19
439
416
292
382
612
387
359
326
719
104
777
468
76
467
660
368
442
424
494
291
679
593
469
680
741
441
73
705
737
286
287
362
709
259
263
