428
455
194
427
462
456
429
454
735
366
333
137
91
430
278
489
574
431
324
167
733
630
423
399
323
6
534
426
48
602
81
763
484
166
281
461
71
434
2
42
20
748
420
289
762
62
731
35
110
7
398
504
485
699
21
27
643
575
771
432
703
140
39
672
425
756
422
10
729
734
40
363
111
36
138
0
616
517
178
115
263
490
198
9
704
446
483
629
18
365
15
112
46
38
60
617
32
253
11
766
29
226
658
411
457
728
14
601
587
45
113
475
465
459
780
727
80
744
657
13
364
83
337
435
779
335
54
665
466
195
751
453
767
105
262
196
3
168
389
88
217
37
724
433
139
460
49
659
50
407
225
85
28
370
400
738
775
444
482
150
170
645
438
644
297
486
725
743
488
8
244
23
476
221
90
347
419
458
17
191
590
107
336
546
723
547
329
290
92
678
586
641
752
57
357
197
34
764
254
52
358
348
708
686
285
143
296
417
480
397
179
309
69
413
695
501
412
75
369
439
67
356
487
384
633
472
611
177
440
311
313
205
232
383
251
108
603
516
415
414
291
189
330
292
172
109
631
385
443
694
507
639
640
679
445
532
664
634
424
200
233
161
264
362
163
227
421
204
493
732
131
681
261
680
670
467
584
162
662
468
245
219
473
416
164
474
132
479
341
705
206
298
520
151
344
388
649
142
757
500
216
677
316
65
510
442
193
160
104
223
687
386
682
19
271
89
345
660
273
61
593
661
259
300
325
494
274
303
31
327
284
721
406
218
301
405
351
133
76
231
777
509
726
395
257
448
394
354
30
647
314
342
469
84
270
612
700
79
24
315
103
481
328
349
33
754
87
343
350
441
401
404
674
272
317
340
519
72
355
5
393
642
286
689
610
258
361
759
141
250
392
114
614
312
511
346
707
302
730
134
26
648
66
318
201
368
332
64
63
515
55
359
249
632
43
319
295
702
478
410
528
753
228
269
518
741
280
136
192
651
41
360
252
621
720
102
203
307
535
382
563
387
202
636
16
451
299
737
709
116
591
377
229
246
778
120
73
573
755
326
470
719
147
650
396
135
173
308
390
635
685
646
188
74
776
683
663
256
174
320
452
770
506
275
692
391
769
185
159
230
556
338
637
243
619
145
106
282
310
331
548
190
716
268
187
652
620
101
691
215
234
638
186
495
710
513
176
371
688
521
496
77
260
70
12
684
697
117
761
583
609
378
666
536
530
367
119
750
537
471
149
94
690
128
56
559
622
512
579
1
235
144
353
372
497
86
667
555
373
503
59
95
564
505
283
146
304
605
783
53
463
22
51
100
447
533
606
653
158
255
498
241
531
118
782
514
508
669
199
589
171
565
588
592
581
242
214
322
673
44
539
722
288
607
527
618
608
706
713
714
129
654
604
626
184
247
152
552
742
711
4
220
698
224
352
148
47
718
58
492
561
78
580
130
175
524
715
758
499
265
551
696
760
25
558
207
623
169
781
477
693
585
739
655
450
287
615
279
529
339
749
624
522
96
577
772
582
121
306
627
305
545
82
598
538
671
334
236
747
668
600
576
768
157
560
740
99
449
277
599
381
93
553
613
625
701
746
526
97
712
765
578
127
597
557
628
418
549
293
213
554
523
502
183
773
656
717
736
774
437
154
525
562
155
68
98
675
409
126
237
153
550
594
379
745
540
542
596
165
182
376
180
543
380
222
374
321
208
124
544
541
125
676
436
156
267
571
276
491
408
248
570
181
240
402
123
566
403
122
209
238
595
212
239
572
211
294
569
375
464
266
567
210
568
