352
344
266
234
624
673
239
378
438
25
668
491
480
468
240
777
661
185
184
141
323
749
634
204
466
16
527
84
307
203
232
253
148
693
628
407
340
201
775
519
149
655
633
553
609
120
660
408
714
581
463
657
377
687
212
627
700
524
172
22
289
748
318
29
467
286
18
430
24
55
146
656
440
347
457
385
653
759
242
442
702
280
607
623
696
452
435
272
118
4
539
353
231
488
26
283
604
688
659
375
490
290
636
229
478
654
114
348
401
545
31
83
210
495
541
608
465
346
737
7
310
489
302
324
651
584
464
258
412
326
270
325
295
14
425
189
227
150
349
635
402
268
552
350
518
677
142
327
735
301
271
267
15
300
437
269
355
256
132
529
614
621
202
65
562
296
144
376
770
695
390
297
506
298
705
255
752
771
736
81
366
448
299
170
388
171
338
80
502
254
361
257
199
733
586
559
328
751
200
282
391
329
417
474
501
531
389
228
734
447
358
330
530
226
503
419
558
198
475
697
360
446
418
