367
399
400
368
689
688
720
491
690
366
721
335
719
336
687
432
752
523
658
337
369
334
532
657
564
522
589
503
304
521
460
753
567
751
535
553
749
459
29
305
750
490
566
554
656
533
303
782
471
502
209
722
692
344
208
272
783
534
588
306
784
302
718
520
30
691
241
210
392
408
555
439
409
717
338
242
785
748
94
273
182
819
183
977
376
757
788
781
401
489
271
93
62
274
756
207
240
312
28
787
599
440
716
754
60
755
398
568
565
358
786
632
818
621
815
600
238
488
184
391
239
359
339
186
176
61
693
458
662
407
661
723
472
816
360
424
501
814
660
124
726
345
223
317
601
328
457
282
377
286
270
393
295
285
456
361
177
758
789
552
972
198
27
598
917
294
659
531
269
307
215
694
817
780
297
918
971
187
563
420
725
664
155
602
150
23
22
1
381
185
275
846
538
583
909
357
387
349
779
849
154
4
949
196
296
388
431
584
243
350
504
152
1000
665
745
620
145
228
178
886
500
945
920
419
125
835
950
887
385
120
747
587
730
92
0
146
941
703
418
908
896
877
695
301
151
878
951
1001
227
885
777
46
702
268
258
5
191
812
572
803
919
940
765
776
326
113
170
254
925
123
556
80
985
206
614
696
37
114
969
149
884
81
64
380
1018
744
746
631
333
470
414
1019
671
944
2
55
118
19
412
512
603
670
109
68
102
451
986
18
936
78
921
952
50
10
87
121
895
105
953
197
201
1017
715
82
415
604
970
73
741
106
852
982
54
450
330
153
21
483
999
615
511
844
935
771
119
97
733
100
809
742
907
508
290
413
987
608
1003
9
867
255
799
173
735
480
75
743
49
635
226
263
479
354
813
701
514
69
989
713
790
847
110
386
954
709
540
133
767
939
897
77
38
165
910
551
1002
778
128
12
478
200
45
613
288
734
609
43
14
72
32
770
832
382
801
74
928
930
686
666
647
576
322
88
13
937
612
827
257
548
101
142
899
834
864
762
222
112
639
795
764
515
890
111
848
916
698
7
641
211
253
775
329
968
126
321
383
277
53
582
516
56
924
798
773
966
610
571
667
960
249
549
796
862
805
192
642
36
820
449
256
482
607
998
956
1016
906
800
44
356
700
880
39
132
166
833
141
8
894
171
888
389
828
452
861
47
580
195
905
3
71
876
996
931
1009
633
868
134
763
710
860
797
707
353
740
76
147
509
866
675
175
1020
41
669
327
172
714
830
65
988
1021
934
804
51
963
104
808
352
900
903
865
855
873
984
736
578
289
6
893
958
769
729
448
938
417
845
640
942
379
1022
967
955
1013
645
904
842
541
738
711
99
961
108
973
739
891
1023
194
858
425
237
581
546
766
731
892
24
831
680
444
869
616
484
933
164
79
712
926
761
517
577
668
674
585
107
70
20
802
259
932
550
59
957
83
11
481
859
416
130
772
853
67
569
677
98
537
169
836
519
929
993
810
131
826
33
570
507
646
638
902
992
962
421
825
995
948
959
477
889
140
794
636
678
86
103
901
637
168
643
990
898
708
117
811
927
679
737
883
872
634
34
829
870
136
265
863
224
547
384
96
837
539
355
923
84
732
423
806
40
579
476
644
135
510
843
839
611
42
983
856
148
447
997
922
822
485
681
280
89
840
139
573
841
66
323
26
793
774
513
225
915
792
838
245
291
486
965
768
676
824
994
25
248
85
685
351
605
871
706
699
947
821
823
320
453
543
991
57
606
964
874
267
807
390
724
217
542
174
854
978
544
35
244
1014
138
17
705
648
52
95
518
857
163
981
875
445
129
115
266
697
446
536
213
281
313
663
324
15
261
575
727
913
433
58
759
216
193
156
48
597
160
348
144
162
672
167
760
137
325
545
181
116
704
204
499
16
411
443
188
229
250
791
122
630
1008
214
673
454
218
292
199
976
260
375
586
943
262
881
276
474
127
728
682
574
219
190
161
684
234
205
343
1010
438
1015
179
410
441
298
487
882
180
311
143
370
505
851
236
475
293
347
850
422
230
202
287
498
90
232
233
649
879
946
492
203
629
247
314
473
1004
300
974
652
157
318
1006
264
246
299
914
91
596
442
506
1012
315
235
912
63
231
628
212
159
1007
455
980
1005
158
362
31
530
283
1011
279
378
975
189
653
284
319
617
278
221
619
331
316
428
911
562
346
332
371
308
251
427
310
683
309
979
626
595
434
467
365
627
406
466
220
252
340
469
394
465
426
557
625
655
468
402
497
650
464
435
594
524
342
651
341
618
529
363
372
374
528
461
436
403
373
437
404
493
654
496
624
364
397
561
405
395
429
590
396
593
430
527
622
560
463
525
495
558
494
592
623
462
559
526
591
