341
720
349
233
682
183
175
367
289
715
285
394
433
291
353
703
440
211
315
317
354
299
310
134
773
571
520
615
461
442
385
474
343
497
491
463
680
714
464
478
717
454
482
452
44
382
447
481
14
342
282
485
544
60
327
611
612
716
292
15
314
472
572
468
209
741
751
339
752
328
543
711
411
710
483
469
713
257
412
721
430
400
403
265
91
738
718
427
441
409
475
395
346
704
116
496
410
330
316
668
45
778
344
172
198
151
434
318
371
731
509
386
67
136
750
439
521
437
415
148
470
417
40
323
401
466
300
66
428
774
355
740
492
776
356
79
456
534
503
694
388
438
643
370
357
39
414
494
471
705
48
455
329
677
396
742
733
444
383
358
374
443
369
338
493
500
429
564
399
387
135
47
375
425
59
224
732
537
137
402
46
424
562
501
220
423
397
221
533
398
419
416
697
614
647
445
465
734
565
473
368
165
561
418
446
