586
558
114
559
145
621
142
250
588
335
86
71
69
278
143
616
557
199
256
530
505
477
363
115
613
617
253
364
146
760
532
225
389
117
281
649
227
277
197
361
255
70
594
138
222
421
122
622
670
362
531
155
96
246
126
603
259
507
775
631
585
228
627
628
125
602
587
144
118
120
620
761
479
260
609
194
490
607
574
127
305
124
568
162
579
294
12
169
450
582
43
758
82
633
753
171
769
161
128
663
513
541
660
724
30
545
623
662
576
701
765
577
606
608
141
3
698
267
2
573
635
539
595
254
170
147
99
273
200
408
779
231
653
333
229
98
757
216
21
542
632
767
109
8
764
154
100
113
605
671
636
52
123
641
10
156
691
313
322
72
693
678
540
645
747
634
730
449
518
251
650
566
696
74
782
783
16
626
101
28
27
687
580
590
460
739
324
270
20
762
332
178
297
569
13
293
93
584
575
476
777
243
390
234
133
75
514
755
131
707
26
36
76
665
578
190
280
331
312
97
29
567
230
203
766
547
657
94
431
215
681
104
159
630
624
252
57
601
53
17
121
625
130
55
4
702
673
19
618
24
237
708
5
381
25
546
244
581
637
42
325
560
661
712
432
393
295
274
674
583
436
600
604
596
377
240
78
700
185
158
81
163
80
380
728
589
654
655
659
306
462
480
722
556
33
352
174
592
187
217
664
95
261
781
164
555
384
736
266
517
515
83
422
119
77
548
84
435
683
235
279
129
112
780
458
754
686
160
763
488
723
729
519
153
549
152
85
308
179
407
672
58
192
32
311
236
284
598
219
727
487
684
597
749
23
307
218
206
610
413
638
726
204
34
772
188
550
298
56
0
269
593
379
241
304
213
512
644
205
599
372
166
690
54
242
529
286
195
502
392
692
405
508
1
646
157
759
552
563
245
735
656
111
108
426
651
689
177
210
321
239
719
334
506
648
570
275
301
202
745
31
709
180
186
498
214
699
319
676
9
695
420
642
73
7
238
495
290
37
535
139
201
191
675
182
140
337
770
667
619
591
448
706
181
746
524
288
538
486
459
149
685
373
326
340
451
283
184
302
523
176
268
168
554
744
453
89
756
658
525
173
258
208
536
303
110
189
771
35
640
212
262
6
639
92
378
652
725
366
748
350
226
207
193
263
484
511
406
18
768
232
272
522
526
336
63
551
88
102
22
132
489
196
457
743
264
107
271
737
504
679
320
11
287
50
629
61
467
49
391
516
351
105
309
167
68
669
499
223
103
296
360
51
365
87
65
510
553
41
62
90
666
404
64
359
527
345
528
150
688
376
348
247
347
38
249
276
106
248
