677
397
116
370
396
422
172
703
173
305
443
369
773
310
135
371
423
416
338
336
774
704
534
561
368
394
562
220
248
366
344
372
398
318
374
399
401
343
506
429
414
420
276
346
164
415
424
400
712
705
731
442
772
427
468
643
456
106
393
725
249
107
732
386
615
778
337
243
133
308
136
342
734
721
470
535
194
602
684
493
469
395
723
496
163
425
412
373
494
385
466
345
324
191
62
722
740
428
219
440
103
478
461
238
317
392
210
455
46
192
467
132
365
521
460
497
304
227
175
411
110
201
59
295
647
167
379
441
593
387
426
298
444
245
247
144
729
781
61
439
675
678
149
11
273
499
190
131
105
9
476
32
140
648
674
22
779
699
34
222
150
52
205
681
309
29
644
577
88
28
38
553
635
384
524
233
202
357
599
63
13
755
254
323
645
19
642
445
18
637
454
203
12
35
761
757
483
495
596
102
413
782
154
174
141
41
60
284
17
33
620
563
728
511
522
218
300
576
231
3
783
572
157
552
598
471
129
230
224
512
200
193
482
119
550
536
45
498
543
548
538
159
5
571
453
606
58
364
302
510
617
25
130
537
589
484
592
49
229
101
388
485
160
758
564
162
301
523
481
47
155
48
161
87
108
578
377
570
158
604
113
311
753
147
517
605
333
509
697
204
760
223
36
421
156
516
75
540
50
73
549
569
51
542
166
527
508
117
507
670
128
541
473
78
472
614
306
726
104
37
698
118
228
98
77
66
