253
114
559
363
281
775
586
145
142
530
335
769
765
621
71
199
250
255
558
225
86
531
69
42
278
588
764
707
117
767
222
747
256
739
144
678
708
762
70
490
216
266
616
228
146
408
772
143
505
477
381
254
194
766
525
579
115
649
122
622
617
613
698
308
587
364
760
226
252
712
307
532
749
557
279
389
293
96
170
464
125
280
217
594
574
462
450
171
624
670
215
676
277
620
118
227
259
237
200
507
435
246
197
93
336
745
725
81
576
361
551
120
411
97
210
238
294
352
234
380
585
260
138
603
709
651
362
180
68
421
390
132
236
264
178
131
198
763
187
524
602
235
407
155
422
384
182
305
283
448
522
436
242
746
99
548
706
779
239
126
761
491
506
26
744
547
679
758
518
545
206
459
325
550
72
100
631
127
65
82
627
625
98
447
593
458
486
55
261
382
409
623
128
320
29
523
516
231
457
262
243
541
245
181
27
601
94
577
393
671
366
743
630
263
575
76
354
773
735
645
726
431
502
759
687
736
286
189
179
353
290
519
289
269
208
590
3
16
479
109
244
609
313
463
4
560
232
768
317
573
343
437
184
546
28
618
43
8
268
748
730
24
646
659
578
607
526
80
468
693
755
116
521
52
542
640
656
207
287
133
326
10
410
504
83
644
701
123
757
124
21
552
183
75
539
596
30
771
394
440
162
319
214
568
258
12
14
164
372
211
417
781
480
782
377
7
487
650
129
196
514
205
604
515
597
657
570
599
172
152
291
729
130
153
169
177
265
2
727
653
158
476
475
95
777
159
582
188
121
654
101
17
432
25
340
495
572
700
324
672
783
15
517
413
337
0
633
513
702
412
161
673
753
233
19
549
682
156
497
683
22
53
229
600
663
754
703
78
5
67
442
84
147
660
379
327
684
141
20
756
373
544
310
154
662
655
426
438
315
31
724
598
529
648
580
555
185
606
626
632
571
134
77
608
274
589
111
333
391
157
112
273
190
176
309
74
57
322
696
103
385
149
9
780
770
496
635
66
535
257
681
113
241
240
492
680
714
299
271
595
341
36
728
466
270
174
719
634
715
219
168
85
605
460
203
49
13
311
312
6
32
230
485
661
34
58
50
520
652
392
160
569
119
536
540
104
331
92
499
64
583
664
638
403
528
48
88
90
642
91
473
40
