492
491
460
523
524
493
461
555
459
554
587
586
597
596
565
522
556
595
525
490
494
723
560
527
526
528
559
564
495
618
598
563
588
566
992
428
722
592
724
557
993
599
458
619
429
998
585
728
997
994
533
761
754
532
624
631
786
558
986
771
617
755
240
843
955
817
664
567
848
696
692
591
948
878
623
311
837
766
312
462
946
849
770
743
987
663
278
996
553
630
1018
960
594
978
655
344
1019
765
789
343
957
310
977
589
944
842
785
985
739
877
949
816
966
712
995
961
534
953
521
740
906
945
239
756
489
246
847
916
753
1009
662
568
695
871
376
798
179
569
1000
787
632
862
277
691
788
711
86
875
818
893
1006
669
359
815
656
879
208
938
286
793
999
22
963
474
804
486
802
636
279
861
844
835
923
55
427
629
679
962
318
0
954
920
600
322
725
876
836
200
701
147
54
805
729
976
925
3
106
846
180
245
635
348
118
910
772
970
603
168
990
284
675
105
285
85
114
677
51
518
224
202
89
610
620
867
608
971
552
707
207
29
609
443
830
132
939
863
1020
453
191
358
921
296
894
87
738
967
82
166
537
826
482
574
326
380
50
412
175
959
136
265
604
52
448
905
61
578
97
181
637
414
149
449
605
176
214
167
584
272
733
116
411
347
316
117
4
974
628
363
221
913
514
134
280
169
375
975
924
413
395
170
213
11
981
868
120
838
201
142
174
611
577
845
146
57
814
287
958
271
571
674
680
357
943
345
803
195
422
74
193
77
56
119
138
668
78
384
870
409
133
209
390
442
880
506
234
513
258
881
103
956
572
455
313
593
872
115
354
90
241
388
645
91
144
614
744
483
480
104
93
68
156
408
155
389
1010
638
546
889
254
157
353
25
247
109
