424
778
42
738
215
339
440
372
267
518
766
246
268
742
469
345
680
603
148
588
575
209
4
353
466
547
748
146
379
497
463
549
548
631
630
208
377
187
26
258
760
371
55
408
367
260
562
227
576
216
488
429
205
765
84
24
212
232
122
236
428
480
419
430
457
22
343
574
720
437
373
602
438
399
30
519
754
244
338
206
176
239
687
134
234
382
235
431
327
688
522
237
521
716
604
546
350
660
672
29
632
204
213
493
737
402
592
136
468
462
433
768
412
182
15
241
715
658
351
410
337
432
781
280
101
761
374
735
739
641
140
271
409
189
490
207
20
11
560
0
759
6
225
771
238
407
530
624
381
312
262
266
323
253
405
740
411
729
53
417
10
185
261
178
752
132
180
324
112
401
168
524
616
352
494
164
436
319
772
465
355
9
294
19
545
770
579
83
520
380
354
625
21
240
27
775
434
326
286
111
659
296
686
622
727
217
532
489
621
211
435
325
461
219
186
242
378
692
734
366
780
245
615
551
264
482
370
453
340
116
299
586
423
584
776
769
383
699
196
270
500
269
736
755
486
298
756
358
287
243
496
400
252
694
481
454
285
456
315
293
297
613
290
314
406
534
585
265
247
643
504
483
395
764
533
460
263
368
133
427
612
593
640
318
722
732
59
721
292
750
341
308
587
336
309
773
87
455
544
177
13
342
512
103
517
291
105
106
36
88
281
276
49
751
110
392
39
313
139
484
359
34
40
763
166
762
774
50
78
725
41
38
485
137
420
167
394
62
516
35
47
514
46
48
513
63
646
515
107
135
197
703
