677
286
655
39
273
73
734
713
595
640
59
50
359
733
763
695
377
735
303
330
418
437
538
237
238
333
510
239
680
584
350
625
45
184
130
449
340
106
93
594
679
138
621
153
105
129
737
378
137
362
591
185
212
266
306
444
707
565
750
764
743
87
475
197
223
710
321
556
41
611
774
557
251
40
155
752
507
277
294
322
165
709
708
104
181
563
705
331
581
75
494
738
127
211
580
592
154
736
554
209
724
390
555
88
771
107
744
72
99
210
100
503
585
332
278
92
749
676
193
721
60
79
639
183
647
166
720
770
646
746
44
479
666
739
741
719
74
696
747
667
182
582
101
102
745
742
748
334
583
43
668
