745
777
1000
746
832
808
778
999
864
801
531
530
935
833
1001
776
931
966
865
759
795
532
933
741
640
564
897
716
465
989
683
420
969
563
964
242
432
807
228
498
562
758
995
749
901
1016
934
715
718
717
996
763
96
464
713
747
197
307
497
779
368
726
463
748
714
360
589
499
1002
535
719
773
533
1021
210
984
71
899
503
431
750
902
1017
641
433
547
334
99
903
361
340
720
339
682
39
119
400
98
534
345
688
415
335
369
988
764
64
23
230
392
102
929
275
70
774
22
289
768
511
267
892
968
101
911
812
216
542
472
336
341
963
751
727
952
129
529
419
178
800
337
657
621
8
612
781
274
383
860
689
445
500
942
87
762
883
703
866
128
590
329
308
1020
1
367
393
684
209
295
229
260
851
262
298
38
802
521
516
408
545
257
462
198
32
780
471
56
314
204
223
884
965
385
440
633
124
401
399
177
856
983
507
828
33
276
480
690
553
243
424
852
666
164
504
502
351
382
236
896
954
602
171
31
355
1015
831
769
607
34
466
658
268
444
930
377
161
412
914
898
736
145
565
601
211
694
583
418
250
425
172
943
24
261
508
409
803
588
249
477
824
782
40
338
446
386
346
609
557
509
1004
956
615
671
69
791
881
596
319
66
558
681
721
665
205
882
100
496
410
476
123
888
676
120
642
388
190
827
580
594
923
407
475
218
330
567
708
541
269
775
263
620
997
674
501
880
834
81
10
1011
879
131
947
548
293
299
290
151
18
63
328
333
165
912
72
595
1014
441
873
915
292
417
572
150
706
626
561
1003
356
451
219
114
80
484
850
566
517
146
37
376
301
144
92
184
687
554
485
50
944
67
366
217
1010
571
887
1013
936
893
152
325
294
186
1012
378
113
42
634
819
155
241
1008
309
582
203
614
699
282
921
608
540
731
130
251
187
9
112
536
853
673
820
158
443
193
552
1023
520
259
639
82
277
160
752
156
280
980
373
21
54
439
698
107
53
951
139
231
176
796
539
20
183
391
127
220
2
49
581
287
421
313
1022
125
174
628
19
783
473
941
454
442
140
315
111
515
836
235
813
976
17
972
732
1005
188
918
41
248
576
625
347
191
550
890
78
110
35
977
237
913
430
584
835
452
173
48
447
909
811
1007
570
55
940
709
700
945
76
362
810
212
546
889
115
43
16
189
522
109
306
116
735
744
108
900
1009
587
95
978
904
375
143
387
859
11
51
83
288
474
342
467
196
264
349
920
575
86
549
126
537
122
895
757
979
885
734
324
185
104
603
206
244
175
636
967
823
74
73
258
917
302
730
7
916
47
579
770
613
182
919
738
106
670
946
137
948
93
652
423
610
862
88
632
767
975
650
222
551
647
36
389
254
255
12
659
854
28
805
75
77
79
799
702
855
68
794
103
84
858
157
304
332
381
863
117
568
46
414
13
118
886
573
394
62
413
121
14
651
928
323
569
861
194
456
448
806
973
982
327
818
94
305
44
138
379
321
510
30
352
894
281
370
790
159
238
891
937
1006
52
669
789
457
953
695
97
479
868
27
15
65
374
45
358
105
252
905
878
693
505
538
544
283
512
357
170
153
506
985
981
577
845
648
291
141
344
478
606
326
600
788
354
380
142
154
627
200
616
300
906
543
593
166
846
605
85
25
233
809
962
135
225
637
58
134
136
90
247
822
556
772
350
638
422
470
317
488
922
148
927
932
742
449
450
519
974
685
411
849
253
797
925
686
434
232
667
181
958
629
482
208
733
303
320
468
316
555
664
950
701
660
273
310
857
646
826
469
604
949
132
821
453
455
199
597
6
986
149
668
926
147
957
195
910
672
372
398
495
215
814
844
179
213
416
841
649
167
622
296
163
990
402
5
279
867
426
91
661
331
987
224
792
787
829
955
406
486
1019
297
169
202
725
574
26
586
133
643
89
619
848
518
353
680
214
59
221
907
285
753
60
924
737
514
847
312
784
207
489
578
653
201
266
487
384
168
825
697
162
270
644
645
991
365
483
359
226
57
585
438
838
739
343
318
390
256
710
874
817
635
61
740
234
322
284
227
435
180
970
677
696
871
364
348
481
265
908
875
839
656
729
876
678
0
815
278
691
786
712
938
705
830
722
804
611
704
998
29
816
371
528
490
246
245
675
239
405
436
654
429
869
397
513
618
760
961
877
785
679
707
192
271
766
272
959
840
872
798
458
692
756
403
617
3
427
363
765
842
286
971
771
311
599
437
663
494
662
870
755
526
240
428
939
843
793
724
395
527
754
461
624
591
459
631
1018
396
598
523
728
404
559
560
655
4
761
630
723
994
592
460
623
525
743
837
960
491
711
993
524
493
992
492
