158
546
578
540
266
256
547
406
583
238
555
496
302
187
185
635
469
598
539
300
95
609
493
275
552
541
433
488
159
470
599
596
232
412
528
522
349
331
378
73
234
600
570
544
519
384
548
499
574
708
435
510
481
400
205
76
480
77
551
662
556
689
577
603
509
434
240
355
323
172
377
413
629
497
601
500
543
303
131
602
472
206
511
235
385
636
575
471
576
156
597
61
160
212
628
260
416
258
312
356
654
465
437
126
376
569
473
652
524
492
627
152
414
624
443
19
719
498
207
670
518
143
89
161
164
523
426
626
461
482
525
738
612
549
550
757
512
223
142
162
436
401
359
295
92
462
387
415
732
8
408
590
52
764
724
419
34
336
453
163
664
182
57
154
155
197
610
625
105
586
17
350
584
653
501
752
259
285
309
532
322
313
211
330
49
85
329
645
641
389
127
153
476
775
3
251
69
704
425
225
335
725
50
28
517
446
54
751
743
779
337
109
767
491
364
431
45
14
113
780
728
640
734
195
32
90
639
444
483
744
489
60
11
486
239
267
423
386
504
422
463
179
611
694
18
516
46
138
363
644
226
454
427
402
665
727
10
475
198
513
357
365
166
80
464
13
196
115
88
83
672
71
766
703
723
181
643
358
616
15
29
771
314
253
731
27
110
695
42
0
762
21
9
20
81
403
729
140
2
699
112
111
281
617
366
180
333
756
763
490
430
7
748
107
278
420
291
458
457
48
6
735
62
733
261
429
167
35
194
428
91
137
484
264
290
286
455
456
485
262
287
263
289
288
