813
837
29
576
82
211
236
520
439
481
962
560
514
585
901
786
972
838
1018
932
1023
153
511
2
896
909
859
202
774
1003
181
669
237
825
155
961
645
201
254
130
390
456
49
152
822
675
244
707
91
110
234
83
674
348
296
232
111
798
27
699
423
839
142
642
766
151
545
407
760
698
888
582
871
637
182
251
282
73
584
180
224
225
317
990
673
203
79
215
205
904
831
840
765
803
295
213
187
252
226
841
793
480
143
635
124
908
250
291
902
233
227
44
701
471
677
170
93
169
830
951
601
377
891
43
794
893
541
579
59
994
756
571
744
986
99
517
323
195
174
869
41
314
131
61
3
513
77
488
639
100
269
829
641
0
1019
354
86
318
76
350
52
25
482
183
804
253
219
811
214
802
54
567
9
166
192
983
670
700
957
884
874
773
375
672
479
447
737
732
970
894
809
1016
11
121
478
128
229
50
575
783
740
66
87
1006
985
10
857
933
734
739
322
608
922
231
858
412
775
895
814
32
485
835
286
664
47
305
615
164
297
544
989
671
122
353
30
90
508
926
119
425
109
706
806
7
117
149
614
521
767
94
178
163
610
449
632
770
185
74
125
883
60
771
21
28
600
580
159
486
547
325
867
92
15
1020
958
703
953
539
53
649
148
114
1007
319
287
887
55
873
931
89
976
934
801
141
413
864
177
16
382
193
106
80
988
757
955
862
861
173
217
223
168
472
1022
643
97
85
808
316
963
95
604
255
735
380
8
416
776
780
72
836
651
256
386
65
792
930
257
417
855
150
33
995
834
605
75
853
644
426
64
549
920
987
668
892
414
938
923
265
221
799
676
422
5
640
81
258
444
266
542
120
84
552
270
515
123
146
288
147
158
812
293
104
245
165
868
627
105
35
1021
315
573
796
228
454
113
548
832
162
132
949
78
45
572
42
108
415
543
964
133
667
663
139
285
574
777
40
17
736
136
156
383
349
638
969
284
762
243
606
860
98
1
20
248
763
665
126
438
410
984
71
242
116
172
51
157
14
12
613
916
954
189
519
474
103
283
512
118
290
320
62
745
6
1017
879
222
387
31
833
19
46
993
764
782
915
929
421
379
738
1000
88
127
191
381
101
713
704
36
924
791
70
968
965
442
1015
303
656
805
145
586
731
190
445
451
966
484
138
112
135
355
903
216
371
889
516
140
57
540
34
795
636
898
863
890
280
346
772
823
26
897
810
997
865
446
56
999
63
866
184
292
22
769
854
96
465
607
476
18
821
352
107
409
708
996
536
378
246
347
827
824
666
220
129
628
23
935
705
67
289
1012
38
906
351
453
443
366
389
24
681
741
634
398
709
450
115
612
504
937
37
137
268
917
13
388
393
68
807
758
936
602
39
948
998
979
603
419
321
730
452
356
144
441
134
385
343
956
58
483
277
568
102
160
276
418
448
695
768
633
477
69
161
1001
912
259
800
509
274
260
553
626
411
357
311
1008
300
365
324
967
427
779
302
905
396
420
475
507
247
910
943
267
433
662
329
693
301
428
559
952
727
973
781
370
947
950
278
974
650
394
299
982
535
759
778
310
361
279
753
944
687
726
309
362
525
751
725
1004
682
503
980
748
747
749
298
554
306
1013
625
363
275
716
332
715
461
750
683
981
364
333
1005
527
717
401
395
331
399
718
528
429
406
714
746
657
330
307
497
942
526
308
498
555
342
334
1014
338
372
911
374
340
694
335
529
341
593
432
587
588
400
430
405
561
367
339
752
431
373
369
719
556
500
594
530
590
337
564
464
336
499
562
496
589
557
494
596
558
688
368
721
689
495
532
720
595
563
462
531
463
