418
446
697
531
475
474
447
391
65
558
198
419
226
80
503
590
559
171
228
67
68
696
142
389
170
702
586
614
282
199
79
618
530
621
66
81
118
417
200
612
254
734
256
646
611
698
315
502
726
388
360
478
93
143
139
14
733
257
651
283
402
591
390
59
114
563
225
64
566
610
425
607
290
288
287
564
451
640
336
361
144
579
317
580
44
308
693
499
565
448
15
97
316
637
86
740
115
450
330
125
589
662
95
542
578
695
255
401
76
581
736
678
508
289
158
383
353
432
543
167
124
403
650
121
356
263
748
7
493
96
759
126
619
516
185
705
120
623
445
605
25
634
671
29
202
212
117
31
122
22
506
399
216
132
69
500
438
632
556
77
663
649
329
384
666
732
296
98
497
180
382
429
169
406
325
291
344
30
606
752
99
453
452
55
326
162
405
60
668
510
189
584
613
309
260
26
18
622
404
246
665
633
756
454
730
5
91
16
183
83
179
757
56
593
704
354
159
473
583
94
53
300
0
51
751
689
444
504
203
492
673
174
387
604
648
407
409
482
636
11
85
358
644
201
654
87
436
205
471
676
70
728
227
494
408
431
507
749
208
664
628
657
514
426
596
725
4
100
157
84
127
496
735
439
213
141
495
551
729
33
190
430
272
1
515
727
151
755
635
512
427
10
562
265
258
577
381
441
237
552
58
758
631
476
161
720
456
540
463
609
8
218
152
111
658
186
204
318
645
177
550
656
244
595
229
667
264
400
215
134
187
509
176
412
123
582
415
2
437
455
638
782
468
235
302
560
428
153
285
608
196
148
236
266
599
217
413
481
299
242
594
206
553
467
89
17
479
555
19
491
775
301
274
378
783
82
146
74
175
355
442
472
270
616
513
653
538
119
660
28
544
129
271
659
380
524
440
630
364
6
231
699
433
627
109
52
245
517
214
233
352
327
537
700
701
24
681
411
149
435
188
131
410
470
459
365
172
652
434
464
359
615
211
377
154
234
61
267
182
597
526
160
541
694
224
487
780
683
374
511
168
754
243
32
279
687
210
328
465
262
295
338
92
128
483
684
677
343
21
20
130
373
498
261
269
268
570
536
626
600
184
620
232
770
259
781
147
519
462
363
307
3
771
140
629
617
195
672
764
655
73
643
661
518
240
9
324
101
598
521
547
209
207
484
466
525
546
469
155
763
230
27
357
779
766
286
603
303
311
35
163
488
275
57
345
54
714
527
561
528
385
314
486
520
575
762
145
423
379
375
568
682
414
376
47
36
573
569
298
280
572
71
458
150
548
178
23
549
588
602
112
350
489
485
669
340
310
43
238
480
765
181
574
252
601
554
711
13
535
72
75
49
48
585
679
397
739
624
567
737
532
313
731
461
156
776
366
424
103
571
692
592
293
767
760
460
337
691
522
421
625
576
647
239
395
680
292
50
241
319
490
690
331
398
416
113
273
12
63
777
294
545
297
102
45
686
164
523
539
641
396
367
772
372
768
386
715
348
457
133
747
34
346
685
349
688
721
392
351
774
173
750
716
443
323
753
332
712
639
223
505
78
719
744
191
322
46
166
347
320
420
342
370
38
116
39
368
135
62
371
