111
546
830
1018
204
831
541
888
609
201
790
236
205
180
1003
233
171
202
918
1006
263
766
2
185
52
167
820
806
234
86
789
615
198
261
578
130
939
852
902
664
951
581
110
79
582
232
1007
635
670
972
811
765
54
994
809
214
213
822
143
1023
142
698
986
224
390
976
576
296
225
297
0
699
60
131
841
983
677
586
87
291
957
894
760
226
318
571
793
169
203
829
73
479
740
895
891
601
322
384
100
804
3
514
794
642
28
99
732
674
481
148
858
265
701
128
545
192
77
253
707
122
812
803
166
985
44
645
47
567
700
117
227
480
354
170
217
887
43
770
174
632
673
1019
447
884
50
41
848
773
675
478
485
873
295
513
472
665
76
1020
508
11
114
517
149
10
482
933
916
486
125
9
1016
195
835
753
168
231
672
970
828
412
21
771
757
920
938
802
164
449
926
163
353
32
325
15
949
382
97
416
229
958
706
7
737
614
66
600
775
109
8
386
515
85
173
544
72
641
106
74
256
988
855
989
266
417
1022
141
5
857
668
53
579
243
767
136
547
739
575
643
955
104
454
667
834
133
512
75
193
257
801
874
288
159
484
539
132
917
248
80
105
987
604
519
64
40
762
549
734
65
451
42
33
35
258
16
365
922
119
763
178
644
639
245
146
320
640
883
108
580
422
71
101
695
861
923
45
78
792
1000
421
162
413
103
805
915
36
731
964
1
516
676
522
12
293
55
352
450
414
969
613
730
862
410
736
610
666
113
172
343
548
573
606
165
799
14
92
223
704
139
1017
228
605
90
387
931
138
135
150
808
474
415
483
20
98
6
703
46
968
453
995
791
84
853
864
70
177
776
396
735
81
954
300
290
274
572
448
934
147
764
116
906
452
973
953
1021
717
242
903
51
738
442
140
19
796
385
268
574
772
634
137
418
950
543
286
821
444
963
536
636
389
999
833
355
892
107
758
984
280
94
409
608
542
1015
965
419
39
868
836
17
693
930
708
38
68
34
621
937
292
393
948
523
832
1008
13
705
769
997
96
380
259
287
568
129
966
823
67
277
397
718
602
145
118
102
37
854
998
867
671
388
924
134
974
777
795
633
727
713
289
321
603
89
860
824
69
709
638
741
627
1001
112
366
95
383
441
982
246
768
319
493
379
276
316
662
880
420
993
255
996
260
161
936
378
898
979
267
890
628
827
810
612
879
540
160
18
443
866
1012
115
889
929
301
967
935
356
650
221
947
446
476
381
62
22
681
865
981
504
759
357
943
807
607
31
349
725
956
445
306
158
751
622
905
781
910
800
144
1004
324
156
863
745
912
123
222
897
553
427
329
285
283
126
1005
127
315
656
726
687
411
338
398
191
120
980
216
1013
189
1014
952
394
475
428
284
311
26
346
362
750
507
157
361
299
23
88
190
509
278
477
333
372
63
184
942
364
683
310
779
944
309
347
591
554
220
57
363
560
298
716
749
56
535
275
524
351
334
694
395
682
752
719
503
406
331
657
401
626
367
337
433
247
335
24
369
721
332
715
336
399
330
339
587
405
747
748
342
465
400
911
778
58
689
307
308
279
688
368
340
374
555
714
847
720
429
373
432
625
588
461
341
746
559
431
525
500
497
430
528
556
464
589
527
498
526
590
593
596
557
499
558
532
496
494
564
463
595
529
495
531
462
563
561
594
530
562
