240
116
376
572
369
396
291
394
490
546
403
704
434
462
432
461
712
181
398
294
267
518
489
348
424
187
395
463
615
431
600
574
436
397
562
375
519
547
297
722
544
492
599
355
466
351
571
304
383
319
305
247
399
723
182
374
239
629
220
385
9
245
372
602
299
149
491
346
215
236
243
411
729
269
460
234
219
650
28
295
628
323
405
133
699
493
164
573
430
644
352
384
406
150
755
233
456
264
781
684
278
378
114
579
324
683
382
417
10
261
711
29
520
626
623
379
209
730
402
227
627
313
425
11
140
16
516
171
82
438
271
427
400
59
621
205
386
241
347
327
464
521
309
782
296
532
616
141
176
172
465
645
8
407
588
390
32
701
19
459
681
202
244
524
576
415
260
656
435
350
270
268
175
373
515
480
649
137
653
437
300
596
439
413
321
246
129
423
30
496
620
230
598
657
558
410
522
724
633
144
212
226
468
254
669
535
476
18
671
106
506
453
349
272
231
163
455
654
552
488
154
302
136
194
284
575
17
486
222
218
526
758
441
494
442
130
757
662
380
5
783
401
428
301
592
274
160
174
190
377
429
409
686
443
186
259
613
33
183
107
41
312
775
696
3
470
52
414
495
242
125
155
617
564
381
167
655
213
110
173
138
497
157
361
325
420
467
408
426
204
485
682
115
162
583
523
25
147
333
393
58
779
158
499
237
362
471
604
710
603
337
474
120
109
326
131
606
728
292
513
539
553
457
364
127
555
469
159
487
311
540
635
753
542
447
631
273
543
266
354
589
702
512
13
568
124
256
101
200
607
12
126
191
674
697
538
483
550
454
203
484
577
559
214
570
569
161
760
63
548
353
481
229
511
293
498
675
184
510
580
119
389
391
265
210
566
225
170
507
528
365
444
605
567
527
122
62
61
238
143
45
118
537
563
388
637
648
556
478
392
421
416
105
156
445
228
482
128
89
192
320
34
193
113
88
541
211
185
98
536
610
647
578
169
642
549
36
87
142
103
334
387
508
35
99
479
698
509
108
102
60
117
306
100
95
529
505
166
477
201
614
195
77
618
591
472
726
531
51
449
557
761
79
78
49
50
473
96
422
69
97
451
450
646
75
223
197
94
224
670
104
70
590
48
93
64
47
76
91
92
90
37
38
73
46
71
74
72
68
65
66
67
