530
338
558
502
766
253
199
363
279
307
310
773
282
769
504
81
678
114
705
198
366
145
676
708
677
770
448
506
390
171
281
742
750
226
531
752
737
736
447
586
765
254
738
418
735
776
394
80
475
419
775
747
771
733
743
706
734
559
391
779
749
474
525
417
335
707
283
440
446
748
308
170
709
389
744
442
704
222
336
411
285
412
772
777
452
684
134
86
42
751
424
651
468
311
466
572
257
693
340
679
194
535
216
745
280
252
718
601
629
177
115
470
778
143
173
109
533
503
132
146
741
602
698
656
439
697
469
516
174
225
627
15
534
258
764
746
202
55
26
521
657
393
228
441
255
286
507
256
368
434
144
361
200
421
477
495
176
148
762
768
497
505
522
726
292
767
721
14
523
673
212
600
557
305
683
630
186
178
213
287
480
467
396
337
563
179
562
367
754
189
573
362
395
544
501
328
774
560
621
543
24
438
628
680
313
414
524
4
714
589
425
551
579
330
22
454
462
196
83
215
588
457
759
456
11
465
599
16
29
9
84
118
498
117
493
781
671
564
182
184
500
172
612
571
640
650
460
131
685
478
246
443
758
31
415
725
716
526
383
517
53
494
231
565
260
210
316
700
7
290
496
756
259
730
30
344
101
169
56
312
214
624
458
617
298
689
379
682
339
710
111
378
728
140
211
133
483
341
25
291
453
272
351
289
136
729
672
318
406
180
243
486
6
431
782
82
760
488
204
227
319
515
288
618
327
137
302
271
696
701
19
203
520
713
20
322
314
547
175
436
168
1
385
181
546
185
616
574
643
206
0
10
17
320
492
197
720
455
545
719
317
410
300
703
217
615
274
641
130
149
463
461
482
413
625
27
116
757
654
702
430
18
717
649
162
518
233
208
655
28
763
240
384
479
585
626
187
85
183
323
329
658
205
355
604
112
301
668
755
309
125
21
512
245
727
399
350
141
675
423
244
8
450
576
293
476
230
532
490
237
99
32
342
190
485
584
715
780
598
645
644
537
739
783
407
388
164
138
548
484
426
561
234
5
566
550
623
241
593
370
299
761
382
622
681
541
129
207
536
294
552
444
100
459
23
343
722
539
590
57
596
3
98
509
687
374
142
188
52
674
315
553
491
577
2
487
449
686
514
270
135
753
263
261
659
268
529
358
519
699
587
147
648
265
508
103
435
43
113
262
380
408
603
163
273
218
235
471
209
400
201
402
489
613
427
297
269
232
540
236
54
356
670
481
740
692
242
153
404
229
433
594
472
353
219
401
326
549
451
661
568
731
632
405
321
653
324
694
126
239
155
44
127
124
284
499
409
597
151
152
511
542
432
33
646
156
59
128
669
352
346
575
554
662
633
375
158
428
377
250
369
437
264
429
89
120
381
510
464
711
119
325
397
609
160
372
570
538
607
403
580
606
688
528
345
373
578
581
569
513
652
165
732
364
150
296
154
102
635
371
555
527
398
660
192
159
634
221
354
95
631
416
123
121
724
266
295
663
161
157
278
58
620
582
267
636
567
238
96
191
104
306
712
592
614
348
247
691
333
275
583
420
105
690
347
638
422
595
357
605
665
106
556
108
386
61
608
365
392
376
666
637
122
664
220
303
97
610
695
277
349
647
94
331
12
619
591
110
249
93
139
70
276
387
195
13
73
359
92
251
74
76
723
248
167
77
65
69
360
