65
675
502
676
774
615
418
560
306
772
68
279
557
82
671
768
760
782
701
529
4
222
450
477
588
334
761
698
533
58
558
449
562
505
169
93
92
765
613
773
25
561
503
366
628
669
249
74
224
758
390
629
508
592
106
753
677
165
39
479
40
72
736
47
585
451
696
67
118
146
587
627
75
361
168
474
446
339
333
36
556
746
568
395
38
528
200
745
740
43
335
157
37
389
569
417
721
213
240
769
780
85
242
749
307
135
139
221
445
250
3
44
269
17
280
781
170
739
656
501
779
752
285
728
254
166
133
567
141
14
504
252
197
16
364
282
506
57
601
113
527
646
28
1
367
195
507
23
225
119
56
50
499
284
770
697
337
54
725
228
143
311
98
775
534
751
622
52
229
452
645
185
476
136
641
600
86
241
648
743
94
742
22
362
214
767
163
620
595
193
288
650
447
559
599
257
526
59
278
266
563
227
706
535
590
541
618
11
597
540
537
186
132
287
573
566
192
134
464
126
596
565
125
194
158
381
248
160
97
259
542
572
690
353
531
634
783
382
716
260
268
354
81
258
352
594
471
124
574
161
408
633
626
340
570
679
554
463
184
515
220
491
724
127
500
99
589
128
460
497
519
305
431
598
652
325
286
304
473
276
100
660
509
156
539
625
481
635
380
239
265
680
661
663
289
237
130
383
212
131
571
261
277
122
662
547
623
297
238
290
154
606
376
101
510
148
159
546
236
672
432
619
436
162
8
96
204
188
607
624
263
496
129
593
153
543
235
232
234
384
321
632
689
419
231
355
123
731
264
688
602
691
262
511
281
326
216
605
27
459
121
293
553
424
764
155
341
34
555
95
681
551
443
630
488
104
230
332
84
442
61
475
584
700
578
175
49
309
435
189
69
422
30
410
336
636
201
105
704
26
331
762
670
138
470
586
33
581
215
42
31
682
439
324
32
102
314
89
176
525
20
621
64
191
564
727
580
256
732
538
292
21
642
726
70
441
612
759
393
687
251
187
674
412
267
666
409
536
404
579
757
63
203
495
478
498
77
733
608
472
142
48
24
115
730
19
734
233
667
392
653
223
413
448
291
394
303
313
45
10
205
360
2
692
41
469
683
5
87
440
103
754
190
152
552
80
294
79
575
198
705
524
18
9
576
219
15
73
639
702
717
6
218
480
403
649
604
66
520
363
270
659
512
654
468
685
312
46
616
420
62
349
776
655
640
523
114
710
388
718
577
173
756
13
603
226
492
678
686
548
208
116
217
544
763
76
0
657
631
120
29
60
684
467
482
308
658
532
664
487
438
55
296
90
83
703
411
545
712
483
711
209
755
111
315
614
196
150
88
415
202
255
356
109
338
643
147
708
140
145
177
391
365
550
610
582
302
709
699
609
167
549
7
273
108
112
771
713
617
521
316
729
651
747
164
644
611
179
693
423
778
637
283
180
301
53
253
244
416
444
750
738
35
137
385
206
245
182
638
522
513
107
149
144
243
183
453
591
414
246
310
707
516
377
