590
474
670
362
197
446
477
171
618
96
449
283
646
676
390
114
696
306
505
705
311
143
115
418
708
334
647
169
675
472
531
589
473
557
44
450
89
221
305
563
335
137
648
421
706
363
535
447
591
707
92
678
566
744
81
95
256
117
702
80
712
118
529
43
251
109
333
361
668
710
282
222
170
391
144
130
471
249
724
138
556
726
564
709
693
165
91
507
72
74
558
350
145
669
451
779
506
745
193
279
199
94
583
388
741
704
713
475
502
123
651
559
444
228
698
86
743
174
255
748
307
610
127
443
425
125
569
682
113
747
156
254
733
685
124
90
528
619
389
525
119
614
98
162
243
686
655
746
568
679
567
767
717
201
653
711
650
99
142
749
642
194
470
718
274
108
738
186
404
681
424
184
289
126
719
318
393
611
654
290
97
202
310
753
478
100
592
639
565
448
396
400
697
742
452
259
173
714
323
346
406
495
192
467
223
441
120
439
578
378
42
76
728
104
766
172
536
677
216
399
128
56
617
16
683
272
209
93
175
440
122
509
673
267
299
652
684
270
581
667
242
680
246
230
300
549
208
302
298
594
442
14
296
553
604
319
671
503
720
554
479
608
237
198
657
466
234
782
588
25
322
200
492
236
758
730
188
131
295
757
55
700
410
155
602
141
547
22
30
257
739
301
575
226
121
4
31
84
235
623
603
238
737
26
328
258
624
380
695
327
24
740
631
352
189
407
29
458
271
501
18
480
324
15
735
562
759
493
555
412
229
7
527
225
65
539
752
338
351
303
149
385
146
17
635
770
286
616
384
457
330
53
10
419
227
584
626
622
70
83
150
734
771
621
132
411
379
541
355
340
545
329
253
348
736
417
775
659
530
612
454
331
489
542
511
488
490
586
518
67
69
358
308
68
751
360
359
