0.0522213
0.049164772
-0.13505459
-0.1876688
0.030251503
-0.062156677
0.15881872
0.09281111
-0.111551285
0.20442867
-0.028799057
0.17047834
-0.4442997
-0.2619915
0.20893574
0.3195963
-0.062662125
-0.050566673
0.22252989
-0.058238983
-0.050922394
-0.05629921
0.15561914
0.16111946
0.03855896
-0.04284954
-0.01269722
-0.03530979
-0.13712597
-0.10503864
-0.13775826
0.1514678
0.06149006
-0.14083004
-0.31630135
-0.20675468
-0.32017994
-0.109516144
-0.14981747
0.63317204
0.59658384
0.26716757
-0.21091557
-0.502655
0.22295904
-0.096595764
-0.03492546
0.031852722
-0.027179718
-0.31578922
-0.27445602
-0.18986988
-0.21178722
0.03952217
0.09180975
0.008089066
0.032632828
0.010737419
-0.17454433
0.4842949
-0.15463352
-0.10791206
-0.094680786
-0.10065746
-0.1933136
-0.19876862
0.33027267
-0.013074875
-0.14956665
-0.63348675
-0.7143793
-1.1703625
-0.7205086
-0.33194923
-0.43602943
-0.5449333
-0.5314703
-0.26563072
-0.37935925
-0.40786648
-0.004763603
0.061896324
-0.20118237
0.1429553
0.048851013
0.06397772
-0.72520924
-0.21044445
-0.16397572
-0.21218872
-0.071388245
-0.06736183
-0.38579082
-0.6094265
-0.59777546
-0.5231018
-0.83371925
-0.677083
-0.57163525
-0.46581936
-0.4621601
-0.11107826
0.016087532
0.098994255
-0.21945095
0.21269083
0.626986
0.17242861
-0.21768856
-0.12682438
-0.1718998
0.17834282
0.1280117
-0.38120174
-1.2289867
-0.60562325
0.31563282
-0.8364296
-0.6959028
-0.33287525
-0.5498581
-0.17318535
-0.6835089
-0.017178535
0.28640985
0.33006
0.3379879
-0.30197334
-0.32245445
0.15916824
0.1031518
-0.15678406
0.21174765
0.014971733
0.34970284
0.84490824
0.57944345
0.83947945
-0.5870304
-0.22420025
0.13980865
-0.15276241
-1.1900625
-0.84091854
-0.68136024
-1.0240669
-0.38238335
-0.2970667
0.56067324
0.05729866
0.23606253
-0.36934853
-0.042420387
-0.058075905
0.118415356
-0.34577084
-0.22679806
0.20193672
-0.15892696
-0.1224041
0.032497406
-0.33634758
-0.39371872
-0.061652184
0.023228645
0.97303295
-0.28039455
-0.186409
0.24115658
-0.49062824
-0.26524353
-0.42590523
0.044241905
0.10090256
0.1464777
0.26032257
0.14538193
0.14909077
-0.047195435
-0.03247261
-0.14527225
-0.12345123
-0.106573105
0.25428486
0.16209078
0.24331665
0.07956076
0.098508835
0.10631418
0.23706102
-0.06313133
0.23517513
-0.083086014
-0.10505581
-0.31729603
-0.12175369
0.29914474
-0.8597517
0.2992072
-0.4927578
-0.30391502
-0.084555626
0.30158424
-0.014666557
0.14654398
0.21747446
0.16286755
-0.07762146
-0.17988491
-0.1699009
-0.015619278
0.3135829
0.1912198
0.24584961
0.051496506
-0.064884186
-0.15632343
0.008900642
0.14590359
0.119606495
0.8049369
0.7369499
-0.4612007
-0.122395515
0.16044092
-0.83322525
0.044317245
-0.28800678
-0.5991764
-0.257473
0.03731823
-0.043279648
0.3045931
0.24807024
-0.036824226
-0.04124546
-0.11685562
0.032301903
-0.09452057
0.108291626
0.25013447
-0.04043007
0.16304111
-0.045949936
0.007733345
0.18657732
-0.25909996
0.4574809
0.7742734
0.32282066
-0.6882477
-0.45293903
0.19013977
-0.24121666
-0.12232494
-0.34279633
-0.7757902
0.49348116
0.29917765
-0.24591541
-0.18647194
0.0811677
0.25861883
-0.17654324
-0.18241787
-0.20202732
0.10817623
0.13541698
-0.021390915
0.13207197
0.3545332
0.3396535
0.29320717
-0.04001999
0.035959244
0.15192986
0.39039516
-0.6336689
-0.80609035
-0.03887844
0.074160576
-0.18765259
0.28619862
0.029554367
0.08518028
0.43412447
0.19696283
0.2852707
0.3144164
0.32108974
0.17858171
-0.2206335
-0.37620926
0.08256054
0.16553307
0.14238548
-0.06459713
0.23936081
0.39996052
0.47350645
0.63721466
0.2863226
0.30348969
0.35470343
0.14772844
-0.5064621
-0.4773264
0.084916115
0.25493383
0.21492958
0.25965834
0.03477955
0.024128914
0.162889
0.44114113
0.4134717
0.44364262
0.36165524
0.47714615
-0.108683586
-0.12321186
-0.1282978
0.20862293
0.20831156
0.016204834
0.22769833
0.27099657
0.33416367
0.56108236
0.72557735
0.69368935
0.15031242
0.010871887
-0.46935272
-0.35638523
-0.89012814
0.24298286
0.081940174
0.7122531
0.4701352
0.31690836
0.4385519
0.37866116
0.2094264
0.48253393
0.2755704
0.36553192
0.15582418
-0.31116772
-0.11666775
0.407279
-0.045830727
0.026453018
0.2861967
0.25532627
0.49496126
0.5656667
0.58576965
0.85829973
0.7182121
0.53555584
-0.35129547
-0.6719866
-0.66674423
-0.66891766
0.11644077
0.32493162
0.3331747
1.5178251
0.6791506
0.40508747
0.4048109
-0.04523182
0.0116119385
0.3727169
0.381186
-0.0748148
0.17563295
0.26630163
0.013627052
0.011577606
-0.12449646
0.17333174
0.53275204
0.045022964
0.31790066
0.6061158
0.5924449
0.369493
-0.14931297
0.07682371
0.09708357
-0.2956066
-0.15007305
0.49696207
0.63280964
0.59074306
0.61664915
0.6770034
0.5544758
0.33068466
0.40465736
0.68028736
0.25623226
-0.047418594
0.11266136
0.2651248
0.20680809
0.117943764
0.2382369
0.33344316
0.23474789
0.3905449
0.0020580292
0.41732454
0.4121375
0.6003866
0.5430565
0.51556635
0.9428668
-0.065888405
-0.7160597
-0.6567602
0.64805794
0.8879671
0.57763386
0.038866043
0.3661065
0.49652863
0.518435
0.34398317
-0.13216972
0.247118
0.36191702
0.633482
0.0526886
0.20968342
0.34849215
0.3883686
0.34301996
0.29610825
0.16563082
0.17071152
0.43358898
0.37801075
0.5765414
0.7706289
-0.095396996
0.25283813
-0.49211502
-0.8554859
-0.15532589
0.5460901
0.23092937
0.38195133
0.783309
0.6968918
0.05107689
-0.092336655
-0.12743378
0.049983025
0.48301268
0.6443553
-0.1682167
-0.20869064
0.64808846
0.4221201
0.049443245
0.17070007
0.12904882
0.19412422
0.5186157
-0.2446289
0.24610758
-0.121032715
0.15407228
-0.07690239
-0.9613085
0.04052925
-0.29894733
0.19376945
0.58791494
0.54570246
0.5437679
0.48275566
0.48463726
0.19519854
0.10552597
-0.052944183
0.2187686
0.36537218
-0.08698177
-0.37352657
0.5544863
0.36364174
-0.0814724
0.22692299
0.019426346
-0.070687294
0.0379858
0.7349
0.5612874
0.24366093
0.55342436
0.40136242
-0.82981586
0.19588137
-0.55677414
-0.04717636
0.51976156
0.43353367
0.29216242
0.28973246
0.01523304
0.33019876
0.15294743
0.028717995
0.32653284
0.11055231
-0.007382393
-0.1064558
0.28300238
0.012489319
-0.07211876
-0.039611816
-0.124479294
0.0013933182
0.1410346
0.17607212
-0.66833687
-0.237957
-1.1138887
-0.5337124
1.2290707
0.7658901
0.014717102
-0.052386284
0.5804486
0.2005949
-0.14553165
-0.04412079
-0.3148756
-0.19523144
-0.1997261
0.15561819
0.45615053
0.15264416
0.22272253
0.19354916
0.039380074
-0.19502926
0.15357971
-0.080023766
0.06909704
0.02425003
-0.14454937
-0.2588911
-0.97232056
-0.7730856
-1.1756897
-0.013206482
1.076292
0.67139435
-0.24303532
0.45559502
0.7868557
-0.18566513
-0.32614136
-0.4637556
-0.4130764
-0.40493107
-0.3810606
-0.45160198
0.12717295
0.32769632
0.22223473
0.237926
-0.08143616
-0.5206957
-0.34509754
-0.40568542
-0.18496037
-0.36952782
-0.21783638
0.016635895
-0.3999052
-0.93544483
-0.29133224
-0.87014484
-0.22268295
-0.63791084
-0.3806734
-0.24531937
-0.03435707
-0.3477068
-0.30595112
-0.13780785
-0.10163498
-0.338192
-0.19082451
-0.14554214
0.17218733
0.44768238
0.342278
0.08627844
0.28679132
-0.18011189
-0.4845152
-0.3705721
-0.30152988
-0.3136835
-0.16849327
0.27938986
-0.6858654
0.34709644
0.3985219
-0.7688627
-0.67714405
-0.5777178
-0.36333942
-0.55590343
-1.0772848
-0.3284979
-0.11395931
-0.084795
-0.16565514
0.044908524
0.22325039
0.3591957
-0.11608887
-0.0059947968
0.47163868
0.124470234
0.42254114
0.10246706
-0.39015388
-0.3522644
-0.26477623
0.05084324
0.03673172
0.16327953
-0.1757946
-0.26931
0.64864445
0.051278114
-0.19884586
-0.66336155
0.4391241
-0.40346813
-0.5883455
-0.16404724
-0.035910606
0.14813328
-0.1671238
-0.020540237
0.08148289
-0.09002018
0.018278122
0.1981225
0.0025072098
0.16683817
-0.015172005
-0.030827522
-0.32948494
0.035754204
0.054748535
0.30625772
0.12838984
0.3742237
0.039598465
-0.9281969
-0.1809187
0.1362772
-0.02089119
-0.20006466
-0.15587139
-0.065644264
0.35116863
-0.39172173
0.08472967
0.34274817
-0.092606544
0.21754885
0.08371353
0.065413
0.16482544
0.06840944
0.00952816
0.38103724
0.08220196
0.15661478
-0.014047623
0.164361
-0.11110592
0.7308378
0.11385155
-0.39688396
0.19534683
-0.73832417
0.13906384
0.057917595
-0.19340229
-0.44149685
0.44824553
0.3157258
0.5854149
0.039669037
-0.2575369
-0.21396351
-0.023117065
0.3298192
0.31967926
-0.09314442
0.36190414
0.3202057
0.2721629
0.35113811
0.29379082
0.3395915
0.031568527
0.26360035
0.4115219
0.019976616
-0.18926525
-0.5692034
0.1792903
-0.4488268
0.10281038
-0.07224178
0.02124691
-0.10333824
0.44538498
0.63182354
0.74145555
1.1841378
0.15423489
0.08014107
0.25551367
0.34807825
-0.1393032
0.3492279
0.23935986
0.60029364
0.040060043
0.050004005
0.08273935
0.08767176
-0.22211647
0.16883183
0.01612854
0.64562607
0.69330883
0.51556206
-0.40454006
0.059067726
-0.066617966
0.20979643
-0.16901112
-0.24792957
0.10138941
-0.4995489
-0.47934437
-0.09904671
0.14971924
-0.1361351
-0.32083702
-0.19090939
-0.23575115
0.04911995
-0.29306126
0.14965773
0.19068718
0.0044908524
0.22054482
0.8458209
-0.32648754
0.751451
0.060100555
0.559041
-0.13463306
0.10637283
0.018787384
-0.1343689
-0.16226959
