435
436
492
434
403
623
624
402
653
654
659
685
655
592
652
469
437
491
797
404
466
468
459
691
686
304
460
711
467
490
591
27
723
493
457
4
272
620
305
743
619
489
524
29
505
648
523
755
754
656
598
456
971
616
722
371
569
710
370
678
621
782
690
511
599
366
826
303
488
271
487
631
458
82
473
433
537
658
28
940
645
761
825
179
815
941
756
510
77
622
401
660
585
928
765
398
424
83
733
724
52
617
729
816
692
538
785
753
1002
787
975
455
788
100
438
784
927
813
200
560
677
201
551
1007
514
766
635
586
518
522
506
59
61
109
86
630
770
886
399
414
171
480
972
918
803
680
646
273
618
809
199
148
3
783
885
19
830
323
740
520
345
43
465
684
822
169
1010
872
481
552
698
687
131
207
669
786
470
439
838
637
1018
946
254
960
1006
44
167
384
479
976
917
843
583
358
870
901
181
696
950
961
154
513
365
742
391
570
359
951
376
180
47
856
933
642
896
152
400
36
255
840
644
225
230
73
798
381
344
986
939
485
390
817
921
992
962
128
0
60
313
546
932
76
977
699
348
842
675
772
121
632
2
281
423
521
908
904
568
550
835
899
732
54
907
92
449
110
322
774
91
949
674
985
834
697
440
291
252
845
5
326
327
873
657
10
667
11
233
202
781
829
153
780
482
611
877
958
93
35
26
471
166
264
983
839
382
146
793
900
226
212
981
584
891
831
702
794
978
852
130
415
893
235
451
486
957
101
99
367
149
317
600
841
234
701
369
855
223
285
142
87
519
338
407
224
238
959
819
186
168
312
881
133
472
194
771
253
240
51
175
987
916
991
536
801
355
871
707
132
287
372
196
124
818
994
412
895
206
204
349
192
902
97
117
1009
25
1019
143
926
802
676
30
925
116
244
239
763
606
887
609
651
104
663
232
812
256
1003
670
151
869
265
155
108
269
844
183
21
136
810
386
354
982
318
737
290
903
416
379
182
188
163
739
284
41
638
164
450
478
350
392
198
50
122
876
789
421
113
647
601
672
360
85
922
210
335
111
208
915
875
328
72
408
639
288
790
294
1
963
823
673
1023
909
114
541
301
666
375
8
245
211
159
78
858
20
410
668
222
664
263
286
906
930
571
45
15
641
214
49
504
728
988
931
508
854
257
984
334
227
862
935
302
94
106
213
804
162
297
447
610
325
259
773
919
127
970
604
197
185
316
174
1017
387
266
432
636
948
268
898
1008
383
484
679
757
353
218
544
920
700
14
649
215
352
990
296
547
567
79
553
578
147
864
90
515
882
938
378
249
736
320
577
55
306
955
945
954
270
853
53
828
158
947
454
914
704
150
588
137
7
964
170
205
193
857
292
859
512
665
566
103
75
542
1016
517
138
141
888
452
545
731
752
712
708
965
156
118
419
105
74
258
125
923
769
1011
966
661
894
95
413
884
237
46
380
246
96
995
126
738
820
324
115
261
929
347
762
643
861
924
760
300
706
718
446
543
980
243
42
969
262
209
849
443
953
356
319
176
483
867
943
311
62
389
40
165
293
539
806
236
792
64
837
968
203
231
119
973
123
184
799
221
267
321
187
346
814
33
878
730
874
32
217
735
195
613
9
337
824
442
343
251
615
241
339
425
333
315
555
833
357
69
120
229
89
634
582
135
219
248
65
768
795
474
989
934
937
68
70
587
892
890
979
397
605
12
220
572
88
377
502
71
276
48
274
314
705
178
139
289
81
744
277
134
796
936
173
579
228
145
417
614
351
336
974
190
66
997
703
6
295
453
832
250
216
640
280
910
102
157
368
811
850
576
573
247
629
767
805
242
688
1001
808
993
851
671
721
821
734
866
549
607
750
34
1020
418
942
1022
283
160
411
777
751
282
385
80
709
189
999
581
764
848
388
140
129
775
693
540
67
63
554
603
749
633
161
548
827
260
967
84
574
868
575
476
426
998
441
602
741
144
1021
897
98
172
1012
509
31
516
883
865
717
112
406
13
1015
191
944
836
56
507
444
800
556
913
107
996
889
807
38
681
719
525
905
428
713
501
535
299
18
956
791
725
715
22
39
37
177
503
863
860
23
625
650
393
952
776
662
846
278
427
565
16
461
405
409
1014
1013
422
695
627
1000
1004
24
912
475
597
716
17
612
279
589
534
758
580
448
361
420
880
682
57
298
779
689
683
745
477
1005
340
329
275
608
748
58
431
628
720
533
332
310
879
445
911
309
747
714
847
331
727
559
778
307
726
626
694
374
362
759
498
429
394
308
363
373
364
590
396
330
499
557
746
342
341
464
500
528
395
596
527
497
593
430
526
564
558
494
595
496
529
561
532
530
594
495
563
531
463
562
462
