492
460
491
493
461
523
560
592
428
429
624
524
525
397
692
459
398
623
527
528
631
655
559
816
599
490
785
660
786
598
494
436
366
656
518
661
817
403
427
458
486
396
939
404
363
815
908
784
4
725
662
630
724
761
693
202
240
395
787
617
399
390
522
723
365
754
75
331
971
303
712
789
526
3
755
691
743
696
680
765
970
992
422
788
722
489
756
435
208
371
766
488
664
1006
793
920
597
663
180
234
938
57
29
322
437
5
771
677
974
993
61
740
362
907
728
311
266
246
875
226
818
876
1018
201
753
729
359
358
960
45
814
181
278
26
133
272
227
389
646
566
106
783
148
245
843
357
711
149
134
701
265
0
326
215
6
922
998
60
591
654
790
195
163
74
453
89
273
961
910
744
448
449
455
353
310
59
142
44
27
487
959
258
354
132
93
1019
798
811
917
469
678
919
955
994
343
15
30
697
169
97
86
214
830
271
416
611
585
147
312
739
645
450
877
46
481
167
519
91
170
991
296
284
835
221
68
232
297
213
752
141
483
829
772
85
733
168
179
909
797
924
196
79
949
281
94
384
707
162
757
105
975
286
200
62
90
58
166
65
985
1003
327
43
279
926
878
604
953
513
2
973
434
136
28
600
438
364
233
950
958
705
344
192
987
182
735
635
977
927
506
957
737
614
861
52
157
12
675
842
906
405
834
538
143
577
318
153
452
320
185
578
386
199
36
669
702
468
348
568
659
867
862
848
610
704
549
376
925
918
316
1009
679
118
282
603
150
738
810
35
821
379
285
569
283
482
721
406
967
668
505
321
799
644
886
570
135
894
514
990
183
456
978
317
264
280
11
581
95
381
88
986
470
537
352
895
863
667
770
893
100
121
248
253
126
375
512
945
643
736
347
239
474
981
137
982
997
639
767
411
220
905
350
734
962
802
73
103
255
946
291
414
916
231
937
921
637
380
104
387
546
55
247
110
349
154
377
576
579
539
138
342
254
413
256
442
224
25
47
54
92
932
605
315
608
638
672
632
928
609
544
572
122
951
328
222
412
225
896
510
948
536
573
447
409
191
48
252
77
117
37
540
1005
479
636
441
287
706
84
676
674
473
69
574
444
796
443
263
1022
251
125
979
898
439
709
670
313
606
374
319
165
478
575
152
642
7
249
913
194
78
259
17
571
16
831
49
613
936
476
543
477
189
836
324
346
634
351
509
323
730
382
1010
612
294
700
629
480
742
217
410
607
804
423
159
111
769
866
244
800
188
803
51
699
417
325
844
673
378
345
127
968
976
155
407
314
306
408
515
1023
508
235
1002
383
941
640
545
128
187
929
582
426
440
708
277
732
131
83
887
391
114
81
356
511
156
32
972
698
1001
520
601
565
53
115
288
120
891
64
38
475
980
641
900
471
897
826
504
82
151
855
930
904
164
541
845
947
551
415
457
198
874
160
885
666
828
768
113
72
647
116
190
1013
847
355
865
158
969
385
212
446
965
445
219
250
472
66
309
367
1014
295
542
1011
42
690
686
373
923
41
146
184
710
942
792
760
262
507
124
671
840
892
868
1012
940
819
31
109
567
860
618
963
1
547
731
186
329
330
602
933
14
823
741
24
223
451
944
954
864
218
1017
822
119
854
216
983
1000
70
931
859
809
123
996
304
1015
633
833
553
10
173
1020
9
872
50
653
19
995
554
372
67
870
903
580
63
454
112
107
388
956
292
87
193
889
80
899
96
102
71
76
174
176
1021
934
550
172
418
988
56
140
935
813
832
503
171
966
869
964
999
257
888
764
1008
665
13
144
290
649
360
801
820
293
23
502
229
145
108
837
846
175
915
648
419
261
586
298
99
989
871
207
424
211
21
1007
241
703
260
467
101
825
890
206
901
849
139
130
952
243
552
33
197
22
289
616
873
305
178
393
392
98
794
300
394
402
230
902
495
421
1004
884
39
276
984
361
773
332
858
129
40
857
841
521
853
299
228
943
548
308
856
775
203
839
302
584
341
824
270
806
370
762
535
695
805
275
18
177
8
912
209
20
812
827
627
880
34
1016
615
795
914
881
333
850
267
161
763
237
337
750
782
596
652
501
911
274
774
879
238
210
882
555
484
838
583
883
500
628
807
517
236
589
340
620
269
425
694
685
851
205
751
558
852
534
338
485
336
791
420
619
533
242
301
204
727
557
307
776
808
759
369
516
715
532
718
268
780
622
339
621
496
466
556
595
564
778
401
687
681
779
781
593
334
499
684
689
758
713
658
746
747
590
400
720
777
335
594
688
587
626
726
464
368
625
588
683
650
749
561
651
745
719
748
717
430
716
657
714
682
531
431
563
529
433
562
463
432
498
462
497
465
530
