492
623
524
491
837
959
825
460
591
523
992
4
655
286
348
1018
559
993
971
872
654
192
771
618
939
949
85
52
826
224
830
12
459
598
766
723
3
493
870
838
793
168
167
181
57
617
586
765
592
960
994
513
871
256
414
555
857
675
0
525
149
991
724
869
630
754
490
624
755
284
587
162
631
927
461
45
11
61
148
707
89
526
25
428
829
51
611
381
981
599
26
117
653
701
990
227
527
798
380
574
13
147
84
133
622
226
955
957
482
429
804
722
805
670
481
585
560
669
136
514
458
794
214
619
59
756
318
494
858
662
371
316
43
135
950
180
785
285
15
543
668
60
195
449
478
154
91
924
663
556
986
322
225
650
77
637
905
922
29
323
958
886
271
839
948
221
656
786
649
489
413
638
44
404
405
605
578
349
163
132
733
970
761
982
166
739
193
46
686
320
867
985
906
450
272
938
457
940
353
635
961
436
479
437
636
495
487
725
7
317
972
115
643
105
83
121
753
138
685
370
255
199
1019
998
288
510
770
806
240
403
740
313
438
253
925
86
528
387
987
291
397
427
215
554
728
483
907
160
1007
213
159
648
926
239
281
975
692
651
597
861
705
916
772
932
179
169
5
652
246
116
396
254
691
435
937
908
515
157
312
134
94
416
604
270
667
917
363
680
974
20
616
512
456
840
544
704
953
784
588
815
711
787
900
855
973
488
379
792
245
265
729
311
577
904
14
816
161
679
486
455
153
743
384
395
350
518
222
843
842
876
191
644
137
1006
453
372
278
106
629
672
296
142
202
470
402
234
364
406
620
817
90
359
118
468
58
506
40
287
606
411
344
75
546
62
697
519
936
538
677
696
875
645
447
343
956
469
201
185
188
6
894
327
390
19
890
303
862
297
53
55
573
266
505
522
664
760
835
584
212
173
678
885
68
868
430
854
426
570
141
247
423
474
194
244
569
47
557
326
207
182
82
273
233
126
