653
723
491
691
654
685
652
492
754
598
659
490
623
435
459
660
436
755
686
624
469
692
655
434
460
402
437
620
403
722
592
566
523
470
524
304
619
458
630
404
207
711
743
493
621
710
785
468
467
457
599
466
305
971
724
4
797
631
928
272
678
489
569
505
537
591
359
327
370
281
622
690
271
881
817
648
784
753
230
756
371
946
264
661
977
206
1010
473
208
313
326
345
487
376
816
940
656
941
366
439
786
761
658
629
175
975
645
826
787
401
358
455
514
239
646
992
1002
684
323
238
518
522
538
199
960
440
438
240
872
742
391
194
729
171
565
825
733
502
616
899
303
870
77
433
546
456
481
424
900
886
344
550
1018
849
235
856
611
788
471
932
585
962
819
803
877
961
843
263
110
677
551
918
896
618
506
838
225
921
617
679
348
109
696
885
635
1007
583
179
642
167
901
972
907
480
384
520
675
291
609
204
407
488
294
774
818
765
392
212
2
845
249
770
196
842
142
925
44
978
322
197
570
680
131
408
939
674
740
43
3
882
510
699
840
360
669
0
513
698
844
273
783
100
224
875
200
986
262
951
852
1006
234
577
47
130
839
226
637
328
390
128
822
815
73
927
143
198
908
933
976
233
76
891
712
702
201
876
904
766
202
707
312
586
111
82
154
848
186
485
252
701
835
482
83
511
632
809
782
48
798
188
52
29
994
317
945
398
181
265
578
850
192
813
893
560
871
521
1009
99
957
985
232
166
841
423
983
152
673
210
789
697
552
1019
644
1011
914
802
902
790
834
27
601
54
991
354
153
732
584
180
215
86
830
829
449
600
820
169
254
647
949
79
11
959
209
917
501
148
737
909
10
793
218
486
176
296
728
794
919
244
399
859
571
261
1003
400
837
873
472
61
121
831
151
91
49
155
869
227
211
182
990
801
663
104
771
519
59
72
375
203
164
205
541
318
597
163
93
124
672
269
545
28
117
651
213
1023
667
641
114
670
214
183
479
174
350
664
739
253
987
534
412
256
887
87
97
382
916
478
92
950
381
41
926
170
149
804
773
21
922
780
5
132
36
133
60
85
15
25
30
414
349
855
895
760
958
533
676
285
888
122
386
639
223
50
74
35
255
757
447
812
159
146
397
116
862
581
416
915
286
355
413
55
94
7
90
508
187
287
284
606
567
517
700
288
297
415
106
113
136
687
19
568
963
828
931
353
237
101
638
125
988
168
970
610
858
894
772
185
536
582
108
410
544
78
290
53
150
547
325
51
851
316
365
236
222
95
245
930
158
119
884
89
8
257
383
147
474
1016
9
127
539
118
799
767
123
369
251
576
864
665
938
878
543
451
156
20
126
604
26
81
735
270
1
195
84
62
706
734
103
703
857
649
579
542
920
162
105
141
377
671
45
454
120
319
668
42
880
913
806
955
219
575
380
744
984
811
379
221
853
75
446
763
861
906
88
193
666
16
421
465
14
32
515
231
115
190
867
792
178
425
643
157
615
948
191
320
266
189
387
367
80
442
995
1008
614
982
953
736
1017
40
846
31
989
229
821
934
268
810
969
607
512
64
66
605
823
417
573
964
295
874
258
63
854
903
923
17
352
217
314
981
814
138
574
276
1022
484
863
184
277
241
954
704
33
634
553
56
378
18
302
791
165
250
636
444
777
343
57
46
443
243
173
504
613
572
293
762
450
796
1020
602
351
311
898
738
58
781
65
929
966
282
935
145
70
965
657
137
892
220
71
627
947
640
924
246
731
979
292
12
315
301
274
300
943
139
441
883
713
968
426
177
775
96
248
708
833
633
68
808
693
6
681
973
228
832
769
135
452
372
937
419
259
549
476
409
389
824
346
24
805
98
216
112
280
540
910
980
347
445
1015
764
836
730
39
242
548
868
603
890
1021
993
795
22
1012
422
69
718
338
758
745
172
509
278
34
1001
453
483
432
936
847
67
283
997
356
705
388
507
321
974
477
23
866
418
289
999
140
776
37
779
134
38
411
324
299
385
393
768
580
102
709
129
695
428
897
860
306
267
335
357
516
475
865
628
107
912
827
1000
310
741
879
889
427
759
751
144
1004
160
626
996
448
334
608
905
625
944
650
612
967
807
309
1013
942
727
998
329
275
247
161
260
747
662
717
333
361
420
800
1014
725
749
279
13
750
554
461
952
368
956
748
715
682
714
1005
337
752
431
362
339
778
688
331
716
336
559
535
406
405
332
683
298
429
330
396
587
394
911
498
726
555
503
525
746
719
363
308
307
340
364
528
721
342
588
689
374
499
497
430
500
373
593
464
694
395
341
527
720
561
529
590
556
526
564
596
589
530
496
594
595
562
532
531
563
494
557
463
495
462
558
