460
492
363
428
395
435
396
436
434
560
493
491
364
662
365
459
397
427
592
692
403
466
404
630
437
405
461
429
468
398
366
528
691
467
399
624
724
406
661
394
754
723
438
402
631
331
655
693
372
362
469
756
371
598
599
755
660
272
561
527
659
785
458
490
593
271
367
332
753
426
784
303
373
663
234
333
374
623
816
470
529
843
390
246
761
711
722
626
685
302
304
786
842
306
793
656
266
297
240
311
658
678
877
654
265
760
233
180
1006
878
422
523
646
679
270
725
974
559
296
300
232
273
536
279
844
845
538
792
613
876
494
847
728
848
752
202
581
201
743
875
653
342
15
710
247
16
278
810
245
817
959
1005
486
910
264
47
809
57
625
729
798
977
148
4
301
704
48
346
518
379
215
874
645
389
29
45
330
614
343
305
939
908
181
766
505
248
46
1009
992
549
455
797
926
358
149
235
568
141
960
58
227
991
823
627
850
846
829
75
938
49
705
830
214
742
840
347
765
506
384
441
973
357
841
453
17
737
328
59
89
284
61
922
221
199
26
27
677
315
283
473
30
80
416
421
869
44
740
735
498
870
815
122
611
709
796
945
604
200
252
950
993
919
744
133
321
65
60
350
799
787
672
481
170
90
142
667
147
907
253
354
3
701
788
913
411
35
316
322
970
163
961
958
783
74
513
837
318
286
452
707
153
975
639
6
924
93
998
978
644
91
826
95
103
386
353
326
88
603
927
920
488
736
706
896
79
189
282
1003
994
982
352
668
702
196
448
169
73
606
854
578
167
979
519
220
5
643
895
2
258
730
859
291
226
136
868
1004
157
28
317
97
872
573
450
891
483
105
768
182
474
540
928
925
767
85
675
771
259
946
487
168
62
739
1018
104
804
918
131
239
433
94
183
684
700
106
222
92
949
256
132
126
439
375
194
839
121
31
971
37
476
166
139
192
510
962
955
825
865
281
610
152
185
577
294
821
676
894
195
137
134
280
320
866
84
981
162
285
941
385
544
867
113
932
356
951
861
647
159
324
934
738
575
576
734
937
1022
857
834
987
686
479
68
118
359
635
125
898
942
526
772
580
889
917
440
899
217
731
251
957
127
325
551
190
138
990
572
512
929
1019
930
124
858
508
0
539
135
953
800
903
582
514
262
14
674
764
574
640
290
605
36
673
63
140
261
862
154
1001
967
98
418
892
863
897
708
886
900
387
570
888
904
449
348
309
100
807
831
292
733
732
1010
225
25
143
164
67
836
543
637
81
66
12
444
447
902
893
287
579
871
150
921
191
86
263
158
112
323
231
906
1015
885
703
608
612
388
699
629
310
184
638
216
511
542
642
254
835
130
775
260
355
255
478
1023
916
860
669
855
400
229
546
55
76
77
873
188
972
802
115
43
327
818
288
116
769
1013
985
965
641
887
976
52
671
83
909
794
1
712
187
997
936
905
380
230
828
417
838
890
509
986
477
108
41
319
123
197
698
820
165
69
933
697
109
117
803
64
607
935
250
931
482
219
96
901
968
249
1002
670
293
806
504
515
969
160
609
541
257
99
107
213
954
42
223
451
940
228
155
741
72
33
1014
7
915
853
423
156
805
923
9
849
484
636
151
1016
1017
186
984
198
811
776
32
600
770
38
412
822
120
442
963
480
289
980
119
171
146
763
314
914
952
351
54
34
680
443
548
545
594
218
129
795
128
948
101
11
381
19
413
864
56
501
173
208
956
78
762
801
329
40
312
999
193
943
13
1012
774
419
773
827
87
206
53
569
856
1020
8
224
51
111
344
161
832
446
420
383
1011
833
391
39
947
20
808
1007
547
102
179
454
988
911
944
299
82
634
996
1021
814
912
21
550
983
349
70
110
50
376
1000
18
414
520
71
298
408
516
694
377
207
964
114
995
370
879
824
819
409
571
24
10
537
966
472
445
851
789
407
652
989
475
524
782
244
517
277
341
485
23
757
203
882
465
382
583
22
145
205
415
615
456
144
176
489
237
269
204
696
295
334
779
267
881
378
243
507
666
880
790
172
791
175
497
410
274
212
1008
884
401
616
238
813
695
241
236
313
883
174
648
632
308
628
211
633
591
812
713
781
360
340
852
602
601
177
664
751
275
552
780
209
276
778
361
268
393
681
617
584
777
178
471
746
597
665
338
502
392
750
430
649
745
345
242
424
335
721
758
747
336
567
714
525
759
690
748
566
716
749
562
431
307
210
337
715
339
726
687
585
717
500
727
565
682
522
425
457
368
495
432
533
651
496
503
553
534
718
689
657
530
521
622
369
683
720
650
499
618
719
595
535
688
620
621
464
596
619
586
554
563
532
462
555
531
463
590
564
589
587
558
556
588
557
