299
198
257
235
56
616
619
521
165
489
728
518
127
82
213
538
99
141
122
236
620
405
586
153
639
226
537
384
55
164
753
407
26
424
700
163
652
101
241
208
24
673
607
157
156
300
189
4
667
636
402
148
442
765
188
113
302
297
410
403
348
155
591
147
182
324
440
95
443
272
471
496
377
542
663
183
176
594
330
492
475
653
494
686
752
655
212
659
662
490
119
231
717
720
351
16
509
210
209
152
230
683
70
178
654
681
320
201
43
388
274
393
162
124
246
267
173
259
617
702
689
530
777
146
772
179
346
120
680
109
184
269
736
734
695
296
125
268
71
295
731
200
450
588
123
216
718
739
768
151
747
679
181
80
647
378
44
250
172
735
328
740
202
251
447
89
668
711
138
322
714
389
453
543
507
406
557
685
651
682
170
779
704
142
675
693
86
177
648
748
306
174
448
118
396
749
713
194
696
338
677
137
323
563
421
771
481
678
710
279
746
81
646
254
767
737
307
169
350
117
741
766
256
228
502
733
333
544
310
535
517
618
712
96
589
506
738
282
770
709
199
222
115
706
449
559
743
531
255
361
311
143
707
558
745
390
742
221
505
335
145
144
744
418
516
363
477
197
171
249
590
676
305
283
474
670
446
708
114
362
705
