815
200
281
458
849
304
881
167
787
434
207
240
620
722
239
619
402
437
819
470
630
376
661
313
534
648
684
783
848
459
198
403
1010
327
262
440
273
326
208
154
179
501
502
724
696
91
710
468
439
345
153
599
407
175
617
631
850
622
537
59
49
263
460
743
196
61
569
658
194
238
201
756
616
505
585
282
466
510
797
690
181
761
788
83
218
348
927
523
882
264
171
711
93
359
591
392
344
232
152
251
294
408
206
538
729
424
41
261
169
212
3
305
73
471
473
155
202
151
678
618
180
404
25
176
977
928
0
317
425
971
991
877
166
187
215
100
880
946
511
130
358
182
250
679
913
875
124
577
826
520
742
959
1023
455
733
870
925
914
233
856
702
669
252
350
611
506
646
546
487
235
570
360
522
209
609
384
170
391
86
204
9
456
581
1011
900
789
43
488
842
845
992
820
318
782
872
680
550
111
426
885
584
312
227
79
44
649
52
844
825
712
583
1002
375
907
859
50
921
843
978
899
578
99
886
960
54
790
837
576
876
30
846
210
637
203
990
314
1018
699
851
728
211
66
219
932
774
766
945
226
295
1009
328
798
481
234
663
635
793
645
839
142
919
697
962
901
143
664
831
838
830
195
514
975
651
813
121
270
847
183
673
698
765
621
677
110
961
87
213
518
814
253
390
11
794
225
541
871
545
896
852
893
642
32
447
291
707
517
674
888
939
941
231
480
323
467
77
675
224
803
994
269
296
940
131
701
904
571
918
902
236
700
174
582
241
397
601
760
1003
986
894
858
229
732
214
479
869
909
567
551
670
192
829
237
513
632
521
575
579
841
822
485
840
128
1019
647
377
354
908
972
244
482
874
970
639
802
804
740
891
10
884
580
205
303
773
286
983
951
641
895
737
757
806
857
989
478
185
217
1016
672
508
780
322
47
472
985
706
122
1006
149
835
775
957
734
770
125
353
60
887
771
614
976
739
423
767
873
878
547
933
325
544
811
178
938
1007
608
926
449
883
163
486
828
643
173
958
53
552
744
604
539
549
15
920
524
703
922
416
454
7
671
119
855
949
916
955
1020
801
834
934
864
164
417
177
988
600
915
438
861
76
386
159
931
256
615
92
141
515
867
1022
809
792
969
644
953
257
80
964
97
248
610
168
640
995
548
836
923
90
371
1015
665
668
613
762
808
55
930
735
297
474
605
868
862
963
302
193
519
812
148
776
1012
288
979
1000
293
987
512
892
853
917
906
791
676
948
627
421
320
258
265
968
410
799
422
832
1017
413
280
984
5
805
542
745
266
879
572
777
833
763
736
993
380
387
912
493
929
382
667
574
28
245
586
937
242
16
796
216
704
1008
954
165
738
396
860
64
442
398
21
903
973
162
89
427
74
889
965
319
243
947
1021
106
451
573
854
484
1001
943
999
109
982
821
731
606
543
71
950
910
897
8
287
290
409
772
638
516
823
316
444
966
764
713
898
355
114
997
974
634
33
666
865
352
890
866
123
824
428
695
172
795
117
94
758
268
441
343
450
633
769
221
905
810
560
996
602
274
936
276
228
924
708
981
693
944
1004
246
453
132
980
315
612
78
146
1013
935
283
741
998
277
6
72
827
105
540
389
65
414
379
483
628
388
662
45
636
419
223
393
120
730
133
378
147
705
311
709
807
452
81
292
603
156
346
150
289
681
418
536
365
98
448
321
385
967
366
863
75
158
1005
14
476
626
300
95
40
415
607
800
768
103
370
46
443
267
157
779
356
942
727
952
84
1014
113
35
184
420
12
104
285
189
17
446
126
507
329
445
70
136
278
759
956
108
349
310
568
42
255
140
475
129
357
191
284
116
85
504
465
101
139
347
433
138
753
299
259
477
778
399
112
656
383
911
127
1
781
509
309
161
160
102
135
247
145
324
381
411
301
190
96
279
650
361
137
394
717
429
751
220
553
687
118
260
38
275
298
88
13
23
535
395
222
718
62
51
306
20
559
362
725
56
19
134
526
144
57
115
431
107
430
24
401
22
461
503
750
625
746
26
554
527
716
372
36
405
31
39
330
683
747
657
364
497
498
34
338
342
726
749
333
400
682
363
331
351
67
18
561
529
406
367
308
748
432
590
593
334
69
555
335
63
715
714
332
369
37
752
719
594
528
494
587
307
68
589
58
525
558
337
530
694
562
339
588
340
374
336
688
373
463
368
495
689
721
341
557
500
564
462
464
556
499
720
596
496
532
595
563
531
