334
306
642
248
276
136
277
305
304
670
362
106
722
88
761
394
137
46
193
38
105
422
107
41
249
675
90
724
723
37
40
284
220
369
674
104
173
420
533
192
247
703
62
221
534
347
348
778
449
376
108
281
443
339
375
201
773
333
191
337
219
278
777
321
416
510
349
401
102
538
402
393
346
753
477
414
194
311
312
197
251
669
113
717
133
103
482
74
331
230
505
404
641
779
421
229
499
335
760
686
713
481
769
318
395
647
442
174
688
203
415
310
275
366
396
341
367
535
509
424
471
32
677
190
774
140
721
101
537
472
227
690
280
585
164
322
718
691
532
287
709
368
497
131
147
163
319
252
444
57
303
3
23
781
639
704
112
750
9
661
587
719
293
701
684
141
290
660
168
782
6
42
17
754
658
253
672
21
776
4
654
24
27
741
294
148
679
146
746
772
185
743
