418
390
389
362
696
388
391
321
320
622
318
346
447
479
446
419
92
478
93
322
16
319
348
724
323
95
624
361
286
44
452
663
172
118
607
662
96
350
94
580
363
697
451
228
450
97
613
690
554
667
666
64
372
126
640
584
360
256
526
674
373
664
417
650
665
184
325
80
257
555
200
668
345
634
686
635
45
553
606
122
378
702
14
638
669
611
443
176
556
99
65
201
605
610
612
623
157
100
120
582
714
425
456
585
725
66
101
400
442
652
98
293
475
653
124
178
229
645
156
625
715
108
583
154
234
352
173
72
424
639
68
70
632
654
317
657
150
374
636
687
480
83
406
