0.053944588
0.08481121
-0.12308884
-0.15175915
0.09125996
-0.16676426
-0.078520775
0.029835701
-0.15924644
0.050644875
-0.1705656
0.05486107
-0.3587036
-0.6011286
0.076161385
0.08320141
0.1213913
-0.107177734
-0.12249184
-0.02004528
0.019376755
-0.15045166
0.14207935
-0.16086102
0.14599514
-0.07707405
0.13412094
-0.06876278
0.030612946
0.09316826
-0.0073604584
0.031672478
-0.069070816
-0.171134
-0.60867405
-0.8117018
-0.8620653
-1.2668867
-0.9660301
-0.40452003
-0.5520668
-0.40329075
0.9401598
0.39633274
0.29756546
-0.39896202
-0.6008959
-1.1986341
-1.3234453
-0.782238
-1.1390438
-0.8174
-0.029808998
-0.05633545
-0.14987946
0.20449924
0.13944054
-0.066488266
-0.34994698
0.0044317245
-0.57511425
-0.34495258
-0.5763664
-0.6141405
-1.1055889
-0.7857685
-2.0208035
-1.602253
-1.3220453
-1.1170645
-0.6187334
-0.27230167
-0.19168377
-0.28753662
-0.44282055
-0.3397808
-0.50438786
-1.1106224
-1.1351852
-0.18012714
0.4856186
0.48522472
0.097789764
-0.015604973
0.102993965
-0.06782627
0.2842331
-0.68182373
-0.3255329
-0.13541508
-0.75664425
-0.80162716
-0.31192207
-0.6321411
-0.28330708
-0.15463924
0.28964043
-0.23398113
0.0017709732
-0.18876362
-0.29521465
-0.15613842
-0.28063393
-0.3574934
-0.38562012
-0.44832993
-0.14098835
-0.55526066
-0.12423134
0.11418438
-0.31234837
-0.06562805
-0.053340912
0.008678436
0.7583599
0.3087616
0.70878506
0.35463238
0.4293623
0.020793915
-0.27646828
-0.2809801
-0.44012165
-0.11869335
-0.15626812
0.08880806
-0.35274887
-0.22158909
-0.3447876
-0.2490263
0.21083736
0.10609341
0.100221634
0.0748682
0.26400566
0.31497955
0.014378548
0.24921417
-0.09006214
-0.5664511
0.041814804
-0.00036621094
-0.23407936
0.4244461
0.5801649
0.8701649
0.130373
-0.17963219
0.14346027
0.15044689
-0.021899223
-0.07800484
-0.08676624
-0.09061813
-0.013835907
-0.053175926
0.022774696
0.374835
0.13989925
0.246068
0.19576263
0.4219551
-0.18517303
-0.21257877
-0.114686966
-0.041874886
-1.0062113
-0.3733015
-0.092030525
0.31348038
0.14108086
0.79870987
0.7193756
0.73071
0.17049313
-0.153059
0.12467861
0.19436932
0.0067272186
0.06258106
-0.066963196
0.17665482
0.08302593
0.155509
-0.005186081
0.053813934
-0.18593979
0.051855087
0.12652111
-0.06747627
-0.08129978
0.28960514
0.0943079
-0.022316933
0.6049299
-0.821208
-0.0712986
0.6008158
0.32677555
0.66474724
0.03488159
0.13553238
0.09300041
-0.12724304
-0.17838001
-0.070002556
-0.10468769
0.1907177
0.04411125
-0.1798954
-0.33978558
0.13570213
-0.105137825
-0.22994995
-0.03525257
-0.09149742
-0.28957462
0.014976501
-0.032173157
-0.041680336
-0.0032815933
0.49734402
0.7036867
-0.38045597
-0.5990133
-0.22377205
0.29823494
0.16624069
0.3390236
-0.34852886
-0.11045456
0.018921852
-0.10244465
-0.06592655
0.011264801
-0.060134888
-0.033852577
0.0151052475
-0.211627
-0.17377758
0.05193138
-0.030052185
-0.019067764
0.059898376
-0.078207016
-0.16443443
0.060315132
-0.16971016
0.4900856
0.2971487
-0.36895752
-0.22748089
-0.2838297
0.33476543
0.3850956
0.4354782
0.6560173
0.004418373
-0.080171585
-0.0007047653
-0.087106705
-0.0014390945
0.062088966
0.19238758
-0.05787468
-0.09318352
-0.1963644
-0.2631731
-0.009473801
0.020173073
0.16924858
-0.081440926
0.025718689
-0.19263458
-0.02329731
-0.13544846
0.5305376
0.30050564
-0.36857224
1.2646399
-0.011650085
0.564168
1.2586584
1.331747
-0.102184296
-0.09729004
-0.23882198
-0.1604414
-0.13115406
0.32970142
0.48556423
0.12415886
0.34119034
-0.17794514
0.22075462
-0.29336643
-0.025170326
0.09515381
-0.23132515
-0.27981758
-0.34218693
-0.3833437
-0.1963253
-0.7511425
-0.12402058
1.4137001
0.7106352
0.6564045
0.35092354
0.14261913
1.2645798
0.72409725
-0.2360754
-0.66837215
-0.24959946
-0.007739067
0.3401184
0.38375473
0.14130116
-0.024618149
-0.16156578
0.050489426
0.45391846
0.16255188
-0.09986782
-0.03989029
0.08091164
-0.18058681
-0.34060192
-0.4791956
-0.27787304
-1.090724
-1.1253338
0.2109394
0.239707
1.0326843
0.65144444
0.18896866
0.90221024
-0.05510044
-0.2948389
-0.5196409
0.11484051
-0.039061546
-0.23433495
0.09172535
-0.10617161
0.037555695
0.0474329
0.253273
0.007170677
0.29059124
0.12870407
0.11546326
0.33473969
-0.18731213
-0.31310272
-0.8684969
-0.8227291
-1.2628784
-1.5875759
-0.39467716
0.97521114
1.1764193
-0.20422077
-0.50959396
0.69670963
-0.102724075
0.37220287
0.3284626
0.6839466
0.029278755
-0.07054043
0.07153702
0.025547028
-0.10084915
-0.060552597
-0.05679798
0.052034378
0.45227146
0.054023743
0.26288414
0.028081894
-0.13301659
-0.1149559
0.034276962
-0.36611557
-0.9008684
-0.1204443
-0.5705614
0.4936266
-0.10525131
-0.23218918
0.54222393
0.9197664
-0.028704643
0.82673645
0.6100912
0.045228958
0.011584282
-0.23601913
-0.13358402
0.18471336
0.43648338
-0.00016307831
0.065649986
0.04661846
0.13208675
0.1311245
0.23087692
0.10214615
0.07413483
0.31468105
-0.043642998
0.26476288
0.44218063
0.3185482
-0.24125004
1.5769186
0.030229568
0.16177177
0.5245962
0.4472704
0.11047363
0.52258396
0.65312004
-0.00017642975
-0.09582615
-0.007068634
0.013239861
0.08917999
0.00095653534
0.17545033
0.35627556
0.2038002
-0.23344612
0.000415802
0.073513985
0.19642639
0.22336769
0.50852585
0.37904835
0.39017296
0.7459297
0.50981617
-0.6562233
2.0802925
0.5793352
0.36978245
0.4096794
0.5159235
-0.5456209
-0.1082325
-0.2191782
-0.38562775
-0.5411377
-0.2454691
-8.4877014e-05
-0.0023851395
0.090143204
-0.0052433014
0.08631039
-0.012881279
0.08073425
0.19132423
-0.032899857
0.34427452
0.3350048
0.40007877
0.38903046
0.55515575
0.07944298
0.29645824
-0.09340572
1.4433393
0.37910843
-0.030194283
0.69083595
0.25800323
-0.6858263
-0.4348898
-0.72382355
-0.5376234
-0.5915165
-0.9390335
-0.91921616
-0.65557384
-0.005888939
0.5562391
0.30497742
0.23118877
-0.058172226
0.0927515
-0.10108471
0.049708366
0.27964115
0.012936592
0.3401718
0.040341377
0.062382698
-0.20892525
0.09108925
0.6369257
-0.11500931
0.5057697
0.6104593
0.7216177
0.17523861
-0.42794895
-0.4564371
-0.44850063
-0.63411903
-0.7229347
-1.26653
-1.0680647
-1.0643597
-1.329135
0.8198271
0.08943367
-0.024310112
-0.03786373
-0.20353985
-0.09750271
0.08164024
0.07508278
0.5430374
-0.045318604
-0.583642
-0.6206255
0.23757744
0.09378338
0.954154
-0.1079483
0.5330286
0.46898365
0.8380413
0.010461807
-0.3409357
-0.21164703
-0.26329517
-0.10239887
-0.49537086
-0.58476543
-0.3336048
-0.5221081
-0.3406973
0.030108452
-0.081339836
0.036625862
0.28261662
0.08835697
0.0015583038
0.015833855
-0.004875183
-0.26369858
-0.6416435
-0.32474995
0.14892864
-0.14010143
0.36570454
0.038386345
0.51147175
0.18700695
0.5788317
0.23524189
0.36934948
0.1257801
-0.22535706
-0.011533737
0.1138134
-0.04052353
0.20076942
0.0931797
0.066734314
0.027756691
-0.040522575
-0.012861252
-0.036899567
0.073615074
0.05930996
-0.15052986
-0.18644142
-0.102365494
-0.4311266
-0.49624157
0.09681797
-0.5323286
-0.17486858
0.097387314
0.5698948
0.58170414
0.034589767
0.072276115
0.049160957
-0.17557049
-0.37535477
0.00033950806
0.09526062
-0.004755974
0.004508972
0.050722122
0.08873272
0.14746666
0.014513969
0.11809921
0.44931793
0.13811874
-0.05608654
-0.2991619
0.07737064
0.11378193
-0.091804504
0.3183403
-0.05239868
-0.00422287
0.13235378
-0.049764633
0.18997765
0.43741608
0.016514778
-0.06872177
-0.057891846
-0.33508968
-0.17626572
0.018258095
-0.044124603
0.19047737
0.12247181
0.16518402
0.26879406
0.36814213
0.24225998
0.115278244
0.21378326
-0.031975746
0.100338936
0.022732735
-0.039003372
0.036082268
-0.37417698
0.10941219
-0.14077854
0.20178509
0.074915886
-0.10861778
0.032081604
0.3802986
0.6047764
0.66276073
0.2655182
0.38590622
0.6293268
-0.13282299
-0.0075626373
-0.08353138
-0.080093384
0.3335924
0.42834663
0.1347456
0.056307793
0.2356205
-0.02035141
0.0016880035
-0.16294956
-0.4786358
-0.35130882
-0.39335632
-0.4666109
0.12014675
0.060634613
1.2038174
0.062402725
-0.039168358
0.21116543
0.20148373
1.1531734
1.5463324
1.3247385
1.1434374
0.6576729
0.1386404
0.20852852
0.1974268
0.08068466
0.19456577
0.0019702911
-0.0027952194
-0.133008
-0.07508278
0.31605625
-0.35531616
-0.4619751
-0.25807476
0.27824402
-0.09396362
-0.1768198
0.34844685
0.76283073
0.18651581
-0.1447134
-0.0049972534
0.08107376
0.28811932
0.7904682
1.3159513
1.6736803
0.822382
0.89852905
1.011198
0.7864609
0.21460819
0.49954987
0.42142296
0.18054485
0.09578991
-0.11865711
-0.027038574
0.019278526
0.4418478
0.17188454
0.21756077
0.45718098
0.43722916
0.15824032
0.24394226
-0.058867455
0.100584984
-0.1808691
0.046131134
0.103167534
0.058368683
0.3379526
0.037303925
0.9230499
0.805336
0.27557373
0.15683365
0.42635822
0.6513462
0.15810013
0.87332726
0.6980467
0.593627
1.0150166
0.6034031
0.31012535
0.33956623
0.57078934
0.32286453
0.47717953
0.4656973
-0.37436485
0.16026783
0.039265633
0.15789032
-0.1338234
-0.026273727
0.045660973
0.022810936
-0.0217762
-0.18135262
-0.088788986
-0.17790508
-0.40846348
-0.100543976
0.5947161
0.89130974
0.45761108
0.616272
1.0876951
0.36324978
0.40731335
0.46533775
1.2952061
-0.024867058
-0.28603554
0.19391823
0.29107952
0.4952736
0.6100559
-0.11867428
0.11631107
0.10344219
-0.016998291
