358
68
37
586
70
67
745
223
555
379
50
64
71
322
35
528
387
349
737
78
341
251
165
51
445
91
751
527
516
403
38
36
473
746
144
77
87
384
328
735
736
107
380
350
89
303
120
139
13
316
588
639
122
356
147
770
313
193
34
691
464
60
323
329
383
738
556
75
355
574
487
436
488
558
110
290
365
142
437
327
239
775
353
507
54
655
665
241
480
352
664
63
583
513
389
238
510
554
128
330
49
542
739
410
72
299
500
717
152
46
381
499
102
229
65
191
340
315
713
489
76
325
317
385
409
731
688
514
146
692
183
214
100
517
654
388
246
602
515
324
108
582
382
417
247
622
138
386
151
230
553
58
706
215
451
710
592
687
546
404
509
594
119
159
294
372
121
767
160
12
690
626
163
348
511
8
597
260
617
551
17
398
288
411
27
345
132
243
196
264
364
354
161
259
244
715
200
321
471
333
242
611
375
129
680
93
492
3
216
490
326
224
111
575
20
127
755
301
10
624
185
126
236
707
300
222
457
213
103
289
184
768
113
644
287
298
312
486
220
549
552
212
603
716
518
276
757
24
435
273
685
234
481
684
101
455
318
33
708
148
233
218
591
581
177
123
525
153
547
374
400
217
627
192
83
623
124
6
636
512
550
741
265
637
219
155
699
537
31
255
501
154
548
601
476
262
496
413
32
461
45
658
104
225
73
526
560
645
578
465
728
74
609
666
130
682
423
275
131
753
539
187
758
541
172
168
235
756
438
628
630
92
157
428
681
781
150
605
520
15
94
760
454
562
596
508
493
211
204
780
460
595
209
759
95
427
580
82
263
662
429
543
176
9
368
4
245
625
701
426
210
84
99
261
266
686
1
567
373
782
227
85
208
540
140
302
252
478
643
683
754
607
631
538
269
442
206
253
237
544
39
232
401
395
576
621
286
271
280
656
718
535
88
339
482
673
258
149
439
598
371
497
346
277
320
702
369
694
448
291
458
296
720
25
367
764
97
393
186
522
347
16
712
59
221
635
56
536
105
661
203
430
452
254
545
226
483
202
178
599
106
776
570
659
158
679
304
638
593
729
257
466
414
11
228
577
231
453
98
284
392
55
137
615
205
606
642
485
412
530
40
632
189
292
491
297
494
182
272
646
370
671
462
30
579
41
79
422
723
170
709
396
267
529
162
652
484
319
726
523
506
344
740
402
564
600
197
568
390
201
114
419
274
634
116
495
308
86
96
133
521
748
761
431
589
397
657
43
674
503
270
633
610
573
498
719
563
285
156
463
143
698
618
268
207
693
651
614
505
109
424
475
467
171
118
572
571
566
136
765
777
747
459
649
399
447
648
668
711
590
569
198
432
44
647
293
743
766
749
337
472
248
734
470
169
134
450
190
613
640
469
604
585
415
534
641
309
561
199
334
441
468
425
449
421
80
689
440
504
434
477
724
42
565
366
733
612
250
311
778
433
721
420
779
256
669
283
502
650
81
135
363
416
705
670
281
335
338
173
443
307
696
678
282
362
474
306
750
704
676
722
444
249
677
305
279
418
703
394
310
769
773
533
446
675
