595
588
388
563
596
589
531
564
562
594
530
556
535
503
532
490
552
568
536
498
420
555
523
499
600
521
557
489
491
522
520
553
504
554
356
752
533
567
751
502
471
534
750
749
565
584
524
561
998
759
362
849
529
632
330
585
726
881
914
727
331
720
1010
880
368
847
500
367
747
882
745
850
566
335
209
325
748
472
779
997
848
336
746
332
400
586
178
601
177
996
146
879
777
242
758
357
633
113
815
721
818
439
817
145
664
780
753
812
210
934
792
776
846
778
337
816
587
878
114
717
791
81
995
29
999
709
311
141
612
537
363
851
241
501
719
714
977
883
452
201
844
783
333
119
49
1003
144
301
277
118
824
310
82
361
809
913
928
87
440
334
823
458
835
912
814
208
811
1009
54
1013
389
150
6
781
689
376
1012
741
963
329
599
409
813
275
978
28
473
165
819
569
278
713
120
730
808
935
604
843
106
307
1011
258
86
760
488
274
152
796
946
31
790
702
354
50
696
23
306
60
234
505
961
492
176
343
399
17
613
1004
102
593
915
321
697
247
41
864
966
55
965
903
88
324
1001
828
151
229
795
979
300
39
408
344
895
279
105
30
323
139
665
1023
608
298
219
508
735
280
322
5
62
69
257
877
198
962
240
304
419
299
353
352
284
407
671
929
0
1021
701
412
945
220
540
27
215
262
243
260
80
1020
703
221
646
196
509
765
1002
216
740
645
734
101
166
516
476
112
170
992
104
37
975
810
108
789
197
548
342
572
22
185
252
121
70
16
297
4
248
100
375
889
18
947
733
762
390
217
944
964
290
860
820
943
897
246
315
153
410
132
922
784
732
140
541
1
976
1005
931
157
948
782
228
920
2
1022
65
292
251
61
477
543
989
134
803
89
38
827
539
339
884
497
74
83
441
954
744
772
93
766
21
147
764
188
445
980
449
253
57
133
738
842
1019
731
578
377
960
351
582
155
107
839
845
187
73
525
971
925
1000
804
670
182
312
3
444
773
261
10
305
442
63
381
42
887
926
544
739
899
678
90
259
942
911
606
276
103
834
836
127
68
858
829
933
124
891
797
320
694
239
71
785
421
156
538
985
109
981
136
695
233
974
610
742
771
892
576
218
95
511
698
289
894
99
822
607
580
871
865
484
991
186
802
226
207
763
767
987
801
214
800
805
110
36
904
92
453
769
832
91
316
643
154
291
833
51
98
40
707
269
138
798
66
283
480
359
859
872
183
890
953
26
852
736
988
34
96
94
728
448
190
164
863
203
268
142
549
902
478
189
380
271
799
901
123
910
700
169
642
867
249
19
302
853
72
48
191
350
309
53
64
285
282
75
866
675
861
729
125
358
715
840
374
223
512
47
222
614
317
58
611
385
916
117
202
250
59
868
35
570
888
527
838
919
235
893
761
821
393
573
417
266
286
994
308
479
24
8
231
273
900
392
245
244
25
583
32
230
159
921
131
957
918
577
416
896
716
347
551
737
184
77
952
807
870
338
873
644
450
706
211
481
993
542
97
56
1018
669
384
932
972
550
958
507
194
128
641
193
602
710
506
288
688
287
254
609
406
862
705
955
959
574
225
227
830
638
967
15
115
7
869
76
857
318
518
571
387
179
130
581
558
199
831
854
575
924
907
149
46
876
485
349
917
639
413
875
314
605
418
1008
379
205
206
841
20
482
162
768
67
135
636
856
204
382
137
950
637
770
666
941
990
474
718
195
956
265
9
281
172
673
825
263
122
708
44
940
939
775
14
1014
874
826
674
704
386
668
927
383
256
143
672
519
969
224
938
973
711
238
640
340
293
837
348
171
158
898
457
267
906
517
447
510
79
43
200
345
855
626
414
986
319
443
806
909
546
788
1016
391
528
513
937
446
326
454
126
163
85
168
192
237
255
951
212
11
84
625
341
360
456
1006
366
236
78
328
378
676
923
295
52
885
597
483
579
936
45
949
167
175
415
794
1017
111
270
667
743
679
886
787
181
355
129
970
930
33
422
908
432
603
560
774
514
677
116
984
272
369
905
475
12
411
173
13
982
160
699
232
680
786
303
647
793
526
459
346
682
161
470
487
148
657
373
631
296
264
615
635
327
486
313
424
712
620
598
661
983
968
174
213
634
754
681
690
722
628
423
1007
545
455
425
617
616
621
693
438
180
627
663
559
662
294
364
466
394
648
1015
757
460
630
468
467
755
372
590
365
725
687
658
426
433
465
451
515
547
469
629
401
493
371
405
683
656
395
461
649
427
756
723
495
660
370
650
