46
422
38
106
107
193
276
773
703
761
88
105
642
248
41
394
62
37
277
416
420
47
304
48
392
110
371
49
78
50
305
103
674
116
249
723
675
194
34
90
192
443
534
166
343
370
369
337
104
136
135
722
376
393
372
220
173
108
281
284
347
40
320
499
224
102
414
45
772
278
221
760
348
39
365
379
223
75
386
397
191
647
172
670
35
423
634
387
12
13
774
306
42
72
775
273
707
497
71
607
61
292
222
398
492
662
445
131
315
87
133
753
60
287
677
382
341
357
411
349
587
250
427
342
247
128
36
620
113
536
383
73
400
312
219
51
385
741
533
432
165
442
94
468
321
592
344
201
150
579
648
137
493
444
295
322
130
717
353
230
101
319
679
3
769
512
526
415
441
532
421
164
491
655
762
251
58
293
537
291
327
404
384
52
366
548
498
309
601
70
352
300
413
469
456
500
356
395
547
129
575
54
280
505
746
123
351
364
229
521
688
765
97
32
66
561
122
663
603
488
470
100
265
333
779
544
428
635
643
593
713
768
546
227
631
245
514
380
377
140
95
331
396
458
645
455
316
74
460
574
335
686
263
525
596
549
518
553
781
381
629
6
77
412
180
657
510
542
538
644
426
177
571
778
27
709
99
168
718
523
154
520
527
606
261
617
562
649
325
190
17
706
57
152
323
112
482
725
157
780
684
252
159
476
9
711
117
716
535
23
577
375
509
602
715
76
378
472
758
28
148
33
232
294
481
11
439
473
244
728
555
699
146
405
301
359
127
332
511
672
597
729
701
204
429
755
496
683
588
410
738
776
264
782
449
595
299
783
745
712
630
615
490
67
324
585
519
578
354
5
680
464
652
517
160
288
63
98
20
82
508
19
656
272
406
480
231
266
358
522
659
515
483
403
196
524
175
552
119
626
147
203
91
654
710
682
598
608
580
21
59
636
471
235
233
43
560
153
339
313
163
399
700
260
121
754
217
424
126
253
691
570
485
513
743
616
93
262
350
431
461
1
457
724
466
767
489
329
355
174
18
271
326
463
206
440
195
25
314
234
540
4
225
541
543
290
334
155
658
401
205
237
727
408
111
551
605
10
764
124
572
757
0
132
144
84
167
671
484
29
7
56
730
619
756
614
453
388
704
759
625
22
454
506
650
450
554
627
528
678
726
336
673
68
576
589
698
15
651
563
646
425
478
564
451
565
581
79
732
591
637
14
417
118
170
139
618
198
702
226
501
529
419
734
447
531
391
697
474
