777
302
270
85
465
275
8
188
763
218
120
681
69
24
407
2
368
750
125
735
486
771
747
714
435
653
176
16
141
213
573
156
259
161
96
236
303
138
197
477
550
739
179
185
685
568
149
628
26
507
467
594
310
567
600
719
243
158
556
214
215
258
274
134
208
53
145
690
660
89
731
246
55
31
311
269
242
569
151
766
202
298
430
183
495
516
599
187
367
687
721
212
30
83
462
613
737
169
285
433
624
207
296
409
487
545
200
328
632
109
434
622
338
238
436
363
64
437
289
742
664
255
539
633
181
479
340
182
210
582
257
256
239
641
241
297
676
178
744
330
661
459
211
65
360
240
216
494
708
623
736
267
346
604
186
279
318
373
504
286
209
162
189
740
452
268
448
770
92
184
317
308
689
345
692
609
669
86
254
307
283
438
610
374
566
751
638
639
402
720
694
142
115
752
44
621
228
749
583
665
666
361
667
143
748
611
114
559
695
530
199
586
705
389
693
282
584
502
390
557
668
590
171
640
503
81
733
612
362
696
80
558
475
446
418
