659
660
691
492
598
692
653
491
565
624
654
459
685
207
239
240
629
630
817
849
566
208
723
816
652
460
848
658
686
661
238
272
597
655
271
376
818
881
435
436
469
592
815
850
490
754
458
533
696
206
403
785
249
457
819
623
470
281
344
755
437
648
175
711
729
489
786
534
784
493
313
505
761
743
402
273
440
359
345
424
304
710
408
631
616
722
212
502
327
882
684
404
783
538
537
569
439
434
680
797
599
473
407
360
619
847
1010
679
501
270
880
787
392
570
756
312
269
678
690
487
620
241
456
712
724
697
455
728
305
788
813
328
506
471
845
585
852
977
209
851
826
179
992
194
782
617
468
975
846
488
814
237
789
244
176
375
820
218
210
946
250
885
251
611
560
1011
742
856
822
438
790
326
199
391
551
656
825
282
181
186
831
646
215
302
583
510
211
877
384
264
844
886
859
303
609
760
235
511
188
83
733
928
577
647
371
154
698
793
649
2
225
914
870
578
618
960
213
913
518
584
927
205
263
702
254
358
230
219
978
774
843
520
180
830
1023
167
550
651
82
236
669
182
481
664
130
872
962
467
838
171
579
139
900
945
142
635
546
645
918
842
961
663
252
798
991
899
766
1009
110
959
642
699
423
677
204
377
262
829
896
44
675
637
294
839
753
370
673
77
876
348
919
187
875
1007
765
921
552
1018
780
243
296
48
878
971
52
994
152
4
29
576
891
197
224
86
837
794
514
153
192
291
214
932
521
155
674
198
480
901
76
323
43
174
390
840
3
143
151
871
888
354
1002
27
226
170
322
581
803
925
951
183
128
639
425
701
907
893
479
49
732
274
217
941
1006
91
73
632
841
317
196
545
976
904
641
0
902
571
707
261
314
111
227
350
990
79
940
482
983
124
106
541
253
41
586
195
99
54
166
59
513
232
670
100
447
737
700
802
93
148
318
939
10
131
11
61
523
644
582
567
121
601
109
1019
643
547
449
297
809
149
740
478
933
517
9
811
744
770
869
972
739
771
835
1003
25
985
87
114
665
773
50
185
757
472
466
908
970
909
986
887
895
47
295
672
30
615
873
28
926
792
163
828
508
486
485
894
231
365
60
164
122
200
610
544
801
867
834
676
958
706
245
812
412
874
957
522
7
864
855
66
989
287
804
949
92
90
94
193
229
640
931
382
781
125
884
159
938
35
604
671
386
988
325
1016
21
987
286
806
734
955
353
930
862
119
104
53
717
343
934
89
922
5
133
74
416
539
178
923
591
580
969
575
81
256
920
132
113
228
614
767
257
1020
255
316
963
55
916
15
288
223
80
32
775
762
414
413
141
95
8
548
42
146
515
293
906
738
668
101
549
736
319
703
915
36
108
165
421
608
16
621
123
173
300
808
97
836
147
72
242
75
380
519
772
158
704
832
917
954
126
117
613
968
542
937
735
349
62
853
1022
995
924
600
40
156
265
417
512
605
769
258
667
929
285
65
868
964
150
833
606
292
6
474
17
120
136
484
454
162
953
751
638
572
973
410
1004
1017
861
88
892
883
168
1021
426
71
127
381
157
451
387
221
177
543
903
857
415
1
708
31
898
516
763
70
854
397
26
103
320
189
64
379
33
51
776
383
897
1001
713
984
78
389
315
45
57
85
422
19
965
799
306
777
444
190
260
935
283
184
948
536
718
56
145
936
248
573
222
705
277
866
905
823
574
879
442
453
63
191
979
910
355
731
37
356
865
112
290
116
612
858
266
284
69
68
105
216
135
796
346
452
301
324
966
24
810
524
20
276
84
636
14
768
1000
12
483
821
388
38
764
681
622
46
96
366
67
23
378
203
950
172
446
956
540
800
745
1015
352
118
805
912
347
634
750
134
18
98
890
102
58
476
357
220
1012
268
568
445
974
450
1005
650
730
1008
947
140
993
666
34
419
889
396
409
443
246
169
39
420
982
144
607
22
795
791
824
997
943
996
259
115
602
107
603
633
807
709
999
758
234
160
967
289
695
398
311
441
477
509
860
233
553
725
280
338
351
129
504
741
475
687
411
448
981
418
779
863
321
980
942
998
944
749
507
627
693
161
372
727
385
13
333
952
201
682
683
364
503
535
393
1013
275
554
752
716
427
137
827
309
406
334
428
247
329
1014
401
278
331
715
267
138
337
299
399
778
310
433
339
748
332
362
719
335
367
363
369
747
759
662
405
308
307
336
911
587
626
726
361
400
465
279
714
721
340
559
202
374
330
555
628
373
368
394
657
342
432
746
588
625
461
341
720
298
525
395
429
498
688
431
556
497
589
590
527
526
430
689
464
694
528
557
499
593
500
529
561
558
530
494
564
496
594
463
562
596
532
531
462
495
595
563
