332
48
47
64
37
35
90
50
359
63
360
78
331
36
91
38
40
51
79
166
303
39
46
667
77
93
66
139
34
60
107
49
87
357
62
122
13
41
224
45
695
69
223
611
68
92
387
76
251
304
121
278
67
123
167
75
94
386
88
74
120
95
151
126
71
513
619
349
666
321
12
124
591
684
555
128
152
300
356
639
70
567
61
195
664
445
154
554
620
595
153
358
652
583
250
127
229
58
556
605
365
329
72
347
691
527
594
622
110
249
155
626
301
348
216
322
630
97
602
230
119
623
398
44
631
481
345
683
89
220
528
610
541
653
333
54
255
165
549
96
581
275
614
364
147
193
511
294
663
327
597
540
125
376
582
108
201
150
309
341
156
539
59
575
512
175
485
180
514
665
129
494
210
384
523
263
33
608
499
235
510
579
568
621
302
324
277
369
500
644
181
73
100
601
227
375
723
328
685
284
5
288
760
102
627
542
637
745
471
351
157
508
273
727
2
465
656
763
106
385
731
52
319
587
21
690
573
355
428
330
700
10
57
236
532
503
346
189
141
569
570
23
292
158
616
636
3
8
592
413
142
209
383
493
17
755
130
32
270
553
262
632
7
203
105
352
714
18
27
221
699
299
159
204
751
464
248
694
31
99
545
323
645
624
476
668
642
604
261
455
85
397
146
771
179
537
672
522
113
753
526
25
392
571
138
548
112
484
148
547
268
190
654
6
780
429
325
231
178
65
746
550
715
459
168
240
28
380
111
339
598
407
480
584
185
435
580
334
247
728
4
427
489
191
232
638
196
783
659
0
187
599
233
495
692
353
588
436
492
431
342
633
538
242
272
225
655
717
374
757
182
260
566
635
578
561
219
237
518
509
208
517
388
486
104
149
296
176
730
399
256
20
320
576
401
257
686
458
609
131
774
14
759
625
264
758
463
326
206
603
116
234
252
552
117
314
461
53
782
246
482
16
287
682
318
289
274
524
410
593
1
211
217
430
457
269
426
243
368
267
245
520
596
297
313
259
606
462
770
101
162
382
56
716
689
241
340
19
244
258
295
647
82
161
160
408
291
83
483
756
29
370
409
710
453
437
640
212
577
118
701
411
378
404
202
646
680
400
460
286
617
218
671
402
84
451
720
215
473
775
317
98
496
24
729
140
600
732
739
574
15
761
316
207
767
30
290
184
696
643
560
26
238
735
551
174
381
613
22
490
736
562
713
280
266
702
379
762
498
466
344
420
649
11
183
200
681
169
479
350
312
472
214
615
186
688
367
228
205
752
660
239
456
265
132
406
781
658
628
271
432
163
687
529
177
725
634
9
491
188
519
438
454
724
589
673
546
754
662
641
764
515
308
377
144
293
103
164
43
618
395
423
415
719
55
564
276
536
487
648
452
439
629
192
650
137
661
467
86
607
425
414
669
343
744
612
674
488
740
737
315
651
213
336
772
337
416
525
298
768
354
115
521
449
372
109
412
197
748
133
565
712
543
501
361
742
373
442
563
585
698
544
172
497
534
285
726
572
718
403
135
557
590
507
143
693
448
738
706
170
253
254
389
417
80
478
145
559
586
530
475
419
226
734
199
733
81
114
506
447
502
198
171
391
531
697
390
558
474
446
418
