248
304
359
360
88
64
49
371
37
167
166
420
60
135
66
51
12
386
667
277
220
79
445
397
398
345
639
106
139
369
642
357
695
77
75
347
732
331
365
387
342
193
249
372
343
303
370
666
690
315
427
323
608
318
691
292
620
296
611
593
368
731
275
373
116
652
191
68
150
297
374
592
291
638
694
774
725
317
609
740
597
154
364
69
429
422
428
121
665
90
122
513
105
320
159
356
219
223
664
768
290
358
268
295
289
637
152
245
165
585
631
660
278
595
401
153
575
316
319
605
721
773
180
402
325
534
151
155
661
182
352
688
160
67
123
71
423
545
267
269
251
241
699
634
250
164
606
70
54
265
594
635
383
400
430
603
554
161
195
636
129
324
334
622
399
2
460
284
188
645
91
659
221
348
632
341
499
183
720
555
739
552
751
108
596
384
456
692
133
624
242
27
610
715
663
76
532
351
273
3
653
149
727
485
32
52
28
432
571
455
486
576
23
519
625
426
196
103
270
476
395
102
381
314
683
578
181
729
771
21
376
581
329
567
546
168
97
562
326
601
73
633
459
227
298
493
127
681
551
243
719
714
7
239
680
5
717
120
687
649
682
716
538
413
550
148
380
770
518
187
623
527
569
300
260
492
613
355
327
94
287
293
577
464
494
436
548
713
8
126
213
647
128
42
207
72
93
339
186
783
233
553
262
491
6
547
271
156
158
237
124
141
543
746
655
20
662
263
583
607
584
574
409
208
9
31
524
602
82
206
580
484
333
10
408
741
520
686
215
700
229
781
210
626
616
184
674
83
266
458
19
119
742
684
328
549
212
510
570
591
598
396
463
211
782
43
17
542
92
540
29
22
757
136
84
517
539
658
131
53
301
431
414
147
382
565
736
556
521
579
235
701
568
718
354
604
406
526
685
753
630
573
438
754
404
710
353
730
272
412
737
130
125
74
179
735
560
738
294
743
236
209
214
536
234
302
16
377
330
668
465
761
758
750
711
457
246
313
437
650
252
462
483
537
679
466
274
238
514
760
473
522
281
264
471
30
752
299
205
366
25
258
600
657
240
95
671
26
44
508
367
617
467
776
745
410
55
425
203
178
261
216
113
280
101
544
146
673
621
204
286
541
312
231
379
724
497
641
689
201
728
669
393
454
176
444
614
134
748
588
433
98
749
709
765
468
572
255
405
162
104
628
172
495
439
99
769
440
100
744
648
523
340
564
424
734
138
482
487
202
259
498
747
480
470
257
185
656
712
305
629
702
65
285
142
675
388
469
173
137
766
651
442
627
707
194
566
177
478
306
516
89
200
775
338
472
321
157
225
449
706
733
525
777
589
452
450
515
417
86
349
253
310
174
451
169
563
646
479
256
693
96
507
254
144
222
421
118
448
529
226
535
228
586
109
283
678
117
726
506
698
361
170
618
505
779
697
307
282
389
696
708
530
335
198
311
475
279
115
145
559
80
477
590
447
557
705
363
197
391
670
143
676
199
81
502
362
558
531
114
171
390
474
446
418
