462
495
562
561
558
463
529
530
494
564
532
594
596
563
526
531
527
557
595
430
497
593
395
528
533
590
396
565
534
394
847
597
628
559
464
364
589
330
500
880
429
363
362
727
242
746
556
879
694
342
848
759
726
608
850
626
341
298
393
846
308
275
849
329
498
501
409
144
580
1005
309
502
503
913
177
911
267
361
747
695
662
374
912
535
714
758
745
627
883
241
778
427
629
445
566
776
1004
307
295
331
851
236
683
1013
525
373
581
499
426
310
860
112
748
612
952
1000
575
779
377
299
889
650
713
682
209
422
516
681
461
145
441
576
243
1012
475
602
448
477
720
836
775
716
996
548
1015
574
13
278
1014
881
208
956
332
865
820
725
428
633
882
16
250
549
998
279
868
1021
897
791
17
800
48
176
507
944
807
671
282
161
808
555
260
719
712
237
247
107
734
408
351
283
172
397
679
314
905
821
1022
540
420
863
582
603
57
315
741
319
228
98
178
1020
58
573
703
191
444
160
66
80
276
31
693
832
814
129
819
811
579
614
289
866
157
744
251
425
993
140
1011
84
229
277
262
139
577
999
767
605
827
24
37
640
173
280
195
914
120
34
878
219
343
65
221
206
709
615
509
203
554
989
572
777
910
760
837
728
979
997
119
135
346
607
261
945
23
189
67
360
874
474
974
859
216
539
38
18
661
431
33
32
392
388
892
476
63
39
934
246
217
22
578
867
625
517
634
123
134
890
833
764
545
231
71
293
665
205
9
442
197
888
6
56
735
187
296
79
357
884
321
805
170
717
715
942
190
102
751
1001
453
789
248
328
417
220
89
953
706
613
81
792
967
266
857
990
705
70
385
165
643
258
375
64
141
790
207
340
894
844
12
174
588
175
211
193
380
664
125
274
649
356
268
875
49
818
861
286
824
937
995
184
796
95
1016
543
88
919
799
150
700
567
1023
936
757
768
609
853
126
188
210
454
347
973
923
806
40
864
105
929
762
542
74
440
969
673
828
943
42
46
571
955
353
544
311
68
227
413
547
406
7
103
156
297
730
447
389
90
641
118
53
965
964
968
938
194
696
738
601
62
316
292
75
925
876
147
924
512
391
376
198
736
610
858
204
845
418
320
55
111
920
253
158
966
877
541
515
991
947
96
405
804
324
69
704
689
50
795
325
604
769
970
639
41
94
954
508
483
731
708
749
931
138
25
909
980
959
350
862
478
185
106
14
155
773
948
750
378
988
411
930
504
162
294
159
387
263
186
1017
218
352
257
672
410
869
383
611
15
817
852
812
902
182
443
8
702
739
707
423
484
287
245
21
446
164
1008
202
977
196
963
45
114
737
390
151
85
122
794
900
984
326
871
421
452
127
831
922
1009
163
854
994
668
793
898
20
416
30
327
235
670
213
798
412
130
915
636
300
1010
697
72
978
419
115
472
87
99
78
386
823
1
137
124
318
1019
829
895
906
802
1003
870
223
893
553
91
663
183
359
666
117
887
550
288
651
142
354
701
771
926
584
108
587
674
222
232
841
214
54
570
842
133
76
113
935
11
259
97
546
638
93
2
51
676
132
284
192
249
891
143
916
680
810
317
486
780
763
226
843
839
957
116
290
899
801
101
600
5
60
10
646
962
992
215
302
450
903
415
774
256
729
110
583
104
244
26
519
856
482
252
606
907
379
384
358
168
44
987
154
901
699
675
285
982
234
855
35
224
407
449
153
59
455
382
136
815
904
761
732
171
958
451
921
199
73
684
230
536
742
642
932
961
312
479
896
254
255
830
92
983
939
946
632
43
344
949
349
718
985
36
838
822
521
960
83
61
835
291
908
766
485
0
840
872
131
513
149
669
644
19
52
166
86
834
1018
169
667
238
698
481
355
414
348
986
128
3
270
560
225
121
927
212
873
933
82
658
100
506
816
772
345
885
637
424
622
181
180
803
239
520
28
809
146
201
951
471
240
981
480
538
109
740
813
783
301
233
167
306
200
518
886
47
677
618
1006
333
765
152
917
1002
27
781
710
322
630
918
522
678
313
568
788
510
972
29
514
688
976
381
552
826
721
473
465
77
733
950
928
551
770
635
645
264
365
470
825
617
439
648
537
265
586
511
269
752
585
281
975
711
743
487
787
179
1007
598
323
148
569
660
797
971
941
940
616
4
488
505
273
782
692
334
786
784
631
591
657
339
335
456
724
756
599
687
372
438
398
690
621
338
337
489
523
432
659
785
458
336
457
524
619
303
685
468
620
368
469
271
652
686
437
722
459
753
755
653
367
493
272
466
490
305
366
399
654
691
304
404
371
369
433
460
754
400
592
467
723
370
656
401
436
623
491
434
403
402
655
624
435
492
