287
87
549
339
485
753
379
280
439
173
511
469
691
359
289
351
760
719
613
221
252
397
146
331
725
220
484
763
386
90
227
167
317
523
778
69
677
747
620
251
731
457
336
764
309
588
717
333
718
344
145
674
483
133
362
364
670
765
247
739
322
219
45
767
310
532
37
284
341
774
762
254
194
745
707
750
772
738
13
368
392
193
294
47
721
335
709
315
766
36
136
166
768
71
761
771
49
742
366
39
746
741
306
12
770
724
342
106
585
50
321
369
332
370
343
40
42
48
533
35
250
110
34
78
420
422
38
743
587
534
62
116
63
371
253
41
249
305
722
446
46
723
88
618
107
394
171
642
773
278
304
281
769
703
248
590
334
277
276
474
