590
474
670
362
197
446
477
449
676
283
618
306
675
647
646
171
696
505
705
311
114
334
390
143
115
708
169
472
44
305
589
418
450
221
473
557
335
531
563
89
137
648
421
363
706
535
678
92
591
707
43
744
256
724
712
447
81
251
333
668
109
118
702
282
117
709
710
80
529
130
471
138
564
669
165
222
249
556
444
72
726
170
74
689
693
704
193
279
144
91
361
779
391
145
350
507
741
177
94
713
451
743
506
583
651
745
443
199
558
307
502
610
748
425
388
747
86
698
460
255
174
682
642
475
685
113
619
733
679
650
569
655
268
228
614
686
711
162
559
119
525
98
719
310
767
717
470
653
749
90
580
718
746
201
99
654
254
424
108
528
681
565
568
274
42
393
592
178
607
753
738
173
176
639
194
611
95
192
396
441
400
186
346
127
766
495
677
389
662
467
523
202
659
179
142
100
478
714
399
674
536
277
439
104
742
578
452
448
464
403
440
216
223
348
259
499
172
56
728
461
76
16
120
649
636
272
469
652
684
323
683
267
617
128
415
582
93
697
673
122
208
581
463
680
716
688
497
246
663
353
765
498
297
777
158
150
204
715
537
604
667
509
416
230
720
71
302
778
231
671
14
442
408
239
300
284
553
1
465
237
466
163
147
367
511
782
554
296
570
491
572
73
552
234
339
633
236
25
768
503
244
210
758
492
378
379
657
131
549
82
188
730
243
414
250
160
641
55
156
510
149
278
377
739
522
209
577
701
148
740
635
190
757
30
349
638
438
355
588
295
261
545
238
134
700
754
479
22
512
547
658
121
235
322
539
207
141
632
546
84
4
598
783
31
538
198
312
102
321
526
548
151
301
519
493
575
203
26
257
159
407
622
97
468
494
550
574
374
627
200
258
266
382
661
660
275
154
731
737
760
687
136
220
631
189
24
645
656
413
672
337
405
75
761
628
412
140
338
781
217
54
52
729
620
101
560
752
347
168
215
206
735
57
320
248
324
20
23
480
9
385
770
164
260
129
264
273
187
227
146
112
384
692
616
294
769
205
280
422
772
27
723
3
319
191
771
219
293
613
532
345
344
585
247
370
245
253
776
364
372
764
775
343
116
12
371
504
366
288
722
721
252
133
37
534
750
369
287
587
304
773
318
533
105
315
342
106
41
