744
470
414
107
106
141
468
746
296
140
315
701
772
367
314
533
759
684
416
136
366
197
518
466
304
440
267
680
781
700
667
645
31
412
165
324
745
748
576
164
758
495
441
30
496
526
309
494
589
258
341
467
85
444
338
588
196
611
560
683
656
532
284
442
259
261
763
253
610
522
666
325
415
339
761
714
497
711
337
47
134
757
478
313
574
703
312
190
423
469
340
644
126
479
636
437
765
774
783
365
673
51
297
436
477
46
41
86
647
184
780
369
599
84
615
545
672
561
113
260
583
546
157
316
53
132
129
285
493
29
169
48
520
420
54
537
49
112
266
193
45
410
50
450
653
487
290
255
486
368
756
521
617
43
3
421
413
391
449
485
451
553
753
572
137
79
491
305
514
23
22
541
578
40
55
269
168
702
221
78
443
652
1
710
87
747
2
185
594
779
555
159
448
447
577
13
154
44
685
516
492
20
133
769
525
438
764
268
17
476
484
471
638
602
346
160
347
662
335
308
622
209
109
52
582
760
598
295
131
392
726
4
403
472
252
39
32
682
158
422
639
620
262
118
604
174
327
162
606
187
142
483
64
567
92
42
513
540
445
289
18
782
573
777
130
432
58
19
208
552
179
33
60
751
616
25
505
288
402
9
11
515
220
381
294
61
28
473
12
519
547
743
231
38
263
34
457
575
207
287
395
773
194
156
731
176
94
35
88
202
57
570
544
21
607
500
417
512
146
329
37
281
354
375
59
771
147
16
175
488
119
125
10
609
149
223
36
199
214
166
393
117
211
326
523
681
698
490
699
222
459
145
458
767
128
215
600
542
603
135
363
543
115
364
206
173
192
455
143
178
380
362
439
355
605
619
601
634
95
587
5
624
654
233
633
65
203
177
669
390
230
569
139
183
729
108
195
110
89
229
571
114
626
234
148
182
201
596
63
150
66
625
655
345
343
210
122
754
737
614
528
67
579
671
511
93
637
155
99
83
90
623
627
503
62
181
411
342
167
597
7
548
238
581
549
8
225
239
91
27
593
6
755
501
151
200
643
26
212
568
235
188
328
465
171
232
254
517
96
264
243
15
775
460
81
385
102
228
374
247
498
348
251
373
227
291
635
123
336
721
409
111
265
311
686
127
189
657
689
103
463
242
186
536
566
693
153
56
646
204
191
244
727
138
237
550
559
332
97
344
241
733
628
98
382
257
509
353
384
383
372
675
213
408
429
482
539
271
371
749
712
121
0
394
101
665
524
661
690
430
245
608
370
73
527
778
240
419
724
