661
330
856
859
426
926
299
899
300
795
704
778
791
885
801
780
536
759
935
440
397
911
819
823
1014
850
693
937
650
306
640
615
337
853
392
424
914
933
746
590
912
783
807
394
934
501
269
882
583
940
758
820
883
361
406
745
425
973
308
531
338
942
341
852
851
393
336
1001
808
335
472
752
275
439
504
969
333
983
941
747
274
365
982
777
1005
776
782
984
502
398
694
373
366
714
781
339
340
972
301
302
682
334
307
621
690
1004
561
1015
496
470
438
471
1016
430
500
503
651
405
370
715
748
371
622
625
660
367
372
654
726
463
689
437
751
686
404
626
749
368
750
687
469
688
369
659
720
657
719
683
399
653
436
468
652
716
403
499
529
718
658
530
717
685
435
431
684
400
467
402
401
464
432
434
498
497
466
433
465
