114
253
559
145
363
769
530
586
142
199
558
766
335
621
708
736
765
255
739
281
707
735
143
767
588
771
770
307
71
250
745
222
86
743
768
502
278
744
505
772
477
171
747
42
146
616
279
81
676
737
69
557
117
216
366
115
706
746
194
678
709
448
775
277
310
749
256
670
197
764
617
712
96
227
408
125
362
773
748
504
649
741
594
364
516
254
361
390
238
144
305
532
622
293
760
587
217
259
381
122
421
237
210
308
624
246
389
180
280
283
70
738
215
579
118
613
225
120
762
182
155
679
209
181
282
178
620
242
260
138
252
187
126
507
779
752
531
234
236
325
127
320
336
651
506
235
123
82
26
231
384
55
631
152
576
179
585
157
16
354
228
543
711
4
544
763
169
27
266
714
43
623
243
124
525
208
214
627
656
705
245
262
206
333
24
319
189
261
659
607
630
450
574
677
353
380
153
609
693
758
751
435
244
326
568
177
269
571
162
183
343
650
700
517
393
164
582
628
132
207
186
602
412
12
680
683
410
753
200
131
761
188
718
599
657
109
29
21
328
600
603
488
645
80
584
170
83
321
232
687
671
2
672
141
311
440
730
174
30
344
703
265
724
147
740
377
673
371
681
782
535
264
10
551
653
28
701
572
590
342
8
660
258
777
663
731
601
116
577
299
129
352
560
754
349
545
589
286
130
57
133
759
432
230
154
635
372
84
652
205
625
479
781
606
698
112
251
3
407
409
229
313
128
742
720
682
757
729
608
476
0
274
270
53
158
324
202
273
318
460
593
727
596
20
156
662
710
644
340
598
685
190
595
411
626
449
394
31
263
52
719
618
518
148
134
291
315
159
290
776
345
196
271
480
750
316
289
72
436
113
755
725
396
514
570
7
458
715
219
780
161
733
296
636
541
233
632
633
176
684
783
661
573
534
464
658
99
539
317
198
9
98
490
515
121
716
25
713
85
111
569
513
597
575
272
17
56
524
75
385
774
149
702
519
686
74
413
100
332
19
94
23
287
373
168
566
249
22
580
163
522
721
1
151
552
466
93
431
578
717
756
160
54
5
297
76
241
370
301
218
226
341
542
704
615
382
689
97
331
426
547
302
32
14
691
312
338
400
567
257
728
211
95
605
298
337
405
13
203
778
292
15
491
288
101
119
327
523
355
592
285
437
695
540
239
306
550
646
268
36
692
422
204
641
548
648
581
674
699
463
284
583
563
665
696
33
556
654
723
457
604
554
634
619
104
276
303
334
555
486
191
275
192
347
78
549
304
664
58
591
642
726
667
520
690
201
89
459
637
34
108
359
512
499
688
150
77
484
529
92
195
638
166
193
538
536
610
553
73
392
428
508
485
639
37
348
247
357
420
223
110
478
451
61
511
90
102
139
88
103
510
50
49
35
481
669
63
51
386
41
472
403
107
666
365
87
528
105
91
167
527
360
62
509
