288
107
459
456
455
287
35
137
263
430
403
487
402
748
91
167
62
695
48
733
723
90
6
281
27
420
21
731
9
110
484
42
88
112
140
454
115
13
617
672
431
109
444
253
83
365
46
699
195
727
771
20
45
763
29
2
286
138
762
428
81
37
756
80
387
264
10
422
735
7
694
643
703
166
11
54
644
194
28
50
729
111
725
779
427
751
71
60
476
278
337
196
0
251
327
328
15
404
178
767
616
325
775
363
226
40
326
49
645
780
198
728
766
504
752
364
475
432
370
375
532
225
641
139
113
333
719
14
483
168
3
17
732
85
32
376
640
423
34
89
639
314
223
23
611
18
366
39
57
734
335
336
389
299
586
587
19
67
291
292
221
265
77
164
724
8
105
234
102
416
73
38
468
426
359
193
482
512
61
388
495
469
417
131
104
496
133
460
36
467
374
610
313
284
413
72
315
547
106
342
160
123
399
259
440
134
172
266
285
441
293
76
249
136
716
412
75
383
371
369
384
679
341
135
397
237
721
343
74
347
319
320
534
321
