418
446
697
531
614
65
475
447
79
67
228
474
503
68
473
198
226
66
64
256
590
388
419
360
171
200
59
391
144
351
80
170
283
696
95
559
282
93
618
257
646
309
323
611
702
44
89
726
142
60
156
425
389
775
117
94
445
558
399
330
96
90
172
698
390
92
254
651
225
411
87
557
472
336
91
97
465
529
115
410
327
322
610
591
629
621
648
565
438
255
329
515
563
567
100
437
197
139
417
451
409
361
589
51
297
382
128
442
114
199
514
469
604
126
441
464
492
298
99
35
167
677
467
229
373
387
415
470
131
468
76
436
125
457
380
439
462
328
463
48
241
740
771
14
564
435
586
381
169
607
471
143
735
631
678
47
50
352
478
414
448
539
491
466
506
227
566
619
357
358
704
657
650
155
211
728
507
124
127
374
413
130
627
49
508
620
72
760
61
74
626
530
202
561
98
450
359
158
355
625
182
157
412
7
259
15
345
231
603
772
736
385
212
308
430
383
490
486
203
70
25
602
494
58
230
354
234
201
623
493
695
240
779
624
116
365
353
350
423
655
628
372
562
343
113
605
444
6
52
335
505
321
630
265
555
644
679
224
758
536
649
31
612
421
408
311
210
580
123
299
5
671
632
132
706
356
509
645
17
56
511
232
101
489
407
18
676
54
22
440
129
11
535
190
384
568
4
269
271
700
320
707
233
782
325
753
174
403
759
204
261
237
730
16
502
71
576
1
183
223
653
29
26
578
577
378
36
32
63
544
606
662
495
496
154
757
208
454
770
77
33
593
270
518
243
377
108
324
517
81
752
0
86
209
326
348
103
3
601
168
145
560
159
654
179
397
596
458
235
476
519
293
581
745
363
28
140
569
556
634
701
432
85
405
617
379
75
579
783
349
178
426
773
652
236
253
141
264
10
428
592
370
84
294
637
319
729
583
196
393
755
207
452
673
177
656
616
344
588
480
184
488
429
238
483
376
781
666
727
316
400
512
45
109
658
82
573
301
55
537
175
672
19
244
599
268
485
111
280
195
206
659
205
8
20
434
479
102
166
406
754
427
260
714
290
453
762
337
633
176
150
165
180
272
69
477
670
516
487
222
153
545
683
27
401
546
684
595
24
756
245
53
122
746
213
594
705
262
734
600
151
34
597
540
699
346
317
148
554
552
43
57
242
767
13
118
768
73
30
780
402
239
371
146
9
737
21
443
497
571
622
147
12
2
364
500
331
765
258
532
181
455
708
431
570
188
598
296
541
83
152
149
312
246
660
553
643
766
398
160
456
574
23
78
286
112
62
287
575
640
764
776
318
46
520
110
725
572
392
404
215
481
315
263
292
584
484
340
774
482
395
386
285
763
314
291
289
341
161
288
751
664
732
313
420
38
691
665
135
107
105
703
