492
624
491
659
592
460
685
434
505
654
437
660
281
466
619
656
655
537
313
345
653
401
620
569
473
523
366
470
433
436
623
404
469
797
400
435
376
402
438
686
816
271
344
399
817
467
538
506
249
511
29
815
490
510
439
658
403
303
690
179
457
27
154
1010
493
733
459
186
181
367
813
348
312
440
818
570
635
398
652
488
86
669
618
152
304
407
692
765
468
471
637
28
153
940
1007
678
254
180
371
59
522
121
369
782
784
252
819
975
928
218
941
698
783
61
766
188
809
586
148
83
591
560
520
215
822
691
524
1006
699
47
272
946
212
646
599
622
583
182
77
621
43
317
210
723
52
551
82
830
992
1002
702
971
479
381
598
489
408
109
214
951
92
710
661
201
370
149
585
631
93
54
458
234
754
843
91
687
976
213
960
124
950
918
456
722
414
648
732
927
798
382
755
60
840
617
977
701
711
255
743
785
667
171
632
1009
896
657
921
110
939
10
151
73
568
842
235
780
175
202
600
305
44
183
521
169
961
831
899
233
480
204
729
949
829
318
787
753
155
349
19
76
788
845
670
839
11
972
908
4
384
786
651
487
909
684
552
983
87
978
616
932
893
273
375
424
536
30
244
677
365
207
876
697
239
724
265
327
553
472
756
211
415
844
770
412
143
1018
285
111
645
465
455
223
1003
986
359
841
803
606
264
25
985
122
933
514
675
323
907
877
781
117
639
350
146
518
601
584
200
772
740
326
358
679
199
541
630
481
835
962
642
230
391
885
917
609
925
253
812
959
674
100
644
131
957
611
225
208
185
41
128
790
49
513
142
900
478
240
3
834
174
991
550
167
0
546
392
1019
322
789
245
372
21
224
2
485
852
238
891
696
802
291
130
801
987
672
571
737
432
761
673
482
423
360
226
922
707
958
194
390
294
263
379
1023
926
192
449
895
104
114
116
99
328
232
915
108
196
680
36
771
256
486
882
284
355
994
519
166
354
638
676
981
728
664
159
641
5
712
132
368
739
50
447
133
168
136
101
198
287
51
197
163
35
451
72
97
386
164
290
577
578
113
288
760
227
416
810
963
763
864
931
982
610
421
988
945
930
257
1
508
742
26
297
262
106
162
7
668
990
296
935
757
78
325
875
450
261
547
387
8
15
545
484
454
970
94
353
517
193
984
103
862
79
259
515
20
736
1011
195
995
704
894
804
647
452
955
886
45
881
1017
643
258
419
170
292
85
820
68
613
231
320
64
582
700
898
222
165
33
65
389
55
706
96
604
293
32
48
417
581
1016
335
969
579
666
302
66
418
738
964
70
544
919
966
825
708
187
929
229
567
135
74
69
147
828
823
324
629
938
549
999
71
352
388
53
968
483
954
356
410
512
6
997
914
268
649
948
769
615
321
228
453
98
34
357
203
134
105
67
141
90
40
989
548
849
206
289
176
270
998
102
295
665
965
209
39
814
75
385
422
38
37
663
266
1008
934
9
953
1001
1000
413
129
138
420
887
502
833
137
967
14
614
269
260
705
115
566
902
973
920
516
916
867
286
866
1021
580
160
42
636
425
996
947
861
901
884
338
173
161
612
158
923
792
316
46
993
383
139
768
1020
84
718
859
1022
125
924
888
793
910
838
397
773
251
12
855
906
774
943
127
775
81
576
853
956
856
205
854
974
140
832
361
542
237
980
329
554
543
731
236
219
870
897
334
539
150
794
878
871
276
904
903
892
744
336
243
872
301
241
868
248
811
796
913
979
851
799
156
504
217
337
850
123
873
572
865
126
446
640
119
937
95
62
848
936
730
795
890
762
826
883
89
380
300
836
874
118
443
747
282
172
735
274
378
339
879
869
824
88
751
805
752
889
306
634
725
448
526
942
1015
709
589
767
107
858
846
777
800
343
880
821
280
750
184
952
311
837
393
827
734
120
347
178
602
314
18
779
857
693
764
250
501
695
912
605
741
333
190
442
860
426
806
221
565
427
525
633
277
474
315
911
703
80
808
428
216
189
791
603
671
573
411
56
540
905
863
758
715
332
558
157
944
377
246
319
145
220
23
590
16
721
555
587
299
1012
713
807
534
847
688
346
607
575
17
717
533
267
681
464
22
597
298
627
559
749
444
63
476
331
24
776
608
500
509
13
1014
283
716
574
57
191
625
31
662
112
363
1004
364
396
745
177
58
461
588
1013
242
719
247
275
650
351
445
535
477
405
340
727
144
441
778
394
689
330
1005
527
499
307
507
683
395
626
406
279
557
475
308
309
759
748
362
431
503
682
409
278
498
556
726
628
429
310
714
694
495
720
494
373
746
528
496
341
497
532
374
593
463
430
342
564
529
596
561
530
595
531
594
562
563
462
