405
0
182
492
522
686
468
22
554
188
441
203
268
684
711
682
312
140
652
54
396
400
720
9
264
212
293
700
346
672
440
230
322
647
261
266
80
470
737
526
179
469
683
506
294
207
354
508
23
324
206
443
213
218
347
667
11
150
553
657
629
31
157
457
189
731
632
538
81
685
705
242
129
627
407
348
404
401
447
184
718
478
6
345
521
168
174
551
715
132
442
412
548
444
14
269
713
504
176
374
399
660
325
390
18
658
547
385
177
282
382
409
494
240
680
710
466
233
262
575
717
205
134
196
453
183
415
226
175
204
44
247
309
331
448
353
714
15
286
211
502
326
414
716
378
221
430
428
297
202
272
742
270
628
327
438
439
410
429
248
564
258
411
315
232
475
643
350
603
697
367
527
425
511
631
480
391
271
528
434
136
397
778
403
302
316
668
301
493
314
395
437
471
151
733
303
416
338
752
454
339
424
473
106
285
340
423
398
383
148
375
298
388
694
402
360
220
369
355
446
510
299
776
386
59
341
562
198
328
482
452
257
751
356
509
483
417
565
137
500
357
537
39
481
455
465
40
501
734
359
330
300
503
445
329
614
387
165
418
561
358
533
419
368
