256
748
592
708
203
351
92
738
707
9
442
396
399
594
599
569
174
645
243
623
279
493
729
130
647
134
649
537
3
665
202
287
636
378
600
206
405
326
126
207
511
140
467
23
288
85
681
181
129
485
232
662
186
285
214
481
205
218
672
269
635
79
250
2
700
154
582
298
505
468
104
75
539
363
401
699
112
299
605
663
43
124
168
650
606
765
377
570
627
246
289
657
689
768
179
149
565
628
27
402
242
211
566
776
57
231
201
595
622
290
145
375
404
364
742
108
258
764
609
416
749
291
183
602
245
244
188
217
192
780
739
432
572
683
477
629
400
189
664
714
655
415
653
208
632
395
740
190
573
312
745
747
615
44
187
272
643
711
173
603
274
337
767
680
180
704
692
670
270
532
710
682
471
752
466
152
613
712
133
608
138
753
392
191
292
687
504
652
658
720
449
302
271
638
90
656
356
294
688
486
462
630
695
182
631
634
469
463
224
348
770
230
301
346
760
490
716
715
746
465
153
654
470
273
461
691
741
42
280
488
487
150
398
744
151
338
659
686
777
123
422
718
674
660
633
669
307
300
766
690
367
587
489
713
293
640
251
193
105
667
668
315
342
694
252
460
717
464
13
709
661
420
675
666
36
12
459
333
684
347
78
219
137
719
275
685
743
38
641
639
45
585
37
106
721
371
750
136
221
303
278
220
534
284
778
761
339
310
335
362
88
331
321
253
249
366
722
306
247
642
723
724
332
41
305
39
703
533
773
394
40
281
304
769
334
277
248
276
