537
769
723
247
521
623
711
272
411
433
779
606
233
560
595
628
680
452
593
342
527
266
376
520
248
50
262
20
132
58
286
608
773
85
264
5
652
476
157
463
246
732
25
688
759
439
316
731
727
129
765
718
270
464
754
8
370
572
327
184
275
163
577
715
729
630
245
12
261
438
674
401
658
604
587
265
57
336
369
775
760
686
215
632
318
561
589
187
437
470
368
202
662
241
445
605
532
547
599
571
689
160
660
260
712
360
393
330
87
67
229
218
697
214
84
672
762
217
714
603
244
253
602
402
355
299
27
55
310
300
15
303
385
629
296
594
716
443
69
24
783
530
292
189
231
109
548
609
701
758
636
506
764
412
158
690
331
345
440
240
207
661
274
441
728
213
29
326
269
673
431
663
734
491
497
108
574
348
28
413
633
188
644
757
717
287
141
26
1
325
651
159
156
162
739
383
52
22
194
54
642
495
467
352
351
747
349
600
639
198
631
113
551
0
618
575
425
709
553
398
581
465
730
82
268
404
56
389
353
211
617
549
705
466
782
719
230
683
598
31
293
273
65
458
341
675
700
567
4
236
174
225
704
131
347
708
99
681
100
579
367
614
645
526
693
753
319
223
596
279
524
538
7
550
522
610
306
584
302
311
761
16
459
391
216
625
576
573
182
323
155
183
601
176
154
150
149
657
212
227
720
98
528
226
622
607
659
239
555
570
713
259
307
626
208
147
523
148
502
193
503
685
366
396
301
332
209
462
317
471
668
75
624
578
238
564
586
501
569
403
684
448
726
535
552
128
399
288
234
70
74
749
79
616
650
375
568
14
138
42
329
507
698
611
337
724
81
656
165
116
400
499
146
580
295
177
334
677
178
556
682
592
597
179
76
357
267
200
222
746
254
772
290
742
291
627
421
210
554
346
338
736
741
702
64
449
679
654
588
80
649
655
509
119
583
126
390
710
86
461
752
388
181
653
170
237
124
667
153
563
180
460
339
121
582
620
172
472
621
72
127
97
90
340
770
277
169
450
282
475
151
365
250
350
278
766
199
93
289
361
481
91
745
130
221
305
695
152
249
748
678
477
92
228
294
505
94
125
71
118
333
525
43
251
362
322
145
256
696
321
120
558
648
447
122
735
117
89
44
363
335
744
123
320
743
767
647
557
771
738
706
115
143
95
591
559
676
197
529
446
670
142
255
531
707
418
114
590
171
144
619
283
474
473
96
