598
93
611
597
108
348
326
371
372
571
369
648
593
703
599
135
732
542
432
513
206
610
370
251
649
325
553
423
637
722
343
511
98
428
234
699
404
552
485
292
261
161
52
276
179
580
762
489
381
731
201
320
358
291
3
352
725
627
399
536
470
644
375
568
585
355
192
429
353
603
440
220
690
519
265
635
514
508
0
342
140
6
492
756
643
425
407
414
315
543
783
380
152
556
631
476
400
327
550
207
650
111
488
1
159
190
524
729
691
11
18
577
233
467
782
469
141
329
652
615
490
426
757
471
403
727
602
574
523
56
151
522
491
158
607
379
344
160
191
133
163
457
576
545
630
319
31
728
21
382
333
434
128
517
438
493
383
22
29
203
316
196
478
123
675
334
356
609
409
227
10
540
628
520
560
463
436
754
15
455
768
702
636
781
654
165
273
14
337
688
131
565
53
634
495
84
23
121
616
483
484
82
112
230
551
287
515
9
456
638
454
740
317
394
521
658
632
441
494
639
700
235
299
697
290
653
4
667
656
437
129
247
573
314
164
156
439
124
395
538
30
518
239
155
149
562
579
378
759
465
180
666
336
148
681
462
24
537
657
464
303
267
672
468
679
401
413
664
673
431
176
83
617
451
460
604
546
564
549
288
525
461
411
510
482
218
665
248
412
695
384
442
260
306
204
341
588
245
721
26
402
330
406
275
548
240
684
660
146
563
312
295
509
547
623
393
670
430
214
694
16
774
185
173
633
215
177
622
322
55
298
263
219
651
386
181
659
205
264
277
594
126
719
125
217
324
487
244
346
300
466
237
182
226
655
318
584
618
373
188
162
232
486
661
641
704
313
612
238
231
228
600
132
396
629
417
301
663
127
410
720
544
241
601
271
210
255
42
213
285
268
424
516
257
662
350
187
677
589
308
202
211
773
278
208
682
689
775
296
716
174
134
297
566
122
686
170
189
236
130
368
351
421
212
678
323
272
496
246
772
270
683
692
183
718
259
256
184
717
357
715
221
767
680
340
95
302
557
535
286
283
751
243
339
305
714
269
150
280
254
687
480
479
198
209
746
776
345
507
459
258
765
169
86
216
194
771
447
752
252
559
711
778
777
685
534
374
367
136
531
186
452
750
747
94
706
419
735
138
572
640
249
281
242
533
274
590
713
741
143
707
250
504
335
668
739
710
779
503
137
448
743
734
736
749
709
366
693
222
475
449
769
505
391
109
282
745
197
696
115
311
744
676
733
506
363
586
389
361
748
474
145
766
279
80
737
199
477
171
310
712
770
738
338
530
253
742
81
307
705
446
708
558
502
362
114
390
418
