711
651
241
682
436
755
432
280
685
379
705
153
726
87
80
380
212
331
700
242
184
45
655
472
525
460
657
627
269
605
547
552
502
728
201
84
731
0
185
284
390
652
474
754
266
718
236
352
126
56
180
405
630
601
715
25
130
495
575
672
321
319
435
312
713
208
451
324
177
1
325
626
240
504
85
549
54
555
710
261
413
203
32
506
213
149
717
174
742
337
7
377
714
371
182
31
154
282
295
343
759
206
680
658
247
207
210
538
523
554
172
677
44
750
396
9
499
448
22
467
351
221
577
326
440
497
346
140
522
631
345
303
354
716
407
752
176
400
202
248
370
264
258
286
209
480
498
129
41
204
127
615
262
347
134
668
367
168
150
526
733
534
344
205
468
348
553
441
6
294
297
302
353
196
265
385
447
14
136
11
576
340
270
18
151
551
272
778
301
322
289
233
470
647
469
378
271
443
315
442
339
226
409
175
603
412
232
338
267
401
292
323
318
382
15
453
521
688
341
155
444
399
374
327
602
494
694
410
430
466
403
496
298
299
415
328
411
309
148
314
527
316
643
528
391
285
414
428
395
220
452
475
439
437
438
471
564
429
510
776
137
424
350
473
425
356
355
369
106
397
388
493
257
360
386
398
383
416
330
198
359
300
423
375
40
59
402
417
509
482
562
39
481
734
500
357
503
501
565
329
533
697
537
465
445
368
358
387
165
614
561
419
418
446
