96
71
251
513
95
394
92
335
333
486
515
485
362
363
122
278
516
514
97
72
512
93
123
43
70
334
94
361
447
250
223
420
103
418
305
64
287
69
67
746
771
221
65
277
721
612
222
68
640
44
517
306
193
263
249
121
288
694
76
341
91
666
124
138
390
197
205
703
692
314
369
665
114
289
607
332
338
291
725
365
580
641
487
339
151
292
776
475
315
388
98
169
317
408
484
381
416
102
488
544
380
500
264
79
540
66
406
179
125
120
195
638
310
745
578
286
14
342
389
531
290
428
427
662
552
42
444
414
436
150
108
543
652
318
636
407
391
99
669
375
152
165
585
541
316
203
523
50
545
469
51
549
403
628
366
175
354
157
415
206
313
162
576
410
80
86
453
194
262
550
204
579
664
36
455
691
409
331
75
722
518
101
442
258
489
166
4
271
608
62
392
49
233
504
12
718
546
581
239
129
336
522
232
139
561
734
524
744
100
170
327
312
281
384
660
562
743
81
113
765
173
402
635
689
78
7
82
297
0
495
467
781
490
763
37
31
510
52
225
609
19
762
88
548
246
360
440
1
542
761
577
34
270
498
530
28
29
16
328
769
56
470
397
756
679
511
54
132
565
478
575
46
732
216
606
109
651
284
126
633
534
261
149
303
783
21
553
141
435
723
344
595
26
178
35
717
229
279
663
73
401
715
187
458
217
155
674
459
503
58
2
265
337
560
613
215
202
17
244
198
324
253
752
536
163
604
775
27
506
593
687
309
426
22
547
213
33
537
185
729
754
24
509
759
603
502
716
659
20
57
38
60
242
299
8
637
672
412
307
443
671
385
161
441
429
764
632
479
84
417
680
298
425
539
61
704
5
532
777
352
587
476
55
711
567
211
214
623
404
240
25
451
48
615
160
47
45
733
325
296
398
631
353
686
538
393
208
658
396
189
643
644
269
85
382
508
491
236
188
551
727
87
772
235
445
673
629
207
379
760
497
649
260
630
423
351
301
431
780
697
180
650
728
18
245
456
457
3
677
779
564
755
280
622
605
700
133
701
527
230
59
782
329
10
326
201
13
273
535
559
274
466
730
448
773
758
525
736
370
413
356
699
675
405
231
757
112
574
625
468
267
148
596
319
357
422
438
520
243
621
519
645
30
566
678
32
238
695
688
719
142
190
53
374
411
386
599
77
602
463
11
376
15
168
330
174
367
373
237
465
293
439
430
452
23
83
713
661
6
226
140
724
594
507
257
634
598
348
302
464
676
624
505
209
295
648
749
432
268
571
183
616
272
573
720
434
572
450
526
347
104
600
340
399
588
9
437
620
501
563
358
647
601
224
735
196
164
617
176
592
614
294
111
345
731
212
241
584
681
300
683
252
158
368
433
154
323
639
116
234
182
483
521
726
167
668
693
747
619
110
737
63
355
707
218
227
714
387
626
533
685
471
618
708
424
705
346
449
137
131
349
159
256
496
493
753
657
127
460
494
766
710
383
461
706
682
528
462
492
586
192
371
177
480
684
285
589
146
555
364
322
266
653
343
656
568
308
153
709
311
611
