437
404
469
52
436
181
348
470
84
636
927
668
180
830
605
635
637
168
599
666
313
525
926
405
148
524
862
493
214
491
224
893
246
346
213
36
247
349
492
51
77
167
959
669
653
655
116
403
20
699
654
202
264
111
623
501
380
502
199
691
285
255
659
631
892
328
25
160
957
182
634
468
135
729
265
598
785
76
137
592
282
591
13
786
617
326
378
200
722
787
923
149
327
170
487
459
281
83
523
958
254
286
692
925
559
86
754
723
45
314
660
444
162
194
358
490
486
794
382
724
460
572
526
47
91
891
454
347
134
14
35
142
350
46
622
755
85
700
667
624
223
161
92
15
648
345
355
585
788
619
761
756
359
518
413
320
232
894
169
616
115
296
82
711
192
587
618
630
527
364
423
44
566
753
435
287
494
273
924
216
793
488
57
396
539
990
438
690
510
99
381
774
412
859
863
372
991
784
586
829
19
861
42
206
907
686
68
179
429
4
895
652
762
238
522
461
693
798
295
555
237
989
538
638
147
11
677
757
656
371
455
397
837
272
554
725
428
909
225
955
395
948
664
138
550
519
3
458
560
570
728
424
679
826
805
663
220
78
534
317
799
604
402
235
571
1006
212
721
597
906
910
817
241
16
573
710
869
203
765
983
201
905
860
379
158
662
240
870
270
680
650
825
696
117
556
27
100
109
582
908
965
252
876
126
647
916
318
17
567
387
565
651
979
390
271
245
743
215
124
60
352
742
451
822
319
239
676
410
806
547
434
858
855
974
988
12
789
976
678
620
980
649
90
74
542
708
1007
1022
370
970
712
874
467
1021
279
939
992
949
816
29
993
453
131
810
975
325
110
890
687
629
292
956
1011
541
821
940
697
818
132
766
356
901
75
421
961
1008
760
184
391
875
972
857
230
981
937
520
969
872
414
960
288
545
732
363
533
323
103
834
740
877
546
365
305
889
445
885
136
938
558
175
644
994
873
312
968
838
997
842
93
868
603
250
932
947
303
515
1015
579
854
140
1023
739
207
962
856
645
639
707
195
674
973
929
899
141
661
904
611
482
227
1005
941
193
815
902
819
578
500
280
896
551
481
1017
411
752
506
416
900
417
610
930
231
898
964
672
580
79
512
998
841
119
384
483
190
807
544
915
840
528
154
987
553
183
804
615
917
792
867
297
94
966
836
304
839
936
866
922
705
823
513
577
824
427
706
64
986
574
174
835
480
695
771
643
673
1012
22
963
897
389
865
73
422
928
888
775
449
293
884
450
802
995
514
54
886
584
770
738
675
814
931
921
1009
982
864
772
443
163
234
833
21
283
704
850
801
845
59
1020
773
734
226
284
609
843
831
256
811
820
832
67
1013
489
848
736
1002
55
576
971
685
61
851
1010
737
853
844
640
849
871
996
614
217
259
575
129
803
1016
233
641
198
448
809
386
172
769
588
28
475
852
208
509
56
808
768
883
720
946
366
540
316
967
590
628
33
612
608
621
846
164
549
642
800
155
942
903
41
263
18
457
337
943
484
173
847
933
744
887
918
306
698
244
797
219
999
58
70
383
984
911
581
709
315
950
302
398
813
881
143
477
221
681
878
953
294
338
1018
569
334
1004
447
324
751
310
176
159
474
783
98
985
107
919
34
118
53
187
920
790
688
97
944
406
9
548
69
114
108
951
205
171
369
122
87
452
733
1000
977
125
1003
48
81
583
689
123
133
934
96
1019
613
694
476
505
311
646
50
269
30
248
191
776
914
1001
10
249
89
632
357
978
121
430
495
156
388
418
112
828
954
335
552
935
516
882
130
731
741
426
289
274
827
228
665
912
730
880
377
105
120
415
1014
879
791
321
657
507
945
602
913
32
2
373
606
333
701
466
767
336
385
425
7
88
66
485
43
71
72
446
713
267
39
812
471
332
153
456
521
188
952
727
1
8
104
186
782
684
442
401
37
144
262
40
719
49
419
351
758
354
157
532
499
26
627
344
291
65
361
253
222
718
625
236
600
189
0
682
735
764
63
353
177
517
360
557
185
394
339
139
322
301
106
726
607
218
196
166
178
508
299
777
745
278
670
5
127
146
260
658
150
703
717
229
151
462
204
593
750
23
197
152
6
596
496
795
298
101
38
441
367
497
759
601
261
80
683
781
329
251
589
702
128
62
779
392
243
209
308
266
24
511
433
268
763
778
671
343
257
211
290
716
409
420
543
300
780
749
165
375
747
564
439
258
393
465
368
102
95
479
276
796
748
473
478
113
633
309
399
242
714
472
340
331
537
746
277
715
626
440
529
374
561
342
498
400
31
145
503
568
536
407
341
330
464
431
275
463
210
307
376
408
535
504
362
432
595
531
594
563
530
562
