248
276
304
723
63
277
39
41
332
46
703
47
40
249
107
48
35
359
78
695
639
667
88
247
38
34
371
13
36
62
731
360
45
334
50
642
220
666
278
110
37
12
87
331
303
368
166
721
221
690
135
219
768
640
193
722
743
742
185
534
630
770
763
75
79
533
741
767
685
774
394
489
771
517
593
715
490
189
460
615
461
714
764
725
61
57
780
2
699
436
773
762
737
308
336
488
59
492
21
769
385
190
299
252
0
3
281
32
148
500
260
28
149
752
729
499
772
111
287
366
736
10
20
7
511
229
735
569
175
237
512
351
300
146
623
653
172
677
