29
55
553
374
529
84
345
183
181
239
554
560
212
233
672
673
270
307
680
496
411
658
238
268
230
473
176
519
376
759
17
242
748
693
381
288
396
266
129
436
458
127
431
18
706
400
457
424
184
405
189
155
632
147
552
4
350
438
271
606
401
302
425
460
22
660
555
469
581
260
317
349
700
286
372
348
24
509
439
229
114
151
267
714
551
26
746
490
211
497
597
83
258
608
262
441
209
31
772
655
7
154
385
528
128
407
542
614
322
466
324
403
269
656
379
301
491
255
677
172
463
300
323
355
695
356
174
480
478
738
14
527
435
295
442
607
408
488
326
325
489
380
452
202
454
297
580
146
409
175
634
659
775
298
15
296
327
562
148
633
253
465
531
745
132
331
340
228
584
559
80
410
81
170
464
282
506
437
735
199
299
144
705
338
737
752
171
254
448
257
742
770
388
200
771
474
736
502
733
390
361
447
391
329
328
501
751
389
503
734
417
330
226
530
475
358
586
198
697
558
419
360
446
418
