609
104
658
669
654
267
450
156
604
321
463
155
426
517
556
520
632
457
346
660
523
117
656
565
160
532
27
438
263
638
551
462
764
429
99
540
173
636
515
186
471
333
492
522
21
630
128
191
653
240
768
485
163
458
633
84
576
671
8
781
395
560
319
100
754
721
639
303
82
728
431
124
180
181
158
159
675
606
758
382
9
627
112
23
402
664
247
688
101
622
684
30
616
113
266
700
514
157
265
464
207
275
273
694
594
538
287
214
549
521
672
378
375
681
165
126
293
465
516
564
314
125
760
291
519
230
430
218
260
673
603
353
24
719
292
208
655
598
537
245
641
132
164
244
563
439
704
26
550
617
403
440
176
215
16
679
288
482
217
233
55
720
204
187
127
451
487
213
661
255
396
406
235
248
412
629
510
256
509
578
234
262
571
618
348
533
241
352
588
188
312
384
219
231
542
663
206
772
662
334
557
771
162
566
268
393
306
589
285
322
599
716
486
271
261
605
189
205
670
301
320
281
324
689
300
313
341
767
350
368
179
178
272
374
286
277
354
134
246
326
259
283
504
682
270
424
686
683
42
459
752
692
534
174
570
776
202
169
302
243
765
296
678
769
640
687
347
778
714
278
715
340
351
367
680
280
421
718
479
86
717
339
775
216
747
305
535
269
735
258
274
750
366
739
746
325
696
252
685
590
668
221
711
507
736
480
254
743
777
697
177
452
779
242
323
143
138
741
80
391
299
707
282
749
335
748
713
310
115
766
279
770
693
449
136
448
710
194
109
250
505
706
145
249
709
733
199
737
530
171
137
197
676
338
506
586
712
745
474
744
389
477
363
361
222
738
311
253
742
81
307
705
708
446
502
114
558
418
362
390
