772
950
381
979
410
519
147
14
118
552
964
808
136
383
488
763
454
35
451
51
103
42
542
665
127
415
355
157
1022
139
943
892
64
762
708
866
421
865
782
776
293
704
471
1012
221
769
88
973
173
1015
982
248
613
796
315
968
33
444
812
883
777
1008
165
937
12
1000
379
320
105
924
265
853
572
189
574
40
910
484
228
46
965
860
631
810
1
823
788
889
947
768
474
974
191
1001
764
56
890
805
70
800
17
912
446
442
980
966
824
438
6
68
452
19
129
1021
422
177
346
450
996
216
879
34
612
636
115
731
96
981
71
936
352
997
854
814
135
378
172
347
184
903
67
292
419
516
863
935
705
243
57
112
1004
666
161
607
795
190
827
791
999
388
445
24
443
62
504
536
39
942
31
138
145
259
242
952
160
246
418
426
627
26
425
220
483
63
389
905
944
745
709
140
453
222
1013
37
351
540
283
649
741
356
654
385
321
107
38
821
280
303
568
730
289
956
420
22
324
69
18
634
476
807
663
268
599
13
102
134
271
409
603
1005
456
569
477
756
911
58
785
137
457
411
1014
998
505
509
653
967
23
448
713
602
260
365
277
357
427
465
267
441
247
586
527
628
458
507
591
343
633
758
311
553
428
681
475
489
144
276
278
302
274
300
466
621
693
626
559
695
393
301
468
779
781
329
272
279
535
652
724
662
305
687
304
396
299
298
727
461
650
394
398
759
726
725
778
335
690
338
685
503
526
372
310
361
625
334
751
657
333
469
306
497
529
429
718
747
406
748
362
749
395
363
309
460
332
554
717
715
682
750
686
364
525
459
714
716
498
339
340
655
683
593
558
493
561
620
691
331
337
528
694
336
405
746
592
307
619
275
373
330
500
374
523
555
590
437
752
755
371
432
623
308
434
490
342
587
404
467
719
366
430
524
341
435
564
588
594
368
433
530
436
688
596
562
722
367
754
431
721
689
557
532
494
399
753
556
499
496
370
495
369
463
464
462
589
720
656
403
624
400
723
401
402
491
595
492
563
531
