249
186
281
154
199
230
188
797
4
194
928
510
29
48
197
82
167
218
870
511
826
577
215
27
609
653
900
992
384
153
198
960
196
546
659
83
152
282
899
155
691
927
481
2
182
91
660
313
611
110
654
514
254
932
921
901
962
73
685
837
49
675
578
181
130
642
225
348
961
151
674
61
896
44
838
323
261
187
77
435
93
480
492
251
723
224
436
652
124
250
686
692
925
291
59
971
491
43
702
707
403
859
79
576
673
271
226
272
803
252
871
817
816
86
766
317
169
991
469
904
655
434
1023
919
545
3
52
0
131
798
100
41
227
5
136
