623
872
200
402
76
183
754
959
437
166
825
669
624
490
513
314
785
939
856
121
869
755
180
902
99
457
815
994
858
818
470
459
192
592
893
25
128
322
54
830
629
345
404
888
354
219
10
207
661
784
240
458
940
109
1010
304
598
648
794
239
579
891
831
392
786
630
533
482
819
951
424
447
620
990
11
47
541
722
641
849
273
479
770
829
787
489
179
9
621
376
658
637
214
670
765
208
468
566
534
248
87
619
280
262
918
933
466
839
238
318
684
802
502
848
733
881
30
253
50
487
737
565
672
523
170
788
724
711
456
460
142
327
946
28
783
690
680
305
756
149
622
439
212
359
616
455
171
195
835
175
591
344
326
206
710
743
569
537
696
501
440
857
850
505
360
894
467
583
886
493
111
538
551
972
213
312
678
761
408
473
813
148
617
729
977
524
631
471
547
60
407
488
597
270
1002
391
235
599
907
506
618
679
269
646
570
1018
209
550
712
782
740
449
882
185
122
264
522
978
1011
887
143
945
176
425
877
975
739
358
1009
941
676
645
895
789
520
303
164
371
585
518
639
328
814
742
774
210
820
793
438
845
699
644
875
677
211
804
844
204
581
843
885
263
880
350
728
635
649
914
852
647
842
876
560
790
244
663
390
697
986
851
234
698
202
426
163
584
916
1003
241
732
423
983
651
1019
521
913
517
846
700
806
582
664
822
847
632
601
203
237
908
780
233
375
909
236
958
571
201
1006
174
377
296
985
508
760
855
976
970
370
762
1007
205
957
397
615
485
917
1016
552
302
567
757
472
217
580
486
884
771
353
989
840
232
841
926
178
614
600
7
454
548
915
366
812
811
878
744
874
586
421
773
604
294
539
988
21
809
775
297
656
549
613
668
92
519
792
665
474
883
243
667
987
245
949
229
32
295
853
753
173
544
410
791
265
117
777
808
266
382
1020
66
412
478
912
643
177
776
984
821
1021
168
442
854
823
1017
90
627
605
910
242
572
422
398
246
879
666
389
801
536
706
610
828
745
810
634
979
633
1008
343
713
612
268
484
1000
365
97
453
606
159
824
731
943
1012
602
1015
125
452
553
441
873
409
938
141
730
325
763
277
568
274
433
276
603
767
636
693
1001
516
982
575
701
758
311
119
999
146
300
172
709
695
378
969
94
834
681
807
427
256
504
53
393
781
515
443
662
862
379
540
114
920
922
628
554
476
944
687
1004
955
906
428
396
267
759
911
779
555
416
931
507
301
475
465
981
947
1022
286
727
974
55
380
401
942
535
444
998
734
386
278
751
980
607
74
1013
310
329
223
1005
247
650
587
420
559
718
741
626
861
778
973
106
357
997
657
625
287
388
309
399
306
717
15
864
411
703
147
764
772
725
193
588
867
1014
35
279
394
963
948
461
503
750
953
299
930
799
275
257
338
590
671
372
735
8
293
805
72
934
361
132
451
593
923
89
316
400
414
968
749
367
231
298
346
708
362
33
333
288
133
561
64
556
417
542
525
85
995
892
564
369
716
589
683
255
638
334
364
335
413
726
682
429
319
395
752
596
964
363
747
150
406
342
162
104
748
387
258
432
526
95
75
719
65
715
1
498
557
594
145
954
415
332
527
337
339
308
529
165
796
528
331
746
640
736
558
405
562
836
497
36
336
290
966
108
563
714
595
113
330
307
105
950
694
368
374
688
721
349
101
500
483
158
868
320
123
16
355
863
19
512
340
80
40
81
573
221
116
689
285
139
795
499
924
42
832
903
120
608
144
78
937
20
965
228
45
6
430
51
431
84
383
315
283
373
543
833
341
929
216
156
103
284
574
738
494
71
704
720
98
356
381
993
860
118
222
890
62
126
140
898
70
889
464
530
419
88
12
14
905
127
352
292
189
157
17
532
996
138
450
26
46
866
96
967
769
935
956
936
31
827
135
34
184
531
347
496
897
865
191
190
67
56
57
68
446
462
495
289
38
129
705
324
22
220
63
18
112
445
37
23
418
321
952
768
259
137
463
69
385
24
134
107
102
115
351
39
160
509
448
800
477
260
161
58
13
