81
87
119
114
50
595
98
589
596
22
563
610
564
56
1021
228
802
920
93
562
1020
862
55
118
903
106
347
86
448
594
893
608
609
565
54
183
150
674
588
412
834
260
739
527
921
385
97
556
258
315
532
66
74
741
895
533
42
557
835
92
399
216
29
191
152
531
322
120
367
836
362
566
897
555
597
151
861
923
417
49
892
738
530
561
82
554
104
165
528
989
105
354
1
64
107
553
102
992
888
770
860
257
113
740
88
534
96
522
134
1023
200
318
832
798
95
999
1000
386
78
863
100
23
356
70
259
2
217
864
521
480
953
706
460
69
894
962
952
523
31
491
189
361
997
459
285
993
552
80
355
388
249
607
103
68
535
954
577
10
287
376
18
1022
961
901
529
490
155
408
947
330
803
420
90
998
746
567
368
218
640
758
584
146
868
384
889
988
977
495
520
129
593
210
1010
946
197
669
500
375
935
145
727
17
75
331
37
1009
1019
342
585
945
310
828
494
735
329
363
321
747
352
575
65
99
164
366
540
612
721
688
335
508
720
262
458
805
223
804
713
156
526
209
966
578
509
343
242
847
879
73
661
501
558
230
849
714
461
948
9
250
848
807
32
944
116
572
701
726
568
492
400
477
48
476
865
759
62
996
878
598
144
560
781
779
5
737
34
546
719
789
427
604
231
309
978
942
772
316
419
132
208
771
314
745
319
559
780
499
633
241
689
880
416
812
951
881
502
896
1011
177
1003
875
537
693
298
750
955
819
108
695
472
395
344
696
906
332
278
280
254
994
817
708
764
818
664
1004
536
783
157
547
277
275
409
808
571
182
503
311
1001
176
986
925
489
493
445
910
963
507
614
632
987
733
913
816
215
976
441
407
749
444
736
0
504
846
36
377
665
576
428
336
569
337
943
918
898
170
844
778
769
1012
616
841
811
221
690
742
765
827
814
748
766
582
304
3
850
360
788
263
636
911
488
833
752
995
890
699
1017
851
171
902
276
703
357
394
681
201
1013
299
112
603
392
345
843
1018
440
915
110
909
248
873
279
782
274
581
877
539
938
882
89
474
842
845
312
1002
600
985
71
284
289
628
273
601
178
190
744
443
967
1014
94
473
524
240
449
813
475
587
136
1006
294
884
143
874
389
30
626
326
599
815
824
175
615
498
914
516
442
777
243
883
128
677
646
757
970
732
712
411
810
24
422
657
452
820
236
325
141
969
694
639
1005
548
195
784
979
912
374
866
1008
115
768
247
583
235
334
358
267
35
454
391
929
960
211
174
364
728
353
602
125
246
965
410
147
630
642
328
202
67
968
753
179
207
266
867
101
644
980
627
751
455
76
359
629
232
282
295
206
486
272
234
786
854
333
680
613
193
931
482
790
809
239
605
776
297
313
203
198
549
715
296
876
710
517
418
453
707
268
172
393
390
551
580
645
570
775
447
204
635
205
281
974
518
787
496
625
586
852
792
964
421
423
379
678
679
647
237
934
709
222
308
734
761
327
936
142
53
984
821
730
169
140
506
550
244
853
729
525
251
255
303
634
341
519
658
265
505
245
485
855
697
346
975
196
743
631
300
716
238
431
637
166
233
762
61
919
158
916
538
305
692
264
800
662
760
698
317
666
188
398
214
413
194
711
124
484
973
823
767
648
378
981
426
791
512
28
785
671
1016
638
292
822
111
38
983
891
933
621
138
220
270
306
663
667
424
514
307
91
1007
774
41
269
187
153
212
173
545
617
887
46
127
487
462
457
971
301
573
149
682
180
675
456
797
213
871
705
754
773
957
885
185
1015
722
271
497
620
286
590
293
793
917
956
396
79
905
338
840
932
181
51
691
718
471
33
63
432
27
972
439
939
859
725
483
574
380
324
77
44
982
425
133
463
541
856
130
941
649
660
937
606
801
302
731
373
340
837
339
186
668
579
451
14
429
511
659
148
717
58
406
763
154
958
949
940
924
795
676
320
796
15
756
922
139
16
470
870
382
799
351
57
724
350
365
283
227
45
253
123
700
513
899
60
229
184
928
544
109
907
641
755
369
11
349
611
723
290
83
930
900
121
858
687
135
291
656
702
43
126
839
829
904
415
252
387
464
414
510
117
450
990
225
869
683
950
122
430
8
219
163
85
47
479
72
288
226
643
137
160
6
926
467
826
261
162
224
39
469
25
397
886
26
466
542
7
831
515
830
438
167
543
168
131
670
468
908
381
159
927
161
592
618
4
478
199
672
59
348
650
684
838
323
619
19
465
806
446
372
857
52
673
481
21
12
383
370
435
794
624
991
686
405
84
437
401
40
434
591
704
13
433
436
651
652
685
371
825
655
872
404
192
622
403
256
20
653
402
654
959
623
