532
531
562
563
530
462
564
594
463
430
595
529
561
596
500
694
495
533
497
395
534
593
496
726
499
720
396
494
429
503
464
727
394
608
565
558
535
498
373
364
719
556
662
363
626
695
362
341
374
597
725
746
330
501
847
342
759
628
683
557
689
580
879
716
880
431
308
758
589
427
275
331
528
863
405
502
693
393
242
778
361
682
714
428
576
717
307
747
406
527
332
426
883
650
526
612
748
298
846
751
911
309
848
329
555
475
279
627
448
340
745
850
912
548
750
461
310
779
516
1013
260
913
749
1005
640
299
1014
590
540
715
851
409
278
177
581
144
241
952
507
849
633
713
588
625
13
1004
860
1012
274
554
477
814
956
267
549
889
1021
445
800
579
603
289
1022
681
420
377
776
397
302
572
1015
629
425
944
243
827
333
688
767
112
824
247
705
865
566
1000
996
721
476
17
321
306
998
228
16
422
575
807
897
385
836
762
145
509
884
799
577
741
574
905
295
24
351
730
161
868
878
18
280
775
209
441
31
602
444
346
1020
587
236
58
388
866
545
808
107
573
709
23
160
357
734
37
832
671
811
703
22
80
979
300
57
293
178
634
605
853
411
283
643
989
191
910
993
942
999
34
315
792
129
607
38
39
768
319
823
356
974
229
764
894
172
892
997
791
98
453
417
343
582
246
967
157
795
890
418
250
857
276
84
744
176
567
237
277
914
544
6
882
796
314
63
48
261
578
258
833
615
140
66
189
324
614
67
195
1001
134
282
735
1011
731
483
221
12
613
706
888
874
805
102
1023
33
821
9
65
56
712
947
859
220
135
980
190
139
173
512
649
292
120
861
936
216
867
32
81
934
251
953
71
704
123
347
219
937
948
517
943
945
119
973
539
837
311
854
70
700
738
320
924
193
636
777
353
268
203
769
806
1016
165
217
965
923
858
184
262
543
919
820
46
736
604
301
990
88
89
547
231
929
389
64
126
610
968
881
995
40
380
248
969
68
69
708
442
42
542
352
793
95
118
205
266
828
96
62
79
125
920
966
515
286
103
156
141
150
325
964
954
378
794
955
138
105
864
665
170
187
296
7
316
14
158
446
115
74
679
75
174
718
137
668
208
1017
147
938
419
49
197
53
90
413
484
1008
55
227
454
383
447
297
898
875
760
162
127
94
211
984
50
931
970
508
106
773
387
930
253
916
804
728
641
45
664
988
478
8
257
350
541
15
159
185
85
963
935
661
647
452
639
287
259
673
78
20
270
869
41
855
25
906
887
902
328
360
111
164
222
198
122
72
114
206
163
392
1
922
757
284
739
113
21
651
155
408
108
117
204
188
416
903
87
781
51
763
223
151
871
909
116
844
421
375
412
133
99
30
638
132
915
101
841
443
1003
136
994
97
294
130
213
318
245
285
26
876
450
210
194
104
415
670
124
1009
218
1019
175
196
926
182
672
925
288
202
379
54
263
676
606
862
214
76
978
142
183
386
354
390
802
91
737
60
707
168
958
959
839
771
982
895
93
842
810
255
991
609
143
317
349
35
232
900
870
92
987
666
891
701
504
801
252
382
774
149
474
829
186
153
893
11
59
36
856
957
5
192
877
904
235
234
391
110
702
901
290
73
44
451
410
907
166
414
873
840
983
121
131
249
479
2
326
423
171
732
772
254
962
486
977
215
845
61
838
128
256
985
10
908
981
146
19
169
43
899
939
86
154
835
365
819
100
933
992
932
921
339
152
961
834
809
230
348
381
872
52
742
109
1010
358
852
896
226
949
355
233
334
167
986
553
960
180
812
199
181
83
780
327
0
201
571
265
646
224
1006
697
663
669
550
946
789
28
3
207
584
359
740
815
1018
976
244
699
843
790
77
677
637
148
47
485
384
803
200
951
449
611
972
752
830
818
1002
82
674
644
482
519
212
675
766
264
826
269
680
601
950
667
27
312
798
813
1007
831
975
225
761
29
678
511
917
696
710
770
518
322
510
928
472
337
825
281
583
733
407
376
886
455
941
440
559
546
698
940
927
291
521
238
684
918
729
179
600
273
645
971
743
765
513
822
344
552
536
336
313
424
239
570
885
642
632
338
711
480
817
481
335
617
630
4
520
551
816
240
783
345
585
618
323
635
586
782
303
487
506
616
488
568
372
648
657
514
658
538
471
456
797
465
522
473
631
305
489
271
525
687
560
439
304
788
458
599
457
368
272
432
398
598
537
505
470
622
787
784
786
569
591
438
690
621
367
756
724
366
493
785
619
660
369
692
490
459
592
620
523
399
371
753
524
659
656
652
400
460
722
685
433
466
370
468
686
654
404
623
653
469
755
437
624
401
467
754
691
655
403
434
723
402
491
492
436
435
