0.008595943
0.13695276
0.034104705
0.15151858
-0.09607375
0.07897687
0.17992997
-0.09245193
0.16974151
0.025315166
0.08341062
0.02252698
0.17327428
-0.012354255
0.10275793
-0.1256051
-0.0118505955
-0.082648754
-0.06348598
-0.02136755
0.0026257038
-0.044426322
-0.08086264
0.033817887
-0.25817168
0.07160139
-0.13307822
0.066299796
-0.06046951
-0.11607516
0.21069539
-0.061571002
-0.030468225
0.12201953
0.16784084
0.09589708
0.42457235
0.6813492
0.40298355
0.60424364
0.8573873
0.7908234
0.6089473
1.0395839
1.252613
0.8013569
0.5806428
0.5240654
0.2752124
0.5247953
0.4908284
0.37461698
-0.08425534
0.016328454
0.018699884
-0.0304811
0.111786366
-0.018763423
0.24848568
0.00414598
0.051630616
-0.10136473
-0.044581532
0.27810776
0.80707765
0.46450043
0.24275112
0.7876382
0.2350688
0.21989727
0.063574195
0.65601933
0.9253489
0.6727201
0.9571246
0.43912065
0.5097965
0.6449648
0.876228
1.1894612
0.65147626
0.42089927
0.08634317
-0.19143188
-0.0140167475
0.18579805
0.4018991
0.39927113
0.8213186
0.7071986
0.7610768
1.0137069
1.2431197
1.1132859
1.2876683
1.0211294
1.4189844
1.2087073
0.80353844
0.71733177
0.4099573
0.1535933
0.17956626
0.013598442
0.8355285
0.47880566
0.2636156
-0.13026607
0.5708959
0.67733204
0.26624596
-0.1603589
-0.08833361
0.26575196
0.19079304
0.7445935
-0.6941583
0.04900813
0.313815
0.0054700375
0.040979743
0.44523036
0.5258658
0.6945343
0.32251
0.15304387
0.382048
0.48226368
0.3212384
0.12411821
0.045034885
0.11419666
-0.24536502
-0.027587652
0.034617543
-0.3196373
0.083444595
0.48867548
1.0243025
0.31188416
0.078842044
-0.10337913
0.20052135
0.5160742
-1.1904161
-0.08966541
-0.38333488
-0.15579724
-0.123372674
0.10063124
0.41183972
0.12687588
0.050816298
0.31775486
0.026991963
0.03978443
0.37575245
0.25419867
-0.033720374
-0.07588327
-0.14831853
0.14981902
0.1506697
-0.35981703
-0.5272912
0.59132123
0.41142726
-0.11267054
0.2542957
0.6950251
-0.08750069
0.10691726
-0.97036684
-0.3865049
-0.26050603
-0.495996
0.04421544
0.12929666
0.34301722
0.19042277
0.2980672
0.33106947
0.3821664
0.3425529
0.39263737
0.1707815
-0.3397956
-0.10444772
-0.061135173
0.059064865
0.23295224
-0.19713044
0.3099028
0.9569713
-0.4759152
0.2558682
-0.150334
1.0982982
-0.49332714
-0.15346837
-0.7469926
-0.41611338
-0.3429885
-0.065381646
-0.14872849
-0.05101657
0.19193673
0.2077651
0.3954327
0.27011812
0.53562
0.2792883
0.404714
0.21876824
-0.39533162
-0.25823462
-0.043812513
0.2906829
0.08156669
-0.102353215
-0.22119844
0.17462242
-0.31215143
0.3190893
0.56580114
0.4561323
-0.82671106
-0.379817
-0.49009037
-0.31252348
-0.10263944
0.060733676
0.010535121
-0.065428615
0.21604872
0.06373322
0.24609768
0.49048638
0.496899
0.4442867
0.44081616
0.26141906
-0.0045921803
-0.44834065
0.00056922436
-0.23758972
0.10153639
0.4604448
0.11315501
-0.5046885
0.7081094
0.97759056
0.08129692
-0.046423435
-0.887336
-0.23937476
0.31448472
-0.25497615
0.01735866
0.016250014
-0.06750548
-0.025826931
0.12738216
0.16581619
0.28657246
0.17325354
0.4998026
0.35502493
0.2147646
-0.09562743
0.08177221
0.11185002
-0.003717661
-0.16302478
0.18738818
0.38986027
0.40241766
0.35528028
0.72838926
0.24814248
-0.04720342
-0.057798386
-0.017935872
0.09274244
0.5028424
0.20114791
0.4445703
-0.05286908
-0.27308
-0.09578252
0.14689136
0.14439046
0.019725323
0.5024934
0.46412337
-0.44672155
-0.28858745
-0.13503218
0.26962924
0.68730044
-0.0998714
-0.14078271
-0.05842948
0.33115113
0.19898236
-0.036033034
2.0060678
0.6430993
-0.5299808
0.16706371
-0.15298784
0.3858708
0.782058
0.113952875
0.3346771
-0.0015624762
0.14144897
0.17094123
-0.21101224
-0.09343052
-0.32749534
-0.035664797
-0.114177585
-0.6545334
-0.7674233
-0.17161238
0.24354327
0.4348899
-0.43929958
-0.5649911
-0.79541934
-0.23916435
-0.0541147
0.37928462
1.9970994
0.7218156
-0.59466934
-0.01589036
-0.4251529
0.032467127
0.45875752
-0.042332888
-0.0775677
0.37605095
0.28100622
0.060456634
-0.23098445
-0.5747943
-0.41205812
-0.3142141
0.058679342
-0.46028554
-0.4149927
0.052800536
-0.0044578314
0.24150074
-0.0035908222
-0.48503876
-0.92657816
-0.8221253
-1.1839366
-0.3296603
0.9992199
0.34977543
0.108056664
-0.19736862
-0.49132228
0.53684425
-0.61179566
-0.21416807
0.16955864
0.27223957
0.46957624
-0.30154288
-0.4237466
-0.41231036
-0.44577003
0.041280746
-0.03635001
-0.5208372
-0.40914726
0.16349423
-0.011812925
0.14276958
-0.3672142
-0.3862468
-0.3962413
-0.6100118
-0.5342331
-0.36252654
0.32150745
0.37808597
0.37925124
-0.14384604
-0.26431203
-0.09872484
-0.23948419
0.7123009
0.32365167
0.2122916
0.027405977
-0.27786493
-0.080349445
-0.5728742
-0.37794542
-0.10583389
0.0039931536
-0.4511757
-0.5678246
0.19267583
0.26714242
0.4323504
-0.1801318
0.102284074
-0.18517292
-0.042476654
0.14248538
-0.7095791
-0.5149112
-0.32970142
0.28757477
0.68632543
-0.44099116
-0.025776863
0.04784
0.12817371
0.08705962
0.13355982
0.15211093
0.19083405
0.17976022
0.28825843
-0.001555562
0.024136305
0.1983676
0.4757452
0.16760492
0.44730675
0.048775077
0.013711691
0.00425303
0.3103572
-0.46704543
-0.1528976
0.8459654
0.13733208
-0.44906068
-0.071248055
-0.2715739
0.9686427
1.0022507
-0.33854926
-0.43428707
-0.25166583
0.19108999
0.30536187
0.27736878
0.0034018755
0.007909775
0.09772408
0.031149387
-0.004586816
0.38760495
0.47948837
0.426489
0.25860274
0.19501758
0.0057160854
-0.055358768
-0.046383023
0.030630112
0.162251
0.99923193
0.3713503
0.35193193
0.07653642
-0.17187071
0.85932386
-0.6177294
0.29446352
0.16489518
0.13276458
0.10519719
-0.2609328
-0.24791086
-0.11539352
0.038568735
0.06944656
0.101780295
-0.27256393
-0.29174435
-0.3052311
0.012480736
0.13780034
-0.07657671
-0.16722631
-0.1936934
0.11847532
0.342237
0.051337123
-0.057641268
-0.17799878
0.19678509
0.5612035
0.040133238
0.70216286
-1.0723772
0.04778683
0.45530963
0.10711169
0.05335045
-0.35637403
0.027288914
0.0564934
0.12322259
-0.024184823
-0.4080273
-0.34399402
-0.6027515
-0.13162851
-0.061594248
-0.15103841
-0.13945699
-0.15893364
0.02737999
-0.1406616
0.31167305
0.08839786
0.6636547
0.79045695
-0.43776882
-0.26861477
0.056119084
0.049228907
-0.28945053
-0.32403123
0.5859184
0.3397597
0.3727033
0.15986276
0.29018855
0.090186715
-0.048576593
-0.14376748
0.23754072
0.12662506
-0.041063547
0.05654621
0.076766014
-0.35646605
-0.119110346
-0.09490049
0.2488451
-0.04838276
0.31344688
0.475268
0.98880124
1.1604472
-0.26566303
-0.6240151
0.07461989
0.0031831264
-0.6751492
-0.039219737
0.43815255
0.6542953
0.7735691
0.85132635
0.6855626
0.7133689
0.328444
0.29697704
0.49076092
0.50069535
0.18732429
0.19950879
0.018525243
-0.010553122
-0.17738688
-0.104063034
0.6887755
0.4603963
0.84844965
0.94280124
0.39880896
1.0344852
-0.18830204
0.24156678
-0.0027320385
0.12732291
1.0912799
0.78373855
0.68791103
0.17761683
0.4652356
0.75745577
0.3269266
0.40317976
0.24560487
0.25063908
0.15490139
0.19743538
0.52769315
0.35308647
0.07400775
-0.1626724
-0.23625374
-0.21510267
0.25050867
0.15647161
1.007767
0.7749187
0.5122037
0.8296284
0.6629648
-0.14918864
-0.013422966
-0.020577312
0.77311337
0.45425248
-0.03086102
0.4794612
0.42704618
0.33246493
0.21792984
0.26541495
-0.012367129
0.36269987
0.24006438
0.25538278
0.29430544
0.4079548
0.19722915
-0.06605184
-0.20825815
0.0014147758
0.17700338
-0.13117945
0.42983162
0.6652665
0.5753479
1.0627257
1.0811963
-0.124658346
-0.072184324
0.07777822
0.74517906
0.7970879
0.36900032
0.41109145
0.6763487
0.050909042
0.4176191
0.5593183
0.4595467
0.5907333
0.49977183
0.3077644
0.17691422
0.4718132
0.15560627
0.0116125345
-0.1881789
0.20468819
0.16444468
-0.22713125
0.75119174
0.54006827
0.93015975
1.322711
1.2267647
0.22147346
0.016814232
-0.04360175
0.6402867
1.1541748
0.328609
-0.5616702
0.19765949
0.14874208
0.019358277
0.11509395
0.12183571
0.147403
0.4879161
0.55039763
0.4319023
0.38614726
0.47181714
0.542223
0.40920246
0.06573534
0.27485013
0.364272
0.34663475
-0.11344266
1.7889037
-0.7308749
0.46250057
0.054894447
-0.02226293
0.1889329
0.338372
-0.25012183
0.076725006
-0.37454033
0.14177775
0.14418685
0.34833634
0.5469092
0.30480742
0.23242879
0.5662557
0.31622815
0.04408729
0.3849517
0.5946193
0.6225817
0.5240842
1.0351303
0.1949091
0.1945256
0.5694132
0.51720977
1.8561172
-0.31854308
0.4765464
0.13875747
-0.04664004
-0.022676587
0.054023743
-0.2917167
-0.17977107
-0.10483682
-0.37716353
-0.068023086
-0.13636827
-0.040130973
0.23375094
0.5578599
0.14560008
0.5049161
0.28487694
0.4058082
0.48137677
0.07831335
0.28810656
0.84199893
0.5973443
0.4138285
0.54882324
-0.309384
0.45254588
0.39919376
0.13966489
-0.058107257
-0.060490966
-0.09780216
0.14291024
0.016593933
0.22224844
0.37388492
0.37027097
0.44781876
0.9332067
0.61649656
0.5289415
0.28315532
0.20380056
0.7188964
0.2602687
-0.2985568
-0.40240812
-0.24696267
-0.6891285
0.0995661
-0.02011633
-0.040597796
-0.044071794
0.07272589
0.14927006
-0.08961284
0.08879554
0.05860734
