96
531
562
503
688
636
157
505
354
604
557
307
577
605
281
747
435
774
588
80
392
718
70
379
628
595
433
630
670
643
230
320
663
195
130
446
391
700
621
561
475
104
298
703
565
356
432
645
500
559
412
403
776
640
521
447
644
77
638
631
285
166
345
16
382
765
702
348
402
749
476
397
465
367
458
745
439
413
326
131
381
415
777
81
242
623
287
589
764
477
160
773
237
303
673
422
705
161
365
448
464
717
187
581
373
406
546
569
395
410
701
270
60
190
393
71
592
536
54
185
729
103
770
101
330
617
82
552
65
323
339
51
167
158
438
140
155
737
775
206
9
17
26
11
353
728
366
12
760
769
511
213
338
510
763
659
29
5
624
694
312
61
22
112
767
656
380
1
28
751
149
241
463
64
35
36
331
139
783
95
55
25
658
53
637
15
407
18
73
639
8
113
169
10
50
541
87
19
62
461
37
614
733
43
596
758
423
59
215
492
88
425
512
411
313
462
214
86
755
260
394
449
7
52
768
63
0
245
401
731
732
23
85
89
743
141
759
235
555
736
522
762
574
761
34
782
251
329
33
125
519
44
730
84
233
524
203
115
340
497
625
27
664
428
41
337
771
309
119
642
629
687
57
417
274
153
325
90
538
24
189
45
91
168
408
6
38
138
322
121
383
665
159
148
437
13
93
405
123
56
92
247
342
396
94
583
657
114
286
735
83
779
132
469
766
616
186
111
152
355
133
21
102
436
753
553
741
545
58
754
32
496
750
162
172
781
147
117
409
626
297
72
175
349
739
540
151
327
611
40
780
118
722
351
627
108
693
716
473
39
398
122
470
586
778
269
31
466
601
124
150
275
120
49
445
752
14
539
525
30
229
416
116
721
610
400
4
582
109
146
75
740
660
421
602
420
143
202
680
506
554
527
591
231
183
110
523
3
723
179
587
444
198
734
74
691
173
666
212
205
378
471
271
341
299
404
430
585
661
695
513
493
570
615
142
171
727
372
467
154
597
468
181
188
346
652
742
243
134
440
199
598
177
399
599
357
619
344
226
494
675
726
261
204
575
720
431
681
715
42
482
324
295
170
757
543
483
2
46
328
227
600
704
571
692
603
584
197
608
738
756
498
352
573
196
239
48
593
47
455
79
258
321
191
699
236
725
441
174
182
684
499
20
429
257
370
145
209
192
613
654
442
655
238
457
649
650
685
301
424
674
653
137
314
376
343
686
208
240
144
495
485
683
219
714
302
176
698
368
180
488
641
234
369
315
667
491
648
273
220
564
210
259
454
459
515
651
489
244
211
377
590
268
563
677
544
385
517
612
443
371
296
542
272
724
490
484
135
609
456
294
178
679
256
682
254
710
246
690
384
200
472
163
711
255
266
526
486
535
267
678
201
712
697
107
282
706
284
248
534
164
708
228
713
300
358
709
707
78
572
518
618
311
669
350
668
647
646
283
106
136
487
514
676
696
516
