360
69
359
695
667
64
66
48
250
332
68
584
47
195
331
139
611
166
70
51
664
357
37
665
91
358
122
120
434
142
77
387
50
90
303
663
583
35
555
662
619
60
657
36
637
639
251
67
78
87
223
124
620
433
528
503
607
121
147
616
361
736
79
666
608
554
384
406
445
144
151
582
687
586
200
38
745
167
636
76
278
527
581
75
621
594
71
683
405
622
408
462
330
605
732
165
556
656
293
125
480
228
365
152
329
517
588
123
591
691
161
660
229
679
388
479
374
510
249
610
13
8
259
516
89
435
630
751
576
601
684
61
119
407
184
34
46
735
692
224
93
551
580
489
178
313
63
511
138
490
783
483
518
727
461
58
763
234
575
5
757
578
402
126
401
260
264
481
49
364
693
602
356
417
255
463
265
544
218
609
257
54
410
65
436
617
21
638
530
634
211
162
668
17
604
44
10
74
688
62
153
286
627
702
759
455
501
737
23
545
297
18
233
714
175
14
464
316
451
107
177
341
383
291
216
428
272
509
592
340
2
471
635
473
606
739
31
651
254
629
263
559
163
320
141
25
730
7
612
631
375
261
596
644
579
301
512
632
322
22
52
204
598
549
15
577
180
132
553
633
83
429
710
437
215
269
552
346
33
318
302
426
179
326
298
566
658
242
755
690
73
131
314
191
146
29
700
696
19
353
728
625
748
354
491
317
28
640
758
212
210
230
262
101
111
409
296
685
217
454
235
72
476
715
275
539
236
382
57
507
672
324
241
385
355
208
246
112
567
181
3
245
323
86
271
99
273
550
95
595
448
290
348
186
345
202
274
196
182
108
325
53
381
500
244
183
671
0
113
571
389
452
16
206
27
59
742
681
659
243
680
268
499
209
547
386
30
102
430
645
333
746
508
708
203
26
682
520
731
164
570
482
82
373
80
85
532
24
756
189
543
319
548
686
193
540
492
292
157
569
20
114
12
110
626
694
1
568
143
673
519
380
94
378
720
767
706
413
185
560
538
214
661
699
289
573
655
6
176
56
398
456
118
232
486
524
258
84
782
453
537
775
300
4
160
411
599
351
628
130
154
372
654
400
529
770
379
725
174
222
771
315
115
117
168
352
201
238
267
738
701
515
590
587
231
343
623
207
92
226
32
156
760
780
288
707
653
419
744
148
188
522
55
484
129
713
239
600
526
221
194
227
237
589
96
781
158
624
466
478
347
562
187
729
100
557
170
762
45
404
225
431
97
109
465
9
240
43
496
432
376
716
294
597
593
81
546
753
427
150
425
270
220
488
689
205
613
574
717
564
11
754
649
618
712
603
256
572
457
697
399
103
169
104
199
439
155
523
140
459
266
772
449
149
614
646
774
98
506
423
740
438
321
493
650
764
213
475
535
652
299
734
172
768
252
412
563
752
312
127
458
514
565
39
287
219
525
367
749
328
494
615
192
280
327
442
190
342
536
643
541
295
733
283
308
467
377
350
521
502
349
498
558
392
447
647
40
460
513
159
145
505
371
88
198
648
495
485
41
403
128
669
395
487
368
477
741
344
171
339
726
497
304
285
421
105
698
134
414
393
396
719
711
391
282
397
369
723
336
641
133
441
718
531
424
776
116
390
253
446
474
418
