493
492
525
524
494
526
559
560
527
592
591
461
623
460
491
528
429
428
624
397
396
495
523
395
655
459
363
593
364
654
427
462
630
992
598
404
561
436
311
993
618
405
403
437
662
430
728
594
558
974
595
617
761
994
556
793
1006
960
842
679
843
597
631
627
246
278
240
622
435
406
723
837
57
724
284
486
585
279
792
374
180
331
848
390
147
15
711
574
946
629
85
247
743
656
979
310
651
347
663
221
847
872
650
453
394
869
557
343
959
316
998
458
692
729
422
878
286
89
168
653
1018
455
707
760
518
586
312
342
179
468
487
149
628
573
675
265
318
841
348
997
619
490
766
875
826
214
910
955
981
239
712
596
245
3
798
817
870
599
975
266
678
148
874
605
626
201
804
384
529
644
116
52
379
373
839
90
411
380
103
696
661
986
162
680
105
283
611
606
234
816
322
677
705
740
25
365
809
398
321
297
277
825
104
625
443
701
815
357
189
635
1019
362
118
55
136
543
84
840
871
1007
844
426
315
575
106
115
957
646
668
12
181
821
922
372
138
765
74
906
962
578
938
637
991
296
132
207
785
253
636
58
86
213
830
939
849
4
474
927
389
555
73
924
191
192
569
91
949
200
845
202
771
846
469
47
117
157
88
978
990
67
987
97
26
448
667
414
916
141
375
371
0
496
876
700
945
167
29
829
285
867
478
510
858
134
353
194
224
907
755
838
608
996
44
271
514
1009
135
169
46
505
34
256
244
925
222
877
142
48
638
943
352
948
645
423
287
421
332
291
139
473
674
358
961
159
913
756
227
77
613
604
603
643
309
704
75
166
252
65
359
958
710
610
672
772
670
868
519
737
854
354
226
434
288
953
669
130
479
754
233
890
133
413
68
739
706
732
161
158
537
822
258
477
889
95
806
49
83
744
963
731
356
325
980
857
976
1022
215
170
697
506
235
977
51
16
59
693
45
13
193
861
72
790
153
1023
770
544
538
664
973
914
879
786
551
709
725
35
649
82
416
895
320
254
482
742
36
836
225
545
61
98
220
818
280
926
248
609
329
513
154
143
873
108
708
17
378
805
863
259
324
735
965
923
954
175
449
190
476
319
66
355
788
317
447
272
794
156
121
673
146
163
738
695
733
970
140
967
290
300
412
698
576
199
255
607
483
208
137
908
176
402
886
446
350
60
950
647
160
273
488
894
79
789
441
520
1020
122
237
936
174
62
260
107
78
767
850
54
572
947
323
634
549
546
915
893
454
385
195
810
484
642
438
888
734
232
512
203
481
956
614
541
539
43
862
552
730
568
902
1005
182
475
113
577
702
542
571
775
859
261
581
442
823
813
144
796
835
452
14
94
580
40
450
904
1003
540
892
562
814
2
351
188
114
485
410
699
120
41
125
971
995
330
509
11
251
451
236
129
69
5
811
1015
891
905
660
900
417
550
944
346
515
903
616
270
127
231
126
9
381
582
50
584
681
109
217
56
183
517
855
773
951
985
7
803
898
480
112
489
30
119
391
212
887
292
198
96
206
326
341
768
570
81
919
37
155
881
639
344
38
230
802
173
165
884
92
327
444
93
70
579
102
63
587
131
196
937
257
1012
238
764
445
229
612
896
932
641
799
834
33
901
387
820
769
18
928
763
666
774
110
32
911
71
807
388
691
80
87
797
314
648
27
713
1014
921
1017
205
42
151
53
856
328
791
1001
930
293
929
918
298
6
507
659
171
241
787
281
187
982
299
676
988
508
1010
882
28
912
920
100
64
917
128
964
548
276
76
565
382
999
264
313
21
418
652
419
828
223
386
501
250
784
101
177
665
22
547
686
456
20
111
152
463
211
185
1021
880
99
632
164
736
824
897
860
349
511
303
934
204
1008
682
383
39
553
1
966
883
536
819
249
757
172
671
333
295
457
866
800
968
467
694
219
308
19
289
942
145
640
600
885
808
409
150
243
1000
8
853
633
197
909
1013
425
831
24
184
407
282
952
601
801
727
304
685
969
615
762
851
186
827
294
209
228
812
741
983
10
408
833
262
