157
353
179
128
116
16
544
4
725
656
503
262
711
752
206
714
261
409
403
208
245
474
751
703
24
189
319
380
640
371
377
243
226
759
693
535
440
411
325
263
326
568
177
344
436
242
541
740
418
571
289
286
290
560
650
573
596
7
394
460
198
700
109
597
215
207
232
781
680
729
187
517
317
464
0
653
518
683
625
673
705
718
130
627
183
599
159
542
655
328
431
83
156
489
488
158
345
340
600
211
321
129
545
407
672
287
133
174
570
75
519
31
311
524
385
84
176
149
196
100
297
413
572
681
258
316
682
487
291
480
22
754
324
205
522
432
342
233
777
466
239
101
731
447
514
704
74
370
299
269
513
652
318
53
382
270
601
112
774
396
14
720
710
756
56
446
569
111
598
1
202
148
315
337
257
750
546
134
685
491
15
400
379
327
523
9
241
355
719
266
85
437
271
654
780
268
32
102
628
173
626
341
486
168
715
6
684
375
461
495
658
312
776
11
352
742
405
716
442
348
721
430
713
214
288
140
272
459
240
612
534
285
184
383
391
457
526
629
463
615
292
151
717
468
733
301
467
18
452
540
309
512
438
406
689
175
302
521
346
298
347
643
456
417
778
204
453
433
314
395
367
186
497
212
296
351
439
172
295
213
399
427
520
434
374
89
185
338
493
108
356
500
441
284
583
610
499
562
556
498
330
294
732
675
150
492
103
339
378
192
496
455
92
300
191
350
276
722
398
303
664
536
334
454
690
73
469
44
470
667
323
322
553
420
304
329
135
638
358
37
401
642
424
668
139
359
360
483
428
494
221
511
451
419
688
414
611
357
402
110
136
564
223
35
478
415
482
61
90
538
267
465
193
369
481
63
425
88
107
694
247
50
49
533
105
167
429
443
697
137
386
397
639
471
51
365
472
41
528
87
64
248
565
91
510
388
501
62
423
509
59
60
527
537
106
734
669
220
45
39
38
165
444
40
368
561
48
647
614
47
416
387
224
46
445
473
