360
359
745
742
593
594
358
746
596
592
595
566
565
743
744
597
735
118
621
598
737
747
748
676
331
741
98
624
117
736
412
675
522
494
211
332
738
240
355
523
357
144
386
770
771
773
148
564
628
623
212
626
239
733
260
242
213
384
385
567
602
377
600
146
241
625
76
411
364
387
772
288
349
356
538
776
383
734
184
627
119
630
604
403
77
75
176
373
722
330
662
104
660
466
354
74
503
599
414
183
766
536
476
404
177
68
428
116
465
291
232
668
774
84
287
257
179
622
205
649
495
620
720
329
765
401
99
568
185
763
264
667
608
629
145
328
695
739
85
778
243
700
775
413
292
658
233
340
154
448
311
178
296
215
102
764
677
229
705
191
336
531
91
270
656
295
388
761
259
440
24
204
245
767
609
105
707
487
589
769
365
551
214
126
410
777
683
779
230
703
333
51
56
603
550
637
52
258
34
709
210
701
759
760
25
203
73
636
601
672
26
758
661
439
4
580
149
182
591
560
437
1
532
585
561
315
586
696
35
400
762
8
337
2
342
588
7
664
3
718
13
376
231
273
562
293
663
493
196
100
648
266
265
372
143
563
277
78
96
57
10
283
587
175
338
153
155
321
41
36
692
488
382
0
23
101
70
317
327
420
6
33
168
67
217
216
69
244
21
308
711
66
15
5
268
398
457
574
464
374
208
316
756
462
552
246
530
616
783
103
318
710
9
345
169
147
80
272
47
381
31
187
461
392
740
438
189
206
579
197
65
504
224
780
163
477
27
573
280
142
202
607
252
732
368
632
559
19
631
140
665
644
782
261
263
731
310
38
29
659
435
53
276
341
290
434
728
346
255
49
159
294
267
726
781
344
180
638
14
97
127
108
207
326
666
575
309
671
16
28
219
442
537
285
657
749
613
79
11
684
655
218
253
348
150
366
343
39
708
370
369
254
