0.11041355
0.12666416
0.22690105
0.25561905
-0.28812265
0.14531994
0.010685921
-0.12278223
0.2301135
0.013496399
-0.028862476
-0.077709675
1.0050533
1.0055175
-0.055366993
-0.32368803
-0.14926529
-0.094373226
0.00059366226
0.06798124
0.001294136
0.049906254
-0.03954363
0.24536467
-0.22921228
-0.0863204
-0.38617563
0.09535837
0.103475094
-0.09964895
0.06970739
-0.14955282
0.053262234
0.41177225
1.532608
1.8286436
1.5604725
1.8078775
2.2302134
1.4269602
1.5591414
2.025864
0.6282499
1.1371043
0.81520534
1.7893727
3.263887
2.6064458
2.2846937
1.4144301
1.7301528
1.475692
0.168931
-0.078956604
0.23429823
-0.23892069
0.0013246536
0.2023654
0.64054704
0.29351664
1.185288
0.66864014
1.341881
1.9000146
1.6483629
0.29660225
1.0284989
1.4138246
0.8643451
0.69362473
0.8531687
1.7449803
1.8406045
1.5553212
1.3927538
1.7472436
1.2455671
1.2852745
2.0640917
1.8583224
-0.8258686
-1.3324337
0.11477041
-0.1570692
-0.08106995
0.12937117
-0.3581748
1.5036297
1.9787748
0.17003489
1.3689716
1.5147252
1.3908129
0.84157634
1.2290852
0.6444807
1.089634
1.3639882
0.7328515
0.44022036
0.16027212
-0.06364441
0.65376997
0.33416605
0.9442375
0.91110826
0.9720855
1.5858307
0.9154453
-0.10520363
1.3418286
-0.088700294
0.10770941
0.28429317
-1.5997543
-0.51087666
-0.14194298
-0.46999073
-0.23511648
0.33106518
0.0423522
0.52748203
0.87257075
0.6482754
0.18048048
0.12603855
0.20767641
0.48378372
0.26132727
0.24668121
0.17851782
-0.17725801
-0.5826292
0.21144009
-0.3581319
0.36376905
0.11825371
-0.19893122
0.52811503
1.1230156
0.026010036
-0.013349533
-0.10476494
-0.42082453
-1.112256
-1.2741966
-0.85358906
-0.1737814
-0.38992834
0.11599636
0.7268963
0.24186277
0.3449931
0.30785084
0.44272614
0.33498192
0.50973177
0.8020191
0.84540534
0.7333758
0.79227924
0.7243576
0.33376026
0.41042423
0.26730204
1.0700488
1.7139909
1.2363048
0.107224464
0.10567951
-1.2998447
-1.6607375
-0.4706316
-0.5076027
-0.99694157
-0.38909483
-0.4339552
-0.5168481
-0.12055731
-0.2011981
0.039072037
-0.046405315
-0.09114981
-0.252079
-0.04913187
-0.196424
-0.15530062
-0.13685083
0.2860217
-0.021219254
0.38808775
0.7166164
1.0689371
2.0178864
-0.28478765
1.0324397
-0.17650127
0.1886692
-2.367622
-1.8513031
-1.3007946
-0.31922626
-0.83373785
-0.2984619
-0.100654125
-0.43480825
-0.04182005
0.05135393
-0.0046024323
0.27669096
-0.38375998
-0.14892435
-0.103037834
0.141397
-0.18906546
-0.2307949
-0.07197285
0.4033227
0.36610413
0.40735197
1.0010836
0.9434929
-0.32365608
1.5237613
1.7192016
-0.43507528
-1.7515125
-0.4233327
-1.406796
-0.43044806
-0.29034805
-0.5292082
-0.4377408
-0.08659744
-0.048078537
0.1026535
0.14257574
-0.17747259
0.17205954
0.08550835
-0.056516647
0.10540247
0.32815266
-0.18784285
-0.13111973
0.09265089
-0.049870968
1.0521648
1.599359
1.1966894
0.7954707
1.5712547
-0.71710634
-1.8837271
-1.5050688
-0.72832966
-0.80625534
-1.121891
-0.4308777
-0.31163454
0.10898256
-0.24774599
-0.0010900497
-0.10801554
0.06172657
-0.11741686
0.096310616
-0.52303505
-0.3966956
0.16777325
0.35537958
0.24871254
0.09353542
0.039000988
0.111102104
0.9524946
1.8785589
1.3366768
0.52487564
-1.102437
-0.67116785
-1.3224225
-1.4825091
-0.48512363
0.33367825
-0.5753293
-0.094218254
-0.0055980682
0.2956376
0.37919807
-0.23740387
-0.41297436
-0.4137149
-0.08084011
-0.10050726
-1.1228714
-1.0533695
0.638093
0.5007477
0.9781563
0.26269865
-0.4576745
-0.34638357
0.5539048
1.3592234
0.23353004
1.2192917
-1.1459064
-0.9479451
-0.3007679
-1.0764661
-0.9170494
0.22539997
-0.18149185
0.2947235
0.22640848
-0.039336205
-0.044356823
0.018931389
0.0956893
-0.10039139
-0.08134031
-0.34770298
-0.06244278
-0.13572311
0.8463037
0.53604794
0.44545555
-0.2558756
-0.90215254
-1.4141402
-0.09454298
0.7789662
0.7125466
1.9916482
-0.7212329
-0.78201485
-0.20328426
-1.6095366
-0.28148937
-0.4120927
-0.21757889
0.3161235
0.10329437
0.0095620155
0.37321758
0.4444008
-0.028396606
-0.4374175
-0.7516327
0.031072617
0.61521053
0.6284385
0.44914055
0.34683323
0.34907007
0.093028545
0.15871096
-0.9530406
-0.07292223
0.095360756
-1.5705514
-0.6743326
-1.1873169
0.5947001
0.7084627
-1.4219251
-0.06732178
-0.59200525
0.19077158
0.19984055
0.66166496
0.3446908
0.32060575
0.22644949
0.22190809
0.6056688
-0.18340397
-0.06864309
0.14240026
0.5165863
0.54897213
0.25436926
9.9658966e-05
-0.043334484
-0.1832242
0.39073324
0.20158148
-0.814579
-1.7280493
-2.2173033
-1.1628113
1.1815453
-0.02496624
-0.65450335
-0.14148474
-0.06439829
0.24091864
0.6000223
0.32405567
0.27528143
0.34928846
0.3194642
0.07455158
0.10262251
0.028085709
-0.16211748
0.32034206
0.3551216
0.53938246
0.5092721
-0.70376205
-0.5162029
0.016690254
-0.169631
-0.19711399
0.62412715
-1.2414513
-3.3064198
-1.7359252
1.1164935
0.055302143
0.95475626
0.06265783
-0.16676712
-0.038997173
0.32051277
0.44077492
0.5104313
0.5361669
-0.09207678
-0.13922596
0.57109094
-0.16600847
-0.15215158
0.39732027
0.09367323
0.77918816
-0.2899356
-0.38912153
-0.51990366
-0.029922009
-0.8946767
-0.013424873
0.5881889
1.2137787
-2.4765706
-1.2757845
-1.3505173
0.7585027
0.92213225
0.2508378
-0.53606033
0.06823778
-0.28007555
-0.124426365
-0.16549158
-0.049795628
0.11769009
0.3065567
-0.0018153191
-0.03767681
-0.17115307
0.19613075
0.5829642
0.14416552
-0.37461996
-0.18426514
-0.3837719
-0.266634
-0.17246962
0.2683406
0.84222984
1.1623669
-1.5062151
-1.6949496
0.05757475
0.13332605
-0.21146345
-0.02338028
-0.48040915
0.032860756
-0.10086393
-0.2563963
-0.0973196
-0.046842575
0.088994026
-0.21692562
0.10423851
0.5774512
0.30815935
7.1525574e-05
0.0005636215
-0.09760618
0.26229143
0.025835514
-0.062192917
-0.05303526
-0.07389259
0.39694357
-0.22744942
-0.62793016
-2.058466
-1.3160152
-1.141304
0.10002136
-1.6111135
-0.25587368
0.35945272
0.051306248
0.2938366
-0.024104118
-0.24863577
0.21766138
0.018641949
0.22864103
0.3061328
0.47398424
0.35139322
-0.21956348
0.1599989
-0.029148102
-0.048461437
0.07192564
-0.029167652
-0.64841557
0.02695179
0.15994453
0.4897418
0.10898352
-2.3477745
-1.4657593
0.069058895
-0.95646524
-0.31105328
-0.31785727
0.72396946
0.2757163
0.7296958
0.09984636
0.12145853
-0.07676697
-0.0073604584
0.106570244
0.11464977
0.32278252
-0.017355442
0.17613173
0.3402295
0.42131805
0.3502574
-0.056341648
0.46984768
0.2729602
0.5100541
0.52018785
1.2060254
0.09333992
-2.4867492
-1.4237108
-0.12265396
0.302073
-0.37793112
-0.056781292
0.4152608
0.56504893
0.4990263
0.82280564
0.16677761
-0.6649928
-0.42943192
-0.2537427
-0.6824298
-0.23936892
0.07760334
0.5527673
0.3747406
0.41734314
0.7656524
0.19004297
0.8231089
0.74955153
1.2077892
1.0567663
0.36594296
0.79419374
-1.542429
0.46360493
-0.2323637
-0.026632786
0.5904534
1.3755968
1.2792249
0.52217484
0.46519947
0.97642255
-0.23799658
-0.67784977
-0.31367016
-0.42943573
-0.24782038
0.10974741
0.6570265
0.5310559
0.1794343
0.8117883
0.67584085
0.58658934
0.9494145
0.8393245
1.4325957
1.6847634
0.33087873
0.6972792
0.005856037
0.13852787
0.06419659
0.027421951
0.29073763
1.5186481
0.71250296
-0.22000313
0.29283524
-0.11057615
-0.21072197
-0.3080063
-0.10114622
-0.5551896
-0.031829357
0.5125854
0.51110244
0.7227206
0.53352
0.52427316
0.7251377
0.7449422
0.89199424
1.0335317
1.2980587
1.9977729
0.21039867
0.34437323
2.2323735
0.1858201
0.11251545
0.24014473
0.75714517
1.7733157
0.706656
0.4293704
0.26574326
0.34619093
-0.77887535
-0.5209236
-0.52532816
-0.11215401
0.5228126
0.19926834
0.24207449
0.44220734
0.56347585
0.5320797
0.47288132
0.7149229
0.90456796
0.774452
1.1502845
1.5478504
0.54364276
1.0098996
0.8512256
0.012506962
-0.022705555
-0.19406652
0.5047941
1.1628945
-0.82883596
-1.0854173
-0.65052986
-0.0038661957
0.027549744
-0.4829378
-0.08973789
0.10746765
0.69121814
0.34935856
0.33471394
0.26168966
0.69391584
0.39669847
1.0995035
0.7503965
0.59165215
-0.18835783
0.655056
0.84089947
0.15728521
-1.0106187
-0.29415703
0.31099367
-0.20635986
0.116167545
0.31247282
0.6772418
-0.020567417
-1.5779738
-0.3639679
0.12809086
0.71627355
-0.074754715
0.1818285
-0.05231285
-0.1620822
0.3386984
-0.09815216
0.44610453
0.29901743
0.38364267
-0.0453887
0.720006
0.3331523
0.19769192
0.72898436
1.8868728
0.67392564
0.012069225
-0.21760559
0.18813944
-0.15541744
0.07869291
-0.026753902
0.44696283
1.080008
-1.0807114
-1.094739
-0.77374077
-0.9006958
-0.7569232
-0.2862382
0.24191427
0.37987375
0.26439095
-0.5116086
-0.06710148
-0.14249563
-0.50691795
-0.11528158
-0.14367247
-0.061550617
-0.20042086
-0.33339453
-0.78440857
-0.8325043
0.2742319
-0.04278469
0.07480669
0.04056406
0.059217453
-0.06837416
-0.0364604
-0.23773623
0.088386536
0.10903168
0.47303486
0.36378622
-0.066328526
-0.75858927
0.1508627
0.37882376
-0.82252836
-0.9434662
-0.9562874
-0.54216146
-0.85548925
-0.53880405
-1.1455264
-0.77210045
-0.79142284
-0.81689787
-0.8485985
0.2508049
-0.053574085
0.024471283
0.291008
