492
493
460
461
723
592
623
624
491
755
724
591
754
655
429
559
560
722
619
459
556
587
756
428
617
631
663
524
436
527
656
599
785
523
786
618
588
622
525
585
371
597
598
494
490
489
271
555
586
654
437
725
272
649
653
526
180
458
630
753
528
620
370
457
691
557
650
787
686
662
181
692
495
435
629
487
397
4
793
825
651
558
468
404
453
348
886
469
816
506
648
554
427
403
664
147
202
538
815
296
245
246
402
908
363
213
179
3
311
817
278
570
652
265
483
611
234
148
685
312
728
201
405
456
488
959
390
297
142
240
474
343
992
344
518
286
52
784
327
214
438
645
680
85
168
916
993
667
635
0
668
837
192
326
486
173
149
971
380
505
167
616
430
569
264
701
677
411
678
224
396
872
279
994
960
1018
603
169
57
766
771
378
840
244
939
13
876
830
381
826
256
421
675
696
284
644
117
669
310
12
605
414
359
949
513
406
711
613
991
212
574
247
634
266
233
51
45
133
26
761
379
25
707
637
679
15
162
377
61
636
955
11
481
798
227
765
226
84
364
515
670
927
358
372
395
482
974
875
514
328
318
170
646
907
539
89
422
77
199
136
44
163
957
277
600
700
485
135
443
60
141
59
166
843
990
410
829
365
842
455
478
917
924
132
550
871
195
604
705
221
549
7
86
14
519
105
643
839
986
138
578
449
998
303
413
739
628
938
958
961
981
975
869
543
740
91
906
450
1006
225
695
285
806
46
870
270
804
29
512
322
353
316
950
838
83
672
43
462
384
770
987
985
442
1007
926
704
544
323
349
288
357
389
345
743
215
1019
867
510
255
948
940
522
200
982
925
273
577
733
409
874
159
387
638
922
281
160
772
932
579
154
863
20
79
116
970
313
106
143
140
253
905
416
110
479
291
794
573
103
861
973
193
673
161
108
702
235
317
937
805
121
321
962
109
157
732
137
484
295
757
21
194
382
546
40
239
320
283
115
441
910
953
47
697
627
67
855
426
967
72
451
862
946
857
956
537
94
280
68
734
738
350
398
36
995
191
126
666
58
900
660
254
5
972
232
62
222
936
928
134
325
6
19
788
53
632
797
609
324
835
963
448
571
90
964
118
156
75
606
767
712
55
30
608
894
174
54
73
965
731
188
610
836
287
220
517
352
803
737
799
131
27
182
231
979
82
576
130
904
997
351
477
41
423
78
290
447
480
642
187
893
930
354
153
545
895
769
581
97
1022
698
104
470
258
28
196
858
868
252
155
203
954
139
729
919
909
251
941
319
158
735
951
792
125
699
575
923
111
821
885
74
76
88
35
185
996
978
831
647
898
802
980
790
834
65
1023
347
383
452
229
607
983
674
890
127
891
800
33
219
93
968
639
120
614
454
9
417
584
823
676
976
292
706
889
796
446
551
859
966
896
1008
708
1020
929
122
186
866
165
107
69
887
921
918
95
1017
261
920
1009
789
988
873
773
37
175
257
768
189
509
1003
415
710
355
473
1015
150
34
791
198
172
548
48
736
475
10
22
151
580
101
760
412
24
190
444
568
841
877
1002
2
66
774
854
289
709
833
822
39
742
16
902
641
984
42
305
346
899
933
129
801
50
211
114
92
897
259
376
374
294
385
184
17
572
892
901
931
989
123
934
418
809
38
128
1021
542
100
356
671
947
1014
391
977
164
293
903
218
49
730
507
1005
952
511
32
8
223
183
661
860
71
582
56
63
969
1016
250
828
884
217
602
282
541
205
1001
386
260
764
810
612
176
102
70
640
248
1012
152
945
96
99
204
207
744
119
601
547
848
1013
249
476
878
124
865
1
832
206
315
388
935
98
827
915
811
445
864
943
113
375
87
888
590
263
1010
23
208
64
112
999
845
331
178
230
703
693
775
596
243
1000
197
18
944
314
665
146
439
566
818
844
419
425
913
1004
80
31
856
81
659
237
942
567
1011
593
820
228
516
540
300
853
236
304
238
552
776
814
262
813
241
824
144
177
508
777
342
434
309
883
298
912
846
171
741
778
849
276
847
807
681
914
216
762
267
882
360
302
520
625
420
684
763
306
812
209
424
408
881
795
615
145
687
502
880
852
850
471
373
633
268
583
210
329
819
879
779
536
745
332
808
851
759
911
553
269
407
338
394
463
565
694
783
595
242
440
658
752
299
501
721
534
392
713
626
690
467
780
496
275
274
727
594
330
301
308
504
393
333
521
782
561
503
682
683
621
758
466
401
535
472
337
362
746
339
341
781
431
366
369
751
657
361
340
433
747
336
689
497
500
464
307
718
717
589
715
334
748
529
714
533
726
750
465
399
498
562
749
335
688
716
720
499
719
367
530
432
368
564
400
563
532
531
