142
601
92
423
93
834
294
194
414
991
904
959
2
732
835
360
224
842
629
91
263
702
697
210
188
252
317
218
166
128
513
44
381
0
568
131
59
674
202
121
1003
521
644
43
3
479
830
232
852
600
100
839
611
110
900
485
291
877
815
809
699
632
392
840
28
818
908
169
432
73
322
52
225
153
819
407
175
901
546
933
696
962
907
61
1009
86
774
384
896
244
899
845
552
109
234
480
783
215
171
47
843
83
870
481
206
813
740
269
675
657
856
642
766
949
148
932
770
961
265
637
235
838
983
440
782
803
180
680
669
254
872
186
917
391
698
181
348
82
985
822
167
465
550
326
986
992
765
742
77
583
154
208
520
230
152
273
358
249
514
950
570
233
960
978
586
881
27
201
825
826
1018
617
312
646
618
323
199
939
921
885
886
677
585
455
566
200
303
684
817
816
661
488
733
635
788
424
29
551
212
518
976
687
951
264
1006
729
327
510
927
761
471
525
645
511
376
918
928
506
522
359
616
473
1007
787
179
4
456
972
560
344
439
537
538
487
977
207
648
786
678
398
784
710
1002
505
281
489
313
797
946
305
345
569
1010
238
658
743
367
756
975
457
240
304
438
711
599
631
941
940
239
369
271
630
272
622
458
785
621
493
591
971
724
524
399
598
690
523
470
619
400
753
366
620
371
460
433
490
592
459
755
401
370
656
466
722
692
468
652
404
467
623
437
660
754
469
624
492
686
685
654
653
655
659
491
402
434
403
723
691
436
435
