351
16
56
55
264
119
162
437
607
673
565
670
579
471
652
405
462
439
183
379
578
505
86
132
421
477
44
93
619
412
498
349
374
400
263
145
95
468
441
693
267
397
320
125
571
322
338
540
330
440
523
173
363
321
467
197
415
202
443
174
562
444
779
361
591
257
14
442
472
96
740
466
279
201
310
595
647
169
675
651
530
450
469
448
396
470
564
115
485
525
417
117
503
142
486
512
535
255
399
698
311
502
726
648
81
292
143
389
696
614
704
733
65
114
734
256
425
589
557
678
118
388
702
80
172
478
677
200
419
646
506
390
501
170
676
199
563
558
618
254
513
529
391
228
473
282
144
198
559
226
705
590
283
475
171
447
697
531
474
446
418
