418
446
558
419
697
734
475
360
417
586
226
198
358
389
447
501
733
530
391
751
390
330
705
474
171
368
506
736
254
359
328
361
144
742
448
502
602
737
478
329
584
559
80
388
200
503
735
81
199
132
732
282
324
338
774
531
170
351
562
257
771
435
308
15
738
14
380
396
325
357
379
411
352
695
489
403
745
297
323
770
336
172
488
706
466
575
725
500
665
511
442
383
776
574
202
452
516
731
525
424
228
148
490
693
175
341
630
371
454
340
612
222
384
528
313
412
244
423
425
702
387
507
83
196
535
685
752
564
483
296
22
772
509
177
430
686
407
518
410
405
385
603
517
355
462
114
146
404
24
527
439
111
480
677
233
194
174
463
31
316
563
164
473
26
504
515
740
356
756
314
269
163
7
262
232
775
553
285
431
748
547
759
258
673
551
259
471
290
18
189
366
514
708
465
209
680
395
555
658
261
487
657
242
165
210
29
286
134
378
651
298
713
510
375
427
215
482
397
55
493
554
461
295
720
692
546
428
542
522
17
151
496
255
53
537
643
237
301
757
438
205
694
19
84
700
353
147
176
664
214
112
481
434
21
116
398
291
377
727
451
561
302
746
445
272
402
4
560
523
283
672
0
216
440
524
640
429
728
235
730
629
433
185
270
726
615
23
184
539
616
344
318
470
370
59
369
271
179
9
186
234
406
10
8
183
343
322
213
236
245
749
292
187
667
20
460
265
763
755
238
141
520
300
319
426
529
579
28
576
11
710
781
453
16
289
207
195
626
188
644
783
386
178
624
589
25
637
142
513
400
401
181
476
349
494
1
479
565
5
683
54
218
376
350
249
698
623
2
260
699
129
139
550
152
662
162
365
89
346
120
618
373
508
663
52
614
581
583
668
691
348
159
160
609
636
604
220
125
549
191
118
681
688
652
625
119
303
597
552
33
221
627
611
499
577
61
161
103
155
157
100
620
557
632
607
167
619
250
666
578
690
566
660
638
124
596
696
102
158
635
580
590
608
332
121
634
128
58
646
538
536
582
65
606
68
127
605
639
156
70
556
99
69
591
60
66
648
