391
529
501
531
473
419
65
80
503
67
614
611
558
68
79
360
612
618
66
389
584
417
81
44
591
583
646
228
559
528
282
64
14
451
445
283
142
668
321
118
565
478
320
425
619
91
59
586
726
667
89
93
200
566
621
698
254
554
563
390
143
351
640
257
199
693
740
666
115
15
637
361
239
292
530
651
290
325
379
472
256
508
144
665
748
664
502
555
268
623
549
589
625
97
569
121
624
452
241
353
291
471
694
328
647
663
638
7
286
705
556
225
576
509
650
453
448
96
350
444
669
597
636
263
224
238
124
87
352
545
450
128
520
18
319
689
568
408
481
180
407
756
326
25
348
130
349
98
355
659
537
548
120
479
324
434
99
381
378
380
210
92
573
0
148
189
498
671
5
202
515
33
85
730
631
162
30
94
470
86
409
58
490
521
673
648
655
598
122
469
169
431
562
436
653
299
575
513
132
622
165
609
525
8
206
111
547
204
608
100
660
84
441
437
243
728
517
55
458
639
500
296
519
354
187
10
74
495
482
405
114
160
161
430
218
494
196
272
657
577
628
415
546
205
755
259
127
271
2
439
507
16
377
464
264
627
215
570
150
177
595
783
237
518
365
285
462
185
184
630
661
6
635
552
183
152
119
19
540
435
123
214
261
438
574
656
524
203
126
426
486
489
155
186
125
340
491
154
560
236
403
69
269
176
729
270
4
763
404
678
17
233
327
159
467
433
749
174
314
216
109
615
782
684
550
700
440
600
704
302
476
413
28
20
649
596
168
301
134
754
492
512
602
188
300
613
572
758
643
735
780
153
645
692
212
147
690
594
493
681
654
21
190
701
149
536
412
244
258
43
24
163
209
117
213
70
32
592
289
172
140
201
606
459
514
516
632
510
424
423
687
45
309
52
182
274
297
672
157
466
9
487
382
82
465
217
551
275
398
73
683
242
246
506
57
605
714
616
262
629
23
497
231
293
504
322
781
634
691
27
101
260
207
112
764
468
151
400
416
688
601
385
538
386
245
480
676
442
3
223
313
158
580
641
364
395
36
367
414
543
716
331
63
384
72
13
522
762
298
146
499
156
579
488
345
578
682
227
396
542
535
102
311
332
770
571
686
617
50
401
460
288
75
113
131
776
39
771
279
680
376
402
181
711
90
523
719
230
103
346
49
739
375
685
679
715
737
34
71
295
677
775
721
166
344
307
767
544
588
532
768
368
607
317
294
710
338
40
252
323
585
363
164
273
12
287
779
604
108
337
712
46
765
443
766
760
37
706
753
392
744
372
280
747
78
708
339
347
191
251
421
774
777
315
110
247
333
342
197
312
742
133
750
449
138
62
505
738
718
135
370
393
145
318
778
343
220
310
717
772
341
420
713
38
743
477
219
173
41
369
104
587
116
366
674
745
284
741
192
724
709
746
675
371
533
105
335
221
707
222
88
534
137
723
42
670
722
107
394
106
422
642
250
761
193
769
703
304
773
253
194
305
281
278
249
136
306
248
362
276
277
334
