334
306
642
670
675
193
362
305
724
277
276
248
88
723
449
722
46
647
197
221
41
136
42
477
192
674
137
104
669
106
422
72
304
249
251
45
43
92
505
472
105
335
443
761
769
420
40
247
709
416
38
73
284
96
719
444
108
421
585
450
741
90
74
75
333
648
717
220
392
676
39
224
592
639
110
223
703
704
78
94
138
37
743
173
165
278
312
641
713
393
71
536
538
97
394
718
753
773
707
107
747
556
150
44
311
49
169
47
194
534
610
102
12
113
98
533
750
689
686
650
310
34
337
293
778
712
688
437
710
62
410
765
63
408
279
721
638
275
679
716
415
369
219
499
441
424
91
690
711
565
370
561
779
685
535
613
595
591
50
470
497
414
649
582
681
646
166
654
715
411
380
682
123
95
109
678
471
396
367
619
222
708
36
706
250
768
339
103
407
746
744
668
191
400
99
635
541
87
381
494
48
409
551
566
429
587
283
76
79
589
677
351
379
363
764
232
149
259
397
498
777
653
684
469
537
116
567
273
281
510
652
398
292
140
119
209
767
274
701
399
342
636
35
760
493
352
316
405
164
564
291
61
211
754
13
403
427
51
661
694
244
432
3
780
609
423
58
593
127
201
89
317
436
542
766
168
307
9
101
512
364
738
680
33
435
1
521
615
643
579
184
395
563
82
596
645
782
692
576
426
781
608
699
626
32
243
56
691
57
546
23
425
617
729
532
132
290
618
783
294
583
657
413
749
314
401
6
217
590
604
54
720
526
60
309
11
378
135
189
428
52
581
620
466
321
263
85
371
30
231
731
112
218
365
230
553
601
594
155
520
580
153
20
482
100
671
758
183
739
386
163
264
181
93
205
453
611
207
27
445
272
128
524
655
666
172
215
382
508
154
117
728
656
233
550
246
236
187
523
260
672
630
434
19
84
214
237
625
28
270
683
266
240
235
522
509
289
265
492
180
548
216
177
122
129
476
176
607
179
637
673
547
560
2
549
16
660
131
152
188
406
762
0
203
121
574
134
696
496
663
241
658
115
261
714
77
319
286
634
687
213
185
575
573
356
8
124
141
730
667
402
5
206
373
757
285
239
55
25
350
740
212
540
354
145
186
776
473
748
130
280
442
161
208
204
745
159
182
151
700
238
465
322
644
133
481
726
572
125
21
345
18
143
377
385
727
732
772
126
459
53
705
302
4
17
662
24
439
303
755
64
258
86
343
315
412
431
195
10
651
664
341
22
167
440
234
245
268
157
300
756
511
507
383
629
588
763
605
404
597
178
693
519
451
318
29
438
598
632
554
452
148
742
242
256
111
578
614
659
624
147
271
366
562
372
338
430
698
543
456
353
759
344
156
525
227
571
602
31
577
479
295
174
162
633
622
500
568
26
70
627
252
287
326
528
118
504
628
320
340
59
7
262
196
458
158
323
83
616
623
600
606
552
210
301
480
539
570
433
384
190
253
288
461
483
491
160
555
368
468
349
460
513
467
457
267
374
229
175
324
463
375
557
631
313
527
665
269
599
325
202
455
462
120
603
640
332
702
487
484
478
725
15
545
495
612
14
225
774
454
752
486
327
376
139
347
387
146
506
348
255
298
544
297
355
518
346
282
296
569
737
114
331
733
336
529
81
474
446
