358
172
664
639
348
471
22
375
267
402
35
11
275
234
395
426
338
420
470
759
61
689
652
127
247
529
371
609
563
658
245
329
83
624
644
111
187
591
650
299
163
236
269
495
661
636
656
326
33
180
159
458
51
149
681
1
459
160
342
482
215
491
527
185
29
669
314
242
84
635
48
654
570
606
463
513
53
657
140
155
411
214
437
9
413
566
547
208
376
476
152
320
268
648
524
129
5
538
662
191
487
297
310
625
6
684
213
183
212
188
508
300
583
580
261
394
589
184
409
552
512
217
543
623
579
2
567
438
688
632
711
519
125
156
542
577
510
607
692
13
206
655
750
608
244
164
691
645
316
186
757
19
318
241
497
663
578
518
286
24
582
544
238
28
294
203
730
598
327
54
30
660
16
748
592
414
328
671
321
498
254
492
596
435
754
354
26
112
258
464
539
200
57
601
551
659
781
383
23
210
205
630
385
392
569
173
605
763
682
536
573
783
714
62
526
442
603
153
696
288
633
778
133
343
103
52
472
693
20
560
161
34
782
550
499
410
571
728
10
672
653
768
618
324
301
207
439
700
680
373
626
209
274
17
64
467
8
204
289
546
723
162
243
468
448
178
516
483
523
353
262
490
506
82
522
270
27
227
337
575
749
124
106
21
679
182
219
356
488
431
36
339
440
176
427
701
107
102
366
239
412
683
531
77
315
600
441
347
81
590
181
715
211
355
216
119
535
271
154
123
276
597
298
3
170
675
231
345
646
118
716
38
520
130
525
511
49
576
382
649
436
332
595
287
248
265
246
240
604
462
346
380
773
496
432
455
620
676
228
726
722
221
484
461
407
273
50
12
678
534
357
457
296
719
255
179
555
377
408
367
469
110
304
401
65
171
517
736
131
628
105
685
95
68
192
489
493
381
758
260
295
451
433
405
762
613
352
771
379
502
229
177
400
622
344
627
585
485
43
710
521
735
120
256
687
313
279
466
434
88
199
91
494
641
280
325
718
259
147
101
378
713
777
686
230
530
629
406
772
389
364
284
594
122
66
393
252
764
98
195
698
99
422
78
374
73
556
340
223
779
351
128
621
169
166
89
113
456
97
767
587
311
42
739
37
674
753
108
743
341
146
765
737
333
93
532
480
428
137
94
86
109
507
429
92
617
747
225
450
557
717
76
67
75
616
760
312
712
249
770
766
100
193
350
744
96
305
738
307
74
361
390
706
117
586
741
142
709
742
558
421
70
251
115
761
323
746
281
136
322
72
90
479
222
143
449
145
769
724
588
363
138
642
707
104
775
745
708
69
277
71
194
253
306
114
505
335
250
477
197
278
362
670
334
