685
686
687
433
465
718
622
467
653
654
401
402
719
463
464
720
652
432
688
651
468
684
466
369
430
370
371
497
435
689
717
590
403
623
683
434
657
619
499
20
621
431
436
690
21
404
339
650
655
972
620
400
372
498
658
469
471
659
716
307
591
751
340
19
438
368
470
425
618
338
437
462
721
750
424
405
212
336
982
503
656
39
334
1016
983
1015
749
302
984
722
439
715
335
885
392
337
852
682
666
457
853
748
173
192
481
415
40
301
8
269
971
791
940
256
776
383
172
587
795
213
502
496
933
267
264
941
393
261
515
186
794
899
1007
725
123
755
602
295
624
723
726
268
825
908
1008
456
660
378
485
306
349
184
219
204
823
13
446
932
649
365
131
930
360
831
308
752
293
822
931
178
886
387
238
327
756
323
937
274
137
912
484
313
550
909
305
973
698
801
968
856
964
161
124
762
24
7
673
969
381
542
205
23
517
583
111
451
382
634
641
52
373
1002
229
703
511
691
928
160
648
883
33
806
63
109
450
351
900
6
676
341
782
159
224
959
934
857
225
126
950
345
763
833
500
289
827
989
904
747
127
199
774
478
59
84
714
290
671
11
275
777
72
71
43
579
670
10
418
263
516
704
346
884
121
101
419
218
472
773
730
702
185
288
483
203
808
775
838
38
237
872
832
27
122
211
53
226
824
233
366
12
440
25
324
887
799
981
187
76
864
223
917
956
694
128
667
294
672
28
800
410
153
14
697
1013
796
333
547
855
163
197
905
980
236
139
865
783
866
535
83
639
991
171
731
643
787
99
135
936
445
41
781
926
544
757
420
391
724
859
570
543
541
929
130
350
117
320
110
545
988
252
303
282
348
164
858
181
198
414
193
47
807
797
421
538
615
640
154
243
927
769
26
51
736
406
828
292
423
31
281
479
167
647
939
911
196
32
16
328
513
907
112
510
125
1014
891
60
601
586
949
79
504
764
367
140
975
512
551
9
162
918
990
549
767
919
700
291
188
18
77
377
768
965
407
642
487
625
253
70
753
270
952
840
262
734
250
519
45
276
839
873
255
206
902
475
830
710
214
860
898
709
901
251
129
244
854
174
826
4
829
413
580
958
935
230
711
882
158
482
951
452
506
444
915
896
447
190
942
242
317
1012
220
100
760
741
299
1011
480
94
386
102
195
916
914
890
509
546
442
314
924
64
454
1017
708
576
58
995
180
871
638
227
507
803
222
1004
897
611
548
699
754
606
142
732
681
870
133
665
514
922
1
156
967
257
380
733
44
359
300
645
449
96
326
175
851
948
148
168
957
805
265
876
151
35
37
319
607
254
600
729
115
304
869
742
85
361
947
34
67
867
36
985
42
249
194
150
232
809
283
888
46
745
635
1021
91
5
271
108
668
417
182
906
954
539
61
966
778
780
0
296
577
612
1005
705
772
155
821
963
675
1001
228
921
1022
30
735
231
892
297
411
889
644
894
165
863
477
166
143
69
353
925
398
15
784
80
743
770
737
235
62
120
1023
416
22
116
355
536
17
518
82
923
92
970
943
868
706
605
248
443
637
571
426
790
669
216
65
835
938
505
678
738
834
113
325
245
141
352
273
234
810
73
177
476
632
138
707
771
298
680
358
157
2
836
573
54
66
613
574
578
409
792
149
765
385
820
379
217
785
979
841
802
399
903
804
758
786
837
609
962
453
48
616
78
893
68
861
633
874
895
955
987
508
412
266
603
241
285
961
920
701
321
388
132
677
953
501
152
581
1020
582
575
287
176
280
674
56
247
744
260
49
739
286
740
354
189
455
215
679
608
862
119
170
779
793
766
488
207
88
202
50
114
976
107
996
636
572
617
134
221
259
604
169
397
103
944
384
474
759
486
960
408
761
813
179
239
646
57
272
850
746
284
145
986
1003
588
210
712
87
75
316
136
589
309
312
322
118
881
798
183
788
201
390
880
610
812
568
90
567
89
200
95
422
946
811
98
629
695
540
489
877
713
97
3
473
74
584
105
374
994
389
727
357
356
147
104
945
93
277
191
344
86
978
1018
599
814
329
663
144
55
81
318
332
845
209
441
815
913
29
974
534
246
1019
614
844
819
537
1010
569
208
375
631
552
664
347
558
999
993
997
279
693
1000
998
875
818
520
628
330
258
789
662
315
146
992
910
626
627
842
376
846
977
448
342
106
843
394
879
240
1006
554
692
816
817
278
1009
630
585
458
696
878
310
728
661
343
521
555
553
849
557
598
530
311
848
566
592
490
847
364
529
556
429
331
522
597
531
459
533
427
396
362
565
523
524
525
491
593
562
495
532
596
395
363
595
428
564
563
492
594
559
461
561
460
528
560
526
494
493
527
