337
534
234
101
355
776
295
227
708
151
288
689
378
427
211
402
205
420
377
238
658
482
330
174
383
168
688
231
713
236
290
665
497
113
410
384
206
385
683
232
496
654
723
185
517
366
108
426
224
543
715
246
145
204
721
183
359
743
603
274
239
269
380
748
179
749
182
372
178
106
661
315
381
763
746
570
241
375
180
660
43
516
623
718
81
428
407
296
614
301
409
762
302
630
765
532
400
481
653
208
525
363
390
398
744
408
421
587
739
666
86
709
553
333
136
275
401
650
374
545
631
655
675
403
657
659
572
124
153
530
12
504
424
502
379
109
656
674
322
777
595
268
429
573
169
594
637
716
404
267
753
425
602
280
105
266
480
240
376
712
686
684
670
622
225
568
633
512
399
540
115
394
766
63
541
321
687
717
505
126
775
397
247
45
642
685
778
515
669
770
123
293
248
361
449
137
44
640
88
479
513
747
613
668
544
49
477
752
104
514
197
760
722
277
750
764
253
585
719
303
276
252
92
78
304
761
309
294
37
331
307
281
138
332
335
41
396
696
39
641
503
769
278
533
306
362
40
724
334
