742
770
368
734
771
733
751
737
705
752
338
738
743
736
766
504
740
530
745
366
308
310
502
731
735
336
744
746
533
721
418
253
768
750
359
282
358
307
776
248
677
328
708
281
741
503
534
739
774
330
342
749
640
748
769
116
718
279
695
446
255
448
321
360
369
148
561
778
370
767
320
156
720
343
605
341
371
709
772
344
548
315
199
340
316
211
419
329
363
81
773
294
332
714
339
763
612
189
135
586
694
549
396
668
706
577
747
725
500
146
707
145
252
520
240
461
355
732
326
198
711
680
584
249
322
276
238
266
151
356
587
293
558
398
239
265
331
643
196
457
410
475
764
132
604
412
762
397
394
667
562
354
257
765
367
395
187
232
285
716
433
292
180
383
719
179
357
487
434
280
703
417
15
692
216
440
361
258
615
777
717
24
144
299
459
685
134
221
4
712
713
501
314
679
152
83
429
226
207
492
26
514
436
111
424
700
31
704
385
756
217
622
460
411
633
7
303
401
254
666
710
682
676
27
576
227
624
212
80
672
289
466
267
0
42
662
202
112
286
372
155
55
689
283
14
153
486
386
658
304
271
609
652
245
390
754
551
727
114
175
384
585
515
452
177
21
84
206
715
171
665
20
300
594
525
22
655
188
651
327
53
335
287
693
57
168
626
673
644
2
560
759
755
230
313
178
215
684
780
301
654
10
480
656
687
234
261
54
641
85
176
16
141
6
278
639
621
730
588
623
683
23
302
630
250
288
582
532
86
39
56
389
659
616
775
597
260
664
8
627
625
147
579
139
246
544
657
165
559
259
30
407
573
513
120
554
638
228
650
121
608
44
653
447
125
170
115
256
474
391
702
531
