561
336
740
59
703
734
167
309
732
394
677
135
697
704
480
308
39
612
773
501
614
643
731
416
368
128
446
533
139
374
725
63
41
615
504
420
46
418
87
35
445
721
282
47
40
60
79
509
510
419
116
240
360
224
733
444
562
694
310
45
666
150
338
503
774
429
347
640
566
276
366
430
750
619
369
456
423
544
756
7
486
695
148
751
149
320
15
699
257
538
34
190
13
189
172
650
48
729
500
396
611
482
226
198
151
508
14
0
58
359
239
525
537
720
465
11
273
514
243
549
365
521
237
466
121
644
283
288
395
638
232
471
485
580
62
594
247
475
752
31
36
392
493
51
196
227
494
49
778
768
780
771
85
33
134
263
111
234
32
755
428
595
61
299
22
578
275
152
543
38
293
658
242
44
520
607
690
267
220
536
301
236
649
647
290
776
304
29
585
442
759
609
12
653
457
651
18
637
175
467
473
723
302
661
355
285
4
497
56
401
84
727
665
1
553
55
498
548
218
705
524
141
24
202
25
268
605
702
519
606
297
326
602
736
256
269
343
599
178
735
289
296
174
318
391
559
