-0.20946884
-0.051930428
-0.05159378
0.09923363
-0.06951332
-0.01701641
-0.04479599
-0.26719952
0.15045261
-0.0030145645
0.0854702
-0.2020855
-0.08368206
-0.2388506
-0.21073818
-0.2529497
0.04119873
0.12777519
-0.08202553
0.07271576
0.05297947
0.119377136
-0.12375736
0.13406944
0.037145615
0.059832573
0.02196312
0.05028248
-0.018350601
-0.08893299
0.079384804
-0.16319942
-0.13320827
-0.13899612
-0.24226189
-0.44918346
-0.16265678
0.37306023
-0.11707783
-0.6316776
-0.43755627
-0.49338531
0.31029606
0.33343697
-0.115410805
-0.36176682
-0.4578266
-0.43912888
-0.22341347
-0.15464687
-0.03532505
-0.15844345
0.03187561
-0.032533646
0.028887749
-0.041809082
-0.06636047
0.021819115
-0.20886326
-1.024684
-0.43679333
-0.12826061
-0.16802502
-0.5222664
-0.007381439
0.28577518
0.25923252
0.48076916
0.118849754
0.74204254
0.8335037
1.0774446
1.0616078
0.5375242
0.8247118
0.40532684
0.6048269
0.064655304
0.09638405
-0.43532944
0.07424736
0.42772102
0.08960152
-0.06579876
-0.057210922
-0.13950348
0.51691914
-0.4499073
0.09440136
0.6988325
0.84483624
0.4674921
0.5043793
0.32365894
0.49819946
0.2441225
0.73853016
0.23544216
0.4899578
0.4905939
0.6670294
0.42672634
0.366436
0.13223934
1.2455835
0.25014114
0.12518501
-0.06281185
0.60128117
0.88137436
0.1282835
-0.13496399
0.07334995
0.5818205
1.4612904
1.0829821
-0.41524315
0.61254025
0.18691635
0.19568634
0.22346115
-0.18535423
0.29482365
0.06608009
0.15323639
0.16314125
0.25070095
0.04162121
-0.543643
-3.1471252e-05
0.30181694
0.14026546
-0.07116032
-0.042788506
-0.13878345
-0.71413326
0.9561
1.0273705
1.2160463
-0.5379009
-0.056601524
0.029025078
0.68983746
1.1436105
0.23439217
0.79390144
0.20841408
0.36575794
-0.26194477
-0.2586279
-0.34492016
-0.21308994
-0.119893074
-0.029177666
0.2208128
0.016377449
0.041490555
0.32108688
-0.07216835
0.023560524
0.09663105
0.19988441
0.34720707
0.14480972
0.17083359
0.21353626
0.36089897
-0.7483368
-0.06028366
0.62495995
0.34181595
0.57549
-0.22674465
-0.00091457367
0.2570591
-0.08101559
0.1584549
0.48380184
0.16929817
0.1642828
0.00770092
0.12514782
0.30579567
-0.030586243
-0.02778244
0.16157532
-0.036548615
0.063287735
0.036515236
-0.23374653
-0.24129581
0.18760395
0.5019779
0.95004845
1.3301673
0.72099686
-0.15821934
2.0669866
-0.21505451
0.29200363
-0.02097702
0.037233353
0.04878521
0.049770355
0.22028732
0.04450512
0.016670227
0.24541187
0.04636669
0.0964241
0.046219826
0.24083519
-0.03133011
0.13118172
0.17300224
0.05866337
-0.018468857
-0.04949951
-0.0013227463
0.09797096
-0.105000496
0.7209387
1.2814951
0.61876774
-0.393322
0.55765724
-0.21782303
-0.15662193
0.12777042
0.17296505
0.28376675
0.08620262
-0.17662907
-0.030748367
-0.13469124
-0.013184547
-0.09856415
-0.1911335
0.14050674
-0.20672989
-0.4126377
0.0063381195
-0.115758896
-0.19893837
-0.0025959015
0.11648178
0.16864395
-0.1650629
-0.040582657
1.0180082
1.5331373
0.92623997
0.23091698
1.0828776
0.122984886
-0.04230213
0.13031292
-0.24999619
0.097844124
0.4822321
0.10896778
-0.06734753
0.108284
-0.13565254
-0.06941986
0.19281769
-0.07599449
-0.10503292
0.07297993
0.13169003
-0.0270195
0.12808609
0.013979912
-0.19961643
0.16760254
-0.12128544
-0.32088947
0.8474512
1.585598
0.14984798
0.17963505
0.18946743
-0.44307423
-0.18190384
0.16580868
-0.069600105
0.15328121
0.14615917
-0.1790638
0.22003365
-0.090465546
0.23732185
-0.009026527
-0.11602211
0.30220985
0.14111137
0.25479984
0.102663994
0.004258156
-0.1262207
0.023545265
-0.10046291
-0.077840805
0.029244423
-0.08938217
0.48432827
1.3658371
0.5260134
-0.6453438
-0.7354641
-0.3623438
0.72621155
0.6680641
0.44838524
0.08324528
0.0038843155
0.044769287
0.16162682
0.3024702
-0.00088214874
-0.2571087
-0.019960403
0.6104355
0.7789097
0.22236729
0.38810635
0.1146574
0.0152750015
0.016057014
0.26939583
0.24033451
0.070869446
0.027021408
0.5956516
1.9401922
0.90966225
-1.0484838
-0.016324997
-0.3441515
0.07610035
0.5207176
0.5098524
-0.05779934
0.14472198
0.5053396
0.37442493
0.035110474
-0.33087158
-0.07688141
0.09323311
0.6533241
0.49353123
0.3550539
0.04914093
0.22022533
-0.07064247
0.009055138
0.27258205
0.29376793
-0.20863056
-0.4067297
0.97274923
2.4448342
0.78049564
0.108151436
-0.193964
-0.3037281
0.31579018
-0.55036354
-0.2883196
0.3502283
0.42645645
0.33061314
0.1691637
-0.5360899
-0.031532288
0.21081924
0.36056805
0.30774593
0.3667345
0.21519947
0.18013573
0.17934132
-0.03991413
-0.04670334
0.096209526
0.4094534
0.21746159
-0.0629549
0.8213644
1.4853206
0.44904327
-0.16230488
0.48050308
-0.7237377
-0.17727375
-0.22124863
0.92071104
0.66520786
0.6106615
0.246768
-0.06295967
-0.0019435883
0.13439274
0.29559326
0.3341694
0.3674059
0.22442627
0.2515688
-0.019522667
0.11591244
-0.0006570816
-0.033685684
0.057035446
0.19798851
0.48975754
-0.5686388
-0.03385067
-0.45588303
-0.4166174
-0.45786572
0.87769985
0.25650978
-0.28649712
-0.010220528
0.49133682
0.09469414
0.53877926
-0.13004112
-0.3313074
-0.30258465
0.21565723
0.2942953
0.30869007
0.32376385
0.12277222
0.27479458
0.016275406
-0.020007133
0.062386513
0.022760391
0.22262001
-0.08633995
0.3102951
-0.3891182
-0.4455452
-0.539484
-0.054327965
0.16550922
1.3451567
0.909307
0.75333595
0.09963894
0.100976944
0.029614449
0.19562817
-0.28801727
-0.08292103
0.021892548
-0.0094127655
0.25858212
0.36868095
0.2839861
0.11080742
0.167737
-0.20250988
-0.18634033
-0.0802269
-0.018021584
0.20685482
0.15104008
-0.17509842
0.3703251
-0.07987976
0.26222706
-0.16376019
-0.04738903
1.6508226
0.079693794
1.2630148
-0.6462908
-0.019350052
-0.21977234
-0.011566162
0.05841732
-0.17365742
-0.26625538
0.066207886
0.27060604
0.31734085
0.15165997
0.08260918
-0.010968208
-0.16037369
-0.15573406
0.018242836
0.20688248
-0.0664587
-0.030189514
-0.053991318
-0.22191238
-0.5919056
0.34688663
-0.3373356
-0.46041775
1.4820814
0.39349937
0.9333005
-0.21150303
-0.4255991
-0.42425823
0.028439522
-0.06676769
-0.029727936
-0.19900799
-0.03301239
0.13616848
0.2796259
0.012895584
0.09102535
-0.112695694
-0.19183064
-0.020311356
-0.013834953
0.010011673
-0.20668888
0.007221222
0.027208328
0.5152912
0.014543533
0.12823582
0.33991528
0.23733425
-0.53893566
0.07429123
0.47719097
-0.10491848
-0.20538521
-0.2464571
0.0033311844
0.108421326
0.169137
-0.019349098
-0.11831188
-0.2833748
0.10963917
-0.051865578
-0.0008029938
-0.01193428
-0.19786358
0.024981499
0.0883522
0.012564659
-0.047680855
0.019494057
0.40602207
0.8354778
0.91381264
1.1342134
0.56597614
0.07306099
-1.1737661
-0.36723995
0.25559902
-0.003112793
0.49187946
-0.32166767
-0.07152939
-0.043413162
0.0034236908
-0.0058631897
-0.011444092
-0.013221741
0.1214447
0.24209976
0.20790291
0.15915012
-0.034715652
-0.12281227
0.065096855
-0.17247963
-0.003399849
0.060699463
0.416564
0.28680325
-0.08757496
0.82117367
0.25178623
0.85012054
0.30398273
0.8380079
0.21076775
0.13732338
0.25813293
-0.16705894
-0.12866974
0.05744171
0.24039936
0.18046379
0.16899014
0.2576332
0.09464359
0.120306015
0.2712059
0.22910976
0.07323456
0.0998888
-0.11009693
0.006421089
-0.08388233
-0.025361061
-0.22065163
-0.6216173
0.07192135
-0.5827112
-0.47982693
0.5493021
0.57180214
0.5810251
-0.29309177
0.0544796
0.0793972
-0.005253792
0.02180767
0.20975494
0.2932272
0.16640568
0.2731781
0.2242794
0.37608814
0.14282036
0.05262661
0.1396246
-0.006319046
0.02631855
0.013367653
0.1369915
-0.081941605
-0.17683506
0.20837498
-0.33043098
0.30368042
0.6475115
-0.57957363
-0.18253994
-0.07435894
0.5332031
-0.092116356
0.09267807
-0.09336758
-0.22357368
-0.08230686
0.099126816
-0.083055496
0.15798092
0.0106630325
0.0070753098
0.124572754
-0.115911484
0.022777557
0.060240746
-0.07731438
0.17671204
0.2190113
0.06801891
-0.05335331
-0.3540659
-0.02587223
0.11652565
0.15672493
1.624301
0.051467896
0.08288765
0.09070873
0.337183
0.19709396
0.27048492
-0.71679306
0.23336124
0.076589584
0.17316532
0.060542107
0.23910332
0.25829124
-0.014754295
0.40482903
0.46200657
0.41378212
0.18311691
0.08732319
-0.106036186
0.05962658
0.23648262
0.4857626
-0.36686516
-0.26544762
0.43778324
-0.69567966
0.52071667
-0.25286865
0.059274673
0.10482788
0.08033371
-1.014966
-0.6768093
0.007665634
0.99201345
0.97802067
1.1650004
0.69575596
0.6646824
0.050953865
0.8370619
0.6798954
0.15043163
0.31516457
0.24926949
0.68450737
0.32863808
0.1977396
-0.20381165
-0.44552135
-0.05201626
-0.07792759
0.74830055
-0.52709293
0.5579548
-0.054683685
0.17140102
-0.22316647
0.045749664
-0.57437897
-0.72752476
-0.39240074
-0.90343666
0.21227169
0.1257658
0.4461813
0.82621956
0.404274
-1.0374622
0.7109375
0.82180977
0.18500996
0.67965794
1.1694117
0.8294382
0.49725246
0.17330837
0.13495731
-0.29810333
-0.26033688
-0.16360378
0.50924206
0.026244164
-0.13039112
-0.2806816
0.10234451
0.2331171
-0.08487034
0.49497414
0.66321754
-0.026543617
-0.06509018
0.06908989
0.29614162
0.180336
0.25741577
-0.15315533
0.31022072
0.1878128
-0.14394665
0.14805603
-0.6027107
-0.33144474
0.8301945
-0.089624405
0.3542452
-0.1536665
0.57631016
-0.14659691
0.03173256
0.025989532
0.16207123
