152
498
269
628
515
208
602
299
154
260
495
654
117
159
155
183
560
518
490
489
684
521
236
153
354
301
186
517
302
272
147
463
314
700
782
244
600
678
467
594
300
749
577
681
547
652
426
235
351
635
494
168
413
234
550
264
510
261
491
324
687
597
201
43
758
596
440
701
575
660
572
627
243
258
649
626
754
613
492
692
536
73
212
134
182
653
262
21
780
129
24
631
683
603
378
213
461
624
157
592
140
661
274
82
231
128
412
690
246
659
542
480
570
190
598
672
23
714
548
207
704
382
506
688
288
72
616
163
9
424
223
130
601
275
57
217
538
101
350
493
573
313
781
764
367
311
468
27
3
691
641
442
438
112
504
158
432
499
245
516
676
90
263
184
416
400
651
488
297
384
543
522
716
549
102
414
682
156
75
625
230
364
535
719
775
617
348
298
571
131
685
395
776
376
291
686
113
402
181
762
401
295
711
294
715
770
375
737
739
319
317
346
710
544
588
71
523
108
767
279
251
779
753
103
396
307
721
292
287
706
37
40
747
744
532
421
768
443
338
677
252
339
322
138
280
164
12
363
293
333
777
712
197
760
273
449
323
312
315
585
191
392
337
708
765
766
145
718
342
133
341
104
750
321
713
778
110
505
742
343
318
320
220
247
745
772
284
41
674
173
310
219
420
477
587
717
369
746
738
393
192
105
675
366
724
743
137
371
222
707
88
221
741
709
533
335
723
42
250
106
722
107
761
193
422
670
534
253
394
304
642
194
703
773
281
278
306
769
305
136
249
362
248
276
277
334
