117
592
455
301
411
736
466
515
410
631
452
309
268
619
99
511
242
741
365
33
331
383
439
488
155
745
548
127
415
154
482
608
150
103
645
646
322
653
272
152
441
451
611
119
77
173
498
625
302
381
262
581
106
408
513
591
102
356
654
153
337
363
270
674
354
768
379
547
382
384
380
620
180
409
456
701
2
470
435
684
580
407
385
652
313
403
489
182
762
604
57
128
317
125
412
32
130
697
481
726
605
121
51
445
140
542
602
107
633
760
28
624
534
211
284
314
425
486
134
124
261
30
227
86
168
709
551
126
469
512
156
686
617
752
52
131
85
189
209
1
303
561
136
82
138
460
108
487
476
453
310
181
545
100
593
457
509
414
405
424
766
644
27
777
118
312
632
599
129
404
510
0
541
340
520
695
691
765
536
139
682
9
458
583
524
655
725
437
518
480
596
184
207
234
630
436
774
249
259
552
533
468
279
5
539
195
616
767
640
618
430
650
758
537
423
698
621
56
729
557
712
667
67
54
657
681
763
438
740
708
661
149
595
759
101
714
713
8
493
627
543
676
589
479
727
649
137
375
590
11
588
754
233
283
668
694
386
778
496
431
565
639
522
544
462
734
710
662
571
263
201
730
264
440
109
692
677
20
236
59
626
267
461
746
756
112
757
735
687
755
764
256
772
396
683
732
204
508
23
702
721
212
206
16
540
636
402
658
680
208
6
696
350
523
69
19
377
235
664
238
395
165
378
651
367
719
222
623
720
433
183
738
120
779
55
731
427
229
572
143
749
141
319
612
600
164
744
666
781
665
748
434
231
428
286
563
205
538
311
711
553
634
706
718
203
679
25
535
287
29
739
241
648
145
771
84
728
413
459
564
21
218
369
260
237
597
465
232
672
315
429
288
663
656
406
176
685
401
678
332
239
659
172
400
715
178
245
177
753
387
213
202
53
598
643
339
230
690
782
307
255
628
225
397
554
638
783
24
615
185
426
673
601
399
250
574
737
716
111
546
188
566
10
374
637
704
570
432
463
594
22
4
492
577
132
398
306
265
549
660
174
292
507
707
186
343
83
703
175
17
163
579
210
258
607
240
285
147
7
349
699
717
148
700
495
688
280
750
376
693
318
733
770
776
290
629
26
478
521
179
18
157
158
671
65
568
743
635
490
348
473
320
569
519
742
344
669
294
467
135
291
689
366
525
274
573
336
780
133
567
151
191
705
529
167
228
266
289
342
80
246
243
146
31
321
491
159
550
278
464
216
723
338
373
471
585
562
422
345
555
194
252
217
257
187
115
81
504
370
221
276
494
775
196
346
89
347
160
333
584
162
214
503
273
773
450
372
253
641
220
215
223
304
244
442
161
219
606
282
500
293
527
15
14
66
68
722
190
578
587
308
528
192
142
305
114
200
530
371
275
166
613
144
199
251
254
670
506
448
388
248
447
170
247
502
361
171
501
474
417
226
193
475
391
390
198
419
446
642
389
418
