0.09298515
0.0924716
0.072888374
-0.14808655
0.016551971
0.08041334
0.010852814
0.11875057
-0.13096857
-0.032480717
-0.05103588
0.17156982
0.111525536
0.30298424
0.09424496
0.06960344
0.05190277
-0.09840727
0.21431446
-0.09840393
-0.09108782
-0.11267519
0.035333157
-0.026416779
-0.09645462
0.11869097
-0.123497486
-0.15342808
-0.113986015
0.006772518
0.07709074
0.1207695
0.10224247
0.19572449
0.169065
0.470505
0.2738905
0.2556553
0.35863042
1.0641813
1.0904062
0.69325423
-0.95962715
-0.18062449
0.6990819
0.667222
0.8028512
0.9999707
0.59656596
0.250628
0.14919376
0.45130467
-0.04730892
0.07824373
-0.011761665
-0.015551567
0.16174555
0.0044722557
0.1854105
0.822453
0.6339774
0.3030367
0.05852604
0.69851875
0.54867554
0.4040239
0.16615725
0.27734184
0.34133673
-0.4410777
-0.68523216
-1.1248178
-0.5053954
0.03947401
0.048318386
-0.07795811
0.020161629
0.15616369
0.035116196
1.0646794
0.31005383
-0.21035719
-0.12576914
0.042036533
0.039330006
0.1830945
-0.35814238
0.51236963
0.013754845
-0.10072327
-0.2133851
0.43901515
0.12914419
0.04015112
-0.047947407
0.09841347
-0.20360279
-0.058383465
-0.21432447
-0.24757528
-0.39071226
-0.23932934
-0.014347076
-0.18816614
-0.4090128
-0.07886505
-0.11289215
-0.22202253
-0.12335634
-0.30407333
-0.3887186
0.039834976
-0.0746336
-0.20376158
-0.9311881
-0.547966
-0.35609913
-0.58064985
0.12984991
0.057320595
-0.12552547
0.1902585
-0.16972065
0.18180227
0.22030067
-0.019713402
0.07805061
-0.01525259
-0.14771652
-0.03932762
-0.041874886
-0.24523783
-0.20716095
-0.11553478
0.10945654
0.23504066
-0.60058403
-0.18254519
-0.65802526
0.60693717
0.057910442
0.0908699
-0.50795746
-0.46215153
-0.48031235
-1.2849636
-0.59097624
-0.18070745
0.12629604
0.09035683
0.40134382
0.4199767
0.08804464
0.20940828
0.35154462
0.20476723
0.19775152
-0.5346923
0.1585517
0.15606117
0.122878075
0.08587217
0.08128023
0.015812874
-0.27240324
0.17999506
-0.36567593
0.63654184
0.042437553
0.06468582
-0.061779022
-0.36374044
-0.16481638
0.036921978
0.08945131
0.011100769
-0.05145359
-0.21697521
-0.0021824837
-0.14060783
-0.21424532
0.14219952
0.1091218
-0.045531273
-0.0028276443
-0.005537033
-0.034870148
0.04929304
0.10809803
0.21647358
0.36424756
0.16379309
-0.15577412
-0.54591227
-1.2914605
-0.25087738
-0.055905342
-0.836884
0.00800705
-0.45114756
0.09548521
0.55395555
0.26600075
0.25398493
0.101700306
0.020718575
-0.039114475
0.21815157
-0.058611393
-0.13023138
-0.17581272
0.031392097
0.23934746
0.06834793
-0.06167698
-0.10533619
-0.2577672
-0.08663225
0.290874
0.08264065
0.46058273
-0.1923399
-1.3768501
-0.015835762
0.9686253
-0.5895953
0.07769871
0.04390335
0.24460459
0.068440914
-0.043037415
0.047296524
0.09766102
0.0711503
-0.20167875
-0.13639402
-0.17801762
-0.42162514
-0.28429508
0.011046886
-0.25500488
-0.110203266
-0.034259796
0.1017642
0.12905169
0.0781188
0.0034165382
0.49078655
0.3219595
-0.73645496
-1.3994894
-0.31951284
-0.23946095
-1.9225025
-0.049021244
-0.15000772
0.1507616
0.3630445
0.05131769
-0.31424284
-0.28627586
-0.054601192
-0.061141968
-0.3644476
-0.2796936
-0.2645688
-0.5418534
0.07602739
-0.3316164
-0.022388935
0.35675144
0.37666774
0.32124472
0.018185139
0.2057643
0.5240011
0.20126343
-0.81205416
-1.3577733
-0.5901451
-0.31755543
-1.1100988
0.18469334
0.25519848
0.010882854
0.087537766
-0.039382458
-0.4144535
-0.23498487
-0.15043688
-0.37091208
-0.1933732
-0.22651339
-0.4201846
-0.4031558
0.25093699
0.06553984
0.38132668
0.4063511
0.11196232
0.40814352
0.25056887
0.2983327
0.45932436
0.2910881
-0.38834143
-0.678514
-0.8057766
0.13299417
0.5379369
-0.10705423
-0.1202569
-0.47863865
-0.42866468
-0.09183836
-0.2902727
-0.36674404
-0.26923847
-0.3628316
-0.22277594
-0.3931675
0.0011963844
-0.051361084
0.6633127
0.09935427
-0.39899826
-0.1587658
-0.018552303
0.1091609
0.4641285
0.577801
0.2762642
0.31301594
-0.04347658
-0.6743021
-1.1297369
0.1379137
-0.07299948
-0.22462702
0.2575221
-0.45555162
-0.62590075
-0.27375603
-0.55005693
0.03665209
0.120530605
0.2514882
0.37298393
0.46163726
0.29395628
-0.0349679
0.70260096
-0.3221364
-0.44844913
-0.56492805
-0.0991478
0.118917465
0.20769167
0.3404882
0.5395355
0.7614553
-0.25214243
-1.1331277
-1.2132521
-0.16386652
0.26660824
-0.28903103
0.016854286
0.021280289
0.11474943
-0.095469475
-0.18139553
-0.09196758
0.08675337
0.33440685
0.25036383
0.13877058
-0.23796368
0.43306017
0.43736076
-0.5828719
-0.6628771
-0.399168
-0.22520685
-0.321342
-0.051249027
0.42815018
0.6992531
0.49518394
-0.08007431
-0.7522621
0.092849255
0.04479122
-0.5754123
-0.0020942688
0.05581951
0.016150475
0.74361396
0.37609768
0.59751725
0.24779654
0.23613262
0.11857891
0.08993101
0.16565037
0.021700382
0.3467617
0.0008111
-0.7669983
-0.4265275
-0.41817665
-0.49922705
-0.16328812
-0.0060715675
0.07325745
0.672451
0.83178663
-0.042604923
0.5252986
0.2757702
0.21783304
-0.4425149
-0.44387865
0.17112923
0.1014204
0.71659636
0.1509285
0.30978775
0.5176449
0.4887979
0.14828491
-0.276155
-0.31958103
0.24181938
0.3824234
-0.2101345
-0.4747076
-0.35744143
-0.25157022
-0.01894617
0.058068752
0.108318806
-0.2439785
0.39887452
0.72944236
0.61304164
1.0267234
0.26476812
-0.39760065
-0.12464523
-0.26576138
0.05781412
0.009170055
0.26231098
0.2551608
0.26585913
0.2664175
0.06058359
-0.11870003
-0.38891697
-0.10648584
0.41921926
0.3059454
-0.24747276
-0.48835993
-0.0016965866
-0.014992237
0.10687494
-0.04944992
0.123012066
0.04373455
0.32147074
0.26360607
0.51674914
0.33195448
0.28271818
0.10391188
-0.74030113
0.19622898
-0.5601392
-0.38825178
0.5227809
0.35256147
0.18889904
0.26072216
0.15372992
-0.09095049
-0.2086072
0.03700304
0.5144334
0.07800341
-0.35313988
-0.07239294
0.08966589
0.07011032
-0.2154336
-0.016159058
-0.2687378
0.06364298
-0.08113861
-0.014549255
0.5746939
-0.53414726
0.49593997
-0.250803
-0.71293736
-0.25446892
-0.65435934
0.1631527
0.2610941
0.31802225
0.3188553
0.22326899
0.16846943
0.17194223
-0.07185316
-0.080524445
0.074053764
0.007642269
-0.053593636
0.2628894
0.04192877
-0.060759068
-0.038544178
-0.31712055
-0.6641755
-0.1728015
0.16071272
0.0010967255
0.36551166
-0.6792793
-0.014391422
-0.4269843
0.4512136
-0.45815468
-0.35580397
-0.054694176
0.25531816
0.39471197
0.2875309
0.30919027
0.17458868
0.14342308
0.33142948
-0.2223692
-0.13556385
-0.0077729225
-0.078351974
-0.07295513
0.05594921
-0.025192738
-0.18044376
-0.07895231
0.029061794
0.1478486
-0.29303122
-0.0600996
-0.21265936
-0.80415154
-0.55787563
-0.1394844
0.9447577
0.3203497
0.16653109
0.33665943
0.7920778
0.45714402
0.36389375
0.24887371
0.48454
0.2925148
0.34648943
-0.28910398
-0.28173876
0.021727562
0.18707943
0.09320116
0.08415365
0.13285017
-0.090295315
0.19319439
0.3710742
-0.0037550926
0.29573202
-0.18316317
-0.15381193
-1.3076906
-0.73546314
-1.0110712
0.16403913
0.3186345
0.4321568
-0.05469179
0.14459085
-0.17337656
0.14746094
0.017170906
0.05116129
0.02998209
0.049660206
-0.20406628
-0.11708975
0.058519363
0.25349855
0.47899723
0.3856852
0.31022263
0.2771721
0.29726696
0.18136215
0.8323467
0.88940644
0.7054064
0.020561218
1.003752
0.3426664
-0.76630354
-0.58064795
0.1827097
0.35575938
-0.34853888
-0.347754
-0.18629074
0.17980719
0.010642052
0.17377758
0.0833416
-0.10723972
-0.26163864
-0.39754152
0.17719412
0.25978804
0.39707828
0.37224913
0.5081208
0.2995186
0.33827806
0.59867024
0.647671
0.5192518
0.50016785
0.13406849
-0.23974323
0.26792097
0.08872938
-0.02162695
0.09573698
0.9327378
0.06917429
-0.09812832
0.29637146
0.13641596
0.15164089
0.17032623
0.23605394
0.07230091
-0.038983345
-0.027819633
0.26737785
0.15850496
0.26628017
0.33128023
0.39171553
0.2795272
0.4830408
0.42170024
0.7290101
0.60932565
0.6842003
0.73515344
-1.0745459
0.0039596558
-0.09623575
-0.022177696
-0.15216875
0.37661934
-0.29500532
-0.23080826
-0.5842409
-0.5000334
-0.15936804
0.1851573
-0.011535168
0.012683868
0.391196
0.054364204
0.0459857
-0.03528452
0.14504337
0.3822539
0.30869484
0.11782217
0.06202364
0.010753632
0.6437161
0.6355555
0.5121281
1.1575425
-0.39720201
0.24142408
-0.046440125
-0.10538149
0.30829573
-0.057713985
0.641392
-0.3303933
-1.0276737
-1.3464928
-1.297884
-0.9061508
-0.21591473
-0.12802267
-0.5779319
-0.33949757
-0.11574793
-0.060403824
-0.17355919
-0.5385866
-0.484653
-0.07824612
0.2578287
0.18440247
0.047235966
0.16167116
-0.41944504
-0.2318387
-0.13131666
0.0020680428
0.0066514015
0.11183834
-0.04497814
0.16050816
0.3370328
0.11564064
0.09400797
-0.8497925
-0.8960743
-1.2821107
-1.3097878
-0.9275422
0.20069885
-1.1439505
-1.4975057
-0.9175043
-0.85492754
-1.3018317
-1.041522
-0.86148405
-0.20108652
-0.24802732
-0.1856842
-0.2852912
-0.42814827
-0.2882247
-0.07819986
-0.0077266693
0.10625076
-0.022592068
-0.16740131
0.044289112
-0.41451025
-0.49871635
-0.7722163
-0.45909357
-0.52742577
-0.88830805
-1.1946144
-0.70246696
-0.75269127
-1.0529242
-1.3469696
-0.97006273
-1.0008922
-0.71001863
-0.23606873
-1.138628
-0.330729
-0.12725353
0.2577076
-0.38779116
0.12735271
-0.09470701
-0.022873878
-0.11895418
