742
734
736
732
738
746
740
748
744
667
762
721
720
369
368
737
358
705
760
735
666
764
329
704
763
692
640
694
584
319
186
707
770
733
605
741
766
318
765
739
706
612
743
385
346
668
745
634
396
328
761
715
749
693
462
669
776
350
518
549
747
53
703
340
29
55
141
711
185
613
49
140
713
781
514
313
378
365
28
357
774
236
709
47
710
701
52
341
153
167
708
35
359
662
719
54
767
31
62
266
702
641
639
314
48
323
780
25
187
216
51
700
452
695
589
34
87
522
37
234
754
606
503
291
679
50
90
728
524
460
89
85
588
84
433
777
217
722
24
633
324
504
756
714
491
331
345
364
21
111
322
351
112
286
585
142
661
46
533
296
677
188
214
166
91
143
110
604
665
645
151
757
33
41
768
532
347
337
3
109
9
32
429
577
413
88
619
559
113
30
144
712
312
488
750
386
751
593
152
630
27
644
108
19
428
301
145
755
782
36
114
676
373
505
402
342
771
40
330
678
461
520
59
783
397
489
265
485
309
632
269
26
258
63
86
237
560
39
723
15
139
424
772
13
675
281
12
320
716
561
292
519
521
215
660
779
178
448
80
235
673
419
253
370
688
515
81
689
432
260
184
404
204
321
439
493
20
457
753
550
23
427
624
647
293
243
430
83
115
233
551
672
395
531
615
729
431
691
232
565
467
494
440
398
492
399
423
730
242
261
4
150
271
476
8
299
1
447
449
5
374
758
671
264
434
486
455
179
7
45
626
618
778
259
759
22
189
61
401
725
405
490
107
690
11
617
290
0
308
435
377
487
298
731
484
477
270
463
197
14
268
38
628
664
169
82
56
578
769
17
558
683
406
403
205
43
426
116
502
643
245
475
2
425
576
775
246
267
421
674
65
523
117
625
511
438
752
646
495
453
317
539
407
631
225
629
196
616
627
57
336
241
682
155
280
6
300
458
441
199
387
106
773
411
64
262
287
244
177
42
18
223
538
263
663
356
285
213
446
138
459
699
525
349
207
412
465
400
252
206
231
375
685
418
393
592
335
176
681
727
420
295
680
303
79
638
168
60
587
697
414
372
614
343
92
93
230
637
652
687
510
376
658
273
367
670
257
297
272
483
137
422
154
58
125
469
513
44
10
195
75
379
552
391
567
530
653
363
451
289
470
229
198
171
247
595
516
726
724
635
191
512
409
251
717
464
279
575
339
175
654
288
159
327
353
307
656
123
326
315
183
103
415
482
659
657
466
623
127
392
78
579
479
497
239
597
456
517
642
548
621
655
594
608
180
542
718
607
609
583
410
394
240
496
302
222
366
218
471
219
352
596
698
224
249
507
274
545
190
553
573
384
355
454
181
158
102
294
569
468
161
581
131
133
442
544
527
599
546
256
574
651
16
344
238
437
316
371
571
165
77
334
543
129
540
541
474
119
591
227
436
208
67
601
535
382
650
557
586
255
620
193
275
566
390
305
95
277
383
649
212
348
284
547
648
283
174
182
478
74
408
598
160
105
157
563
278
564
354
509
443
480
203
333
580
170
121
611
124
209
136
602
211
202
164
221
254
603
381
380
600
636
498
622
684
276
590
210
135
156
325
126
555
311
122
610
686
147
529
696
481
568
361
554
534
104
149
194
69
499
338
73
94
310
220
173
582
332
362
148
450
537
146
248
526
226
556
76
228
536
132
506
250
130
128
562
97
66
304
96
