312
278
464
515
107
194
435
690
685
47
764
62
91
434
367
744
715
166
63
339
746
587
222
250
460
36
684
463
405
281
50
210
551
572
342
694
543
292
495
760
510
267
291
127
738
655
487
295
666
13
48
160
739
436
692
635
3
51
317
316
364
488
465
583
680
89
322
395
233
261
314
101
608
594
532
691
579
35
540
343
522
315
661
57
234
407
23
617
266
263
762
433
204
237
264
128
748
54
321
60
453
459
161
290
27
620
580
218
153
93
268
20
154
758
112
602
550
365
230
687
482
100
214
657
386
667
181
188
319
183
121
115
285
77
129
520
122
672
206
683
523
157
604
404
492
508
236
2
187
287
260
607
603
239
560
776
549
763
235
630
152
19
663
656
241
303
714
179
509
598
348
344
378
280
240
180
124
86
577
377
742
159
350
145
356
524
8
185
205
323
182
660
151
131
745
208
126
5
294
141
601
662
155
212
345
431
177
130
184
207
189
700
727
382
178
552
542
481
186
53
644
286
231
341
21
262
4
10
658
622
466
664
213
755
302
349
403
252
209
374
354
626
693
452
340
211
18
600
385
756
578
258
289
772
521
17
24
242
629
570
245
588
300
195
634
640
148
253
232
507
605
383
271
554
659
167
111
519
451
493
544
632
759
623
64
479
512
432
500
259
31
147
461
627
26
430
375
456
491
326
480
196
7
174
318
70
368
571
83
528
612
752
462
301
633
616
628
353
158
557
132
351
458
494
437
606
313
555
269
384
376
288
539
379
457
665
409
599
229
347
175
324
352
225
120
631
527
545
296
325
486
202
725
332
541
15
408
381
14
455
139
380
346
255
774
146
737
514
513
454
327
483
511
298
411
387
770
355
114
516
297
331
410
81
518
695
771
775
735
69
357
621
484
502
485
448
490
308
299
584
390
257
489
388
517
80
67
329
734
199
170
144
171
751
736
328
142
254
65
503
330
68
200
501
361
228
358
66
359
391
417
447
531
559
530
419
198
389
226
475
697
586
360
558
418
