96
117
283
743
770
165
731
705
742
646
125
116
456
335
94
484
74
443
679
704
145
771
123
362
184
525
544
89
210
552
152
677
741
320
774
75
124
95
193
251
363
42
118
702
483
482
678
321
460
612
153
517
675
747
388
523
749
490
350
718
267
239
733
576
212
409
714
256
578
748
181
624
386
137
655
282
719
708
436
122
652
333
550
656
311
223
511
601
434
641
530
713
408
346
533
497
575
594
226
126
717
639
43
172
495
461
586
524
696
740
71
183
471
610
510
685
1
322
433
62
603
667
345
186
0
77
213
522
334
294
435
180
580
745
455
138
500
107
56
503
343
192
188
418
462
310
209
410
668
726
459
347
712
224
739
680
579
659
163
144
676
613
185
238
348
518
14
241
457
446
349
450
707
425
617
97
225
629
504
79
214
549
545
121
684
577
744
63
319
246
98
730
724
146
217
293
266
7
82
769
584
699
686
259
151
602
415
449
711
65
767
407
344
240
279
28
164
492
87
627
54
600
108
93
113
558
683
255
373
211
307
720
444
222
220
248
428
723
147
31
37
158
625
581
187
527
23
297
746
198
86
752
574
374
284
700
416
543
757
422
609
650
735
242
689
81
361
208
440
295
427
640
695
582
553
701
403
758
29
653
160
662
643
464
502
9
131
628
109
421
566
649
716
728
674
69
432
519
729
595
441
458
722
159
467
253
234
357
548
753
775
412
237
390
501
376
173
783
370
560
692
657
72
45
420
521
52
387
481
520
779
70
615
475
177
383
715
539
114
630
174
99
156
5
100
34
688
585
470
393
636
33
57
182
372
84
268
754
12
587
633
660
230
265
592
206
51
532
32
736
17
534
355
3
623
327
776
61
190
593
494
215
252
201
50
507
727
236
271
235
103
27
439
112
129
555
55
207
781
672
663
231
658
573
352
202
562
608
199
22
402
26
469
430
176
669
16
476
157
364
189
336
506
431
426
681
326
547
149
375
140
323
564
536
356
162
661
351
269
24
596
325
250
274
438
25
604
332
404
442
304
229
413
115
15
698
270
200
368
414
392
478
635
631
369
632
6
216
651
606
353
568
424
528
611
382
384
693
673
759
498
141
308
397
53
782
664
622
303
607
196
645
85
243
491
599
448
493
365
477
64
337
538
128
168
194
780
260
385
76
621
244
280
80
2
764
328
614
169
299
634
49
571
445
468
565
342
379
354
102
58
734
765
35
721
572
396
371
272
60
127
296
463
298
381
526
204
644
772
331
254
40
36
261
760
756
401
411
264
233
166
358
589
453
20
687
132
638
318
447
546
551
541
148
179
203
773
275
557
671
694
598
4
567
134
377
170
626
78
278
570
466
41
245
556
8
276
509
10
119
302
489
262
258
155
