590
474
197
446
171
418
670
618
114
646
96
531
362
390
143
477
557
115
473
283
505
696
447
449
676
450
89
529
708
169
311
589
705
144
563
391
117
170
472
558
361
702
647
118
591
256
95
475
648
80
706
363
335
726
92
507
72
421
44
222
81
306
559
199
535
678
228
91
707
74
451
145
698
566
94
675
388
389
251
130
109
254
221
506
744
282
460
556
142
745
697
138
333
305
255
693
564
125
86
43
525
583
177
93
334
471
651
502
710
90
528
137
123
76
127
461
779
97
120
124
100
174
99
198
122
98
619
119
156
126
71
478
580
614
259
249
113
194
607
567
200
226
165
709
610
243
668
448
689
162
748
569
568
767
128
523
462
65
741
617
653
201
611
746
223
724
193
279
307
662
176
578
425
679
682
172
202
747
588
655
479
147
738
299
728
151
186
503
470
393
108
14
753
274
681
733
250
225
495
216
742
354
554
16
650
410
592
594
749
683
743
501
663
184
467
444
581
439
400
649
246
553
654
430
297
499
766
704
536
452
298
381
131
278
442
669
240
673
509
56
402
570
231
73
350
555
234
671
155
571
152
636
441
380
735
230
758
352
104
737
443
121
497
498
158
25
757
469
652
327
347
419
620
272
582
403
211
328
375
717
730
70
204
552
325
374
242
257
623
320
321
616
261
579
396
159
782
75
294
163
153
739
624
82
601
195
302
527
399
657
146
346
760
667
783
627
765
229
595
526
440
22
429
1
141
270
300
718
680
537
26
188
700
677
55
192
493
695
173
31
458
183
508
244
293
203
521
584
4
160
424
384
206
326
301
605
701
30
457
235
382
539
596
547
29
603
207
524
438
351
635
491
630
236
79
84
684
658
573
437
768
52
519
656
645
24
324
632
715
719
401
621
379
15
759
102
180
494
213
480
550
688
42
464
597
575
426
633
8
233
7
260
182
538
417
237
625
492
660
565
409
378
149
639
64
266
205
413
687
574
238
631
600
101
463
754
520
17
148
323
606
602
674
626
771
510
5
622
227
411
642
466
777
775
772
770
541
522
716
720
18
154
258
711
459
67
412
414
432
672
476
54
560
373
310
599
349
0
433
150
598
385
28
330
545
781
132
85
217
468
277
181
408
129
271
10
215
415
551
190
546
20
548
19
164
208
6
189
740
178
57
729
576
377
577
286
629
239
53
23
264
212
11
637
134
422
736
714
348
562
312
644
752
3
434
140
2
376
628
355
83
731
489
232
353
262
175
542
253
329
356
490
734
530
383
488
340
686
586
331
454
