-0.056733847
-0.16511202
0.057471037
0.12590003
-0.1676352
0.06385136
-0.0238266
-0.07619238
0.10379815
0.1396501
0.07452941
0.049000263
0.068008184
0.4629755
-0.13704967
0.04682684
-0.19432521
0.10120773
0.11851311
0.14633417
-0.030289412
0.1507175
-0.011879206
0.15794134
-0.000500679
-0.025758266
-0.05776429
0.049583435
0.007778883
0.038700342
-0.0054545403
-0.12385416
0.033903122
0.0016965866
0.4442668
0.6800578
0.33008528
0.16227698
0.5703535
0.07715154
-0.11157751
0.1635611
-0.30304193
-0.9736972
-1.3995705
-0.24310732
0.49964786
0.5553217
0.6320076
0.2241106
0.33394098
0.10466695
0.0017044544
0.10028434
-0.05760765
-0.045390368
-0.28044057
0.025580645
0.07549548
0.3147955
0.28531408
0.21166563
0.6450939
0.5232973
-0.23712206
-0.14779806
0.3877797
-0.054968357
0.33455968
0.3318994
0.15309119
-0.38146544
-0.63991284
-0.009068012
-0.6853781
-0.23639226
-0.34908104
0.12117243
0.20625615
-0.34851384
-0.606874
-0.647398
-0.10196257
0.22865272
-0.07158661
-0.054040432
-0.5171447
0.18409944
0.13524747
-1.2695444
-0.9055183
-0.98972297
-1.2120583
-0.70308733
-0.9069643
-1.0458841
-1.72205
-0.6054814
-0.38183236
-0.3091328
-0.1946249
0.04406476
0.16763186
0.41282296
-0.35092092
0.10077524
0.28755283
0.8642394
-0.3913355
-0.5738661
0.3903191
0.17616415
0.1352148
-0.33399725
-1.3639634
-1.2478158
-0.04745269
-0.9650934
-0.8616636
-0.45869112
-0.50740886
-0.36749935
-0.38028193
-0.81028223
-0.45576906
-0.46671247
-0.34099793
-0.4211874
-0.18406796
0.19538975
-0.59673786
-0.04706025
0.3278141
0.3488233
0.07802725
0.6915181
0.048306942
-0.7554965
-0.6593921
0.25974202
-0.0036218166
-0.117127895
-0.4488318
-1.2077241
-0.945364
-0.8138821
-0.18613625
-0.2565992
-0.26076508
-0.27067518
-0.39226675
-0.5040462
-0.35705924
-0.38223505
-0.08504772
-0.018555164
0.09173632
0.18674517
0.020580769
0.15941834
0.0945313
0.28017163
-0.18909883
0.08255601
0.3161316
-0.4841094
0.38951945
0.6141143
0.0019919872
-1.0570986
-0.5845392
-1.5267303
-0.373255
-0.2327888
-0.445539
0.20791149
-0.36709428
-0.4928398
-0.3213551
-0.36473417
-0.21730566
-0.5622728
-0.21287322
0.13910103
0.3664472
0.0060129166
-0.17531013
0.22105145
0.0075581074
0.019500494
0.012806654
0.21926022
0.015571356
-0.5234711
-0.18380284
0.15683055
0.24081302
-1.8117039
-0.035244703
-0.5949347
-0.17069459
-0.28364658
-0.18738008
0.0782249
-0.08495045
0.17725992
0.1065464
-0.04933095
-0.32406044
-0.19617105
0.38981724
-0.042838097
0.24879122
0.10626364
-0.0072495937
-0.10165262
0.051923275
-0.060388327
-0.3179226
-0.20824766
0.19045925
-0.97738624
-0.61210704
-0.33158898
0.11699247
-0.2459774
0.14619756
-0.09200454
-0.5699413
-0.10077286
-0.27879786
-0.1586392
0.12154579
0.16801643
-0.108192205
-0.007686138
-0.051870823
0.15887189
0.16527152
0.37206864
0.18485737
0.26651597
-0.0025782585
0.17347646
-0.0017621517
0.374115
-0.05402422
0.13964224
-0.094849825
-0.60203385
-0.05480814
-1.0035782
0.054730177
-0.04811907
-0.2696514
-0.89586353
-0.99476385
-0.030750513
0.080788374
-0.13821363
0.1428523
0.05061388
0.14792752
0.22454739
-0.047243595
-0.12291169
0.29297543
0.42731714
0.34724832
0.00059843063
-0.016394377
0.15018368
-0.029459715
0.21900702
-0.078359365
0.12611032
0.37034464
-0.47825432
-0.47097588
-0.67913055
0.12584233
0.12332964
-0.7907548
-1.5532861
-0.38541222
-0.06679821
-0.15291691
0.1786952
0.108857155
0.33585143
0.286278
0.31856108
-0.24320078
0.004482031
0.1401918
0.041247845
-0.16516757
0.037572384
0.008337736
0.051309586
-0.08909011
0.011287212
0.01457715
-0.060966253
0.20983076
-1.1037505
-1.5134375
-0.54985833
0.48219705
0.08230686
-0.43211865
-1.1771185
-0.39126492
0.17633033
0.08167958
0.30611634
0.36311507
0.5296912
0.3369186
-0.099968195
0.013781071
0.0028164387
0.25362444
0.027558565
0.20691466
0.0065920353
-0.046287775
0.027404547
-0.047840595
0.104062796
0.045503378
0.06278539
0.1143775
-0.9485996
-1.624697
-1.3894339
0.36207843
0.06988263
0.08156967
-0.13434386
-0.27552462
0.24372005
0.36132836
-0.018705845
0.04086423
-0.1537273
-0.3438716
-0.12813783
-0.042926073
-0.09446764
0.34542704
-0.12335682
-0.0326643
0.047489166
-0.14414
0.24872541
-0.0129516125
0.6163111
0.666347
0.92587787
0.8306872
-0.69184613
-1.7524779
-1.061033
0.14245152
0.5602064
0.19748926
-0.28695107
0.36055303
0.1579938
-0.04943061
-0.03447604
0.048441887
-0.063109875
-0.12173033
0.16685677
-0.014613628
0.1790247
0.11868429
-0.24342155
-0.019656181
-0.015292883
-0.007118225
0.30847526
0.23061132
0.06421375
0.560596
0.5861325
-0.5557382
-0.22953415
-1.1966014
-0.75092506
0.32403493
-0.10158253
0.44938254
0.28925586
-0.15692592
0.20876932
0.12928247
-0.17984056
-0.2538314
0.008435249
0.11776209
0.42126918
-0.095422745
-0.005865574
0.03085661
-0.042653084
-0.17481256
-0.13708162
0.029111147
-0.008205652
0.076170206
-0.0919075
-0.038713694
-0.3709283
-0.16988516
0.3102312
-1.2913561
0.0025908947
0.39029813
-0.7932277
0.27596402
0.43387485
-0.118106365
-0.37003207
0.21897388
0.50793123
0.40323472
0.17359233
0.19695759
0.10311699
-0.009348631
0.038348198
0.00019979477
-0.0052473545
0.0016112328
-0.2631302
0.0665257
0.13516808
-0.26899076
-0.31569338
-0.05048728
-0.5967338
-0.5711026
0.20660424
-1.8145943
-0.7414539
-0.19890904
-1.2968867
-0.90515184
-0.5100758
-0.2884407
0.004019022
0.25049782
0.54853797
0.5354562
0.25478625
0.104524136
0.23728943
-0.33450818
-0.06333208
0.10838127
0.22725153
-0.1520412
-0.0021340847
-0.008405209
0.19685388
0.0035426617
-0.07071328
-0.25139046
-0.5646715
-1.1118248
-1.1179466
-2.218157
-0.40732002
0.095145226
-1.3933856
-0.11065793
-0.4022715
-0.064118385
0.101980925
0.09299755
0.30785728
0.4065566
0.40465808
0.39259005
0.3548677
0.1813426
0.3000505
-0.49042177
-0.33964014
-0.2582953
-0.035809994
-0.08901262
-0.09599042
0.2878027
-0.17266297
-0.18671918
-0.35020542
0.17807698
-0.07013273
-0.4821658
-0.6212754
-0.012057304
-1.2020841
-0.45101142
-0.4857099
-0.013889313
0.07176757
0.13434124
0.41628075
0.19598126
0.32697153
0.23547411
0.29358506
0.05659485
-1.1074634
-0.6036053
-0.23996115
-0.08539176
-0.01488781
-0.0057606697
-0.15459108
0.035690546
-0.48004174
-0.17379498
0.02047658
-0.25357008
-0.9848075
0.1128149
-1.0514894
0.07827854
-0.03781271
0.41227317
-0.7651582
-0.015259266
-0.26059818
0.06208396
0.110996485
-0.010534763
0.08297944
-0.087295055
-0.289886
-0.601984
-0.26301742
-0.2623291
-0.031357765
0.13686657
-0.0027368069
0.0974524
0.1816535
-0.1429739
-0.043337107
-0.20703983
-0.0060350895
-0.5878699
-0.96680355
-0.6119263
-0.39060402
0.022771597
-0.26734138
0.19284487
-0.91726136
0.33738995
0.072422266
0.15520644
0.26595402
0.53888035
0.5156913
0.35066032
0.24819708
0.052861452
0.04330325
-0.005002022
0.09283161
0.114011765
0.13858485
-0.09198475
0.09074879
-0.32271338
-0.13451028
-0.38074636
-0.53570795
-0.018528223
-0.22559047
0.36464453
0.23449206
-0.2337377
-1.0165069
-2.2273734
-0.88271475
0.061994076
-0.23327851
0.33273387
0.20736575
0.086624384
0.16842985
0.05156684
-0.013982296
-0.08807635
0.010813713
0.0034534931
0.030798197
-0.024918318
0.18485975
0.03302431
-0.2919984
0.13900876
0.12341356
-0.39502048
-0.2643621
-0.067661524
-0.15977383
-0.60110116
0.2079761
0.04734969
-0.18500447
-1.4410129
-0.6604574
-0.09503198
-0.031634808
0.0036342144
-0.027816057
-0.08023286
-0.086988926
0.011095762
-0.21889019
0.0531137
0.0005264282
0.12838912
-0.055404663
0.04978633
-0.07984209
0.17476106
0.09493995
-0.05994606
0.42858863
0.105247974
-0.19968748
-0.07911062
-0.55232286
-0.81080365
0.32163167
0.08586621
-0.088140726
-1.3846741
-1.2903402
-0.94478965
-0.4280126
-0.5816717
-0.56066775
-0.32795691
-0.44583082
-0.47066736
-0.4959178
-0.09564495
-0.14681816
-0.100754976
-0.29940867
0.03139329
0.0101566315
-0.12764168
0.035976887
0.24314713
0.47897553
-0.03150654
-0.23236132
-0.7604568
-0.6916776
-1.9389405
-0.12900567
0.0017485619
-0.1587286
-0.35684657
-1.2876422
-1.4035158
-0.5599592
-0.75171304
-0.47850466
-0.11442304
-0.1823976
-0.3530209
-0.071335554
-0.27500272
-0.4175086
-0.26215267
-0.038074255
-0.099927664
-0.4810865
0.18249989
0.34864855
0.1394701
-0.49710584
0.08579397
-0.08552575
-1.3772867
-0.10449076
-0.39449286
0.17910695
-0.18254209
-0.1675129
-0.6357956
0.92349154
-0.5297651
-1.3894506
-0.87386465
-0.9685247
-1.2667918
-0.78650284
-0.5648382
-0.28127646
-0.7163677
-0.37557936
-0.2814746
0.012130737
-0.25813246
-0.46848392
-0.5569415
-0.6370475
-0.22577357
0.120543
-0.0861752
-0.050005913
-1.3357496
0.64929295
-0.46685123
0.123669624
-0.16466689
0.024055481
-0.13362265
-0.35411954
0.54715705
-0.44309998
0.1808331
-0.16982126
0.07839084
-0.21480536
-0.45230103
-0.26959538
-0.39602542
-0.7867656
-0.6010077
-0.94328547
-1.0015998
-0.86496687
-0.7724111
-0.75284576
-0.5050168
-0.40569353
-0.19276857
0.380445
-0.4374237
-0.45697784
-0.1178484
0.20905948
0.23552155
-0.012053013
-0.107519865
0.10185456
-0.08932853
-0.08373237
0.12612009
0.11095023
-0.3011837
-0.274729
-0.66149807
-0.66612697
-0.45217872
-0.4560225
-0.55162716
-0.44322348
0.023452282
0.14091158
0.8192641
-0.0016729832
0.087213755
-0.114182234
-0.25331807
-0.39569807
0.1271267
0.059383154
-0.19451618
0.02202344
