653
659
691
654
271
272
685
692
660
686
817
816
652
598
469
785
784
786
457
489
490
787
458
623
439
783
437
616
743
240
273
631
491
648
179
617
345
313
569
630
403
505
239
207
434
710
585
470
599
471
376
566
621
711
537
488
724
456
815
459
756
538
818
402
690
620
436
655
327
723
788
424
782
487
755
761
238
473
881
592
407
264
281
326
440
819
678
729
619
622
520
506
438
304
344
212
359
435
523
635
404
522
455
849
175
208
551
742
754
696
975
358
661
202
885
570
684
565
201
263
646
392
518
645
233
468
180
294
493
583
629
550
552
303
797
232
842
886
408
658
1010
171
618
305
206
584
877
722
4
492
663
698
677
269
977
312
200
680
882
465
391
181
510
843
270
813
699
971
856
235
825
822
927
199
521
502
733
679
230
511
789
234
360
928
632
845
790
848
29
186
591
875
204
425
1007
946
466
697
154
852
840
82
249
624
876
262
390
433
2
826
167
27
213
941
669
872
188
100
323
921
1002
77
940
302
820
142
514
215
774
844
809
546
143
841
637
601
870
210
0
194
348
765
1018
169
214
850
702
728
481
586
914
918
1009
793
328
766
152
712
197
218
649
932
991
899
196
838
384
873
176
611
900
571
978
925
480
960
907
244
322
110
839
423
959
901
908
992
951
73
485
44
61
209
211
83
986
128
130
254
153
972
664
486
830
803
47
513
1023
904
225
1006
976
770
675
501
354
642
166
375
91
896
962
961
780
291
198
182
740
798
939
3
155
93
701
609
317
59
148
124
674
600
86
131
48
192
577
43
831
871
252
983
519
732
524
224
365
97
121
472
534
226
52
893
28
667
985
111
479
945
371
49
151
707
1003
482
933
647
35
168
957
149
835
187
183
231
919
11
1019
651
109
990
541
891
874
917
10
670
837
902
578
174
41
265
203
829
30
994
958
1011
869
318
834
261
60
449
802
76
794
382
949
859
54
170
25
673
567
909
146
895
760
412
454
771
99
5
517
92
773
855
804
926
87
887
970
414
806
256
227
398
737
50
79
185
545
122
950
801
19
325
251
639
253
672
447
915
987
916
888
739
223
533
416
350
478
508
255
858
159
21
922
700
381
894
136
250
353
581
597
163
938
164
355
8
1
812
641
9
415
582
386
906
451
296
1016
53
644
114
757
217
94
288
460
988
515
772
349
828
90
125
544
219
72
55
133
287
282
706
257
117
920
576
547
36
106
606
7
286
903
931
964
610
104
862
969
955
32
285
162
290
119
116
108
1017
676
984
864
26
948
320
982
930
861
132
413
89
101
417
195
20
51
316
15
643
410
638
85
147
40
963
579
981
763
113
222
293
397
512
604
284
968
95
229
937
380
857
989
736
953
150
387
923
767
995
542
934
366
383
614
665
668
141
74
165
78
450
158
954
867
352
205
735
704
799
536
1008
738
127
33
258
245
75
734
62
156
105
64
184
66
805
118
295
943
474
947
703
292
45
687
379
193
973
898
796
913
929
640
892
123
88
543
126
935
221
484
833
42
979
237
71
814
6
965
319
1001
671
120
884
769
297
377
708
1020
615
568
81
966
993
811
314
878
138
421
980
539
744
836
446
84
1022
868
419
216
936
832
605
248
103
283
56
241
575
70
1015
14
315
190
573
135
236
851
266
666
924
189
31
46
483
157
890
777
67
356
1012
22
57
853
115
905
795
792
418
781
764
65
1000
259
997
705
810
80
768
999
191
866
38
137
63
23
324
385
12
741
880
854
944
220
442
321
846
34
427
613
865
24
560
139
1021
897
173
444
775
860
731
827
974
102
347
68
574
178
69
134
388
762
823
140
549
39
96
863
996
98
289
967
636
791
808
268
228
889
37
693
426
821
998
17
608
607
572
800
351
58
1004
448
16
129
1013
942
445
260
452
243
311
1014
18
300
807
301
343
422
467
634
378
910
274
389
952
509
276
1005
277
399
107
453
443
718
709
477
476
956
280
441
602
633
396
246
824
145
662
713
657
428
745
172
112
160
338
883
776
580
13
346
627
730
516
548
177
540
504
555
161
420
372
409
847
758
306
753
612
242
357
626
751
525
912
681
879
370
603
267
553
411
779
278
656
717
625
401
587
695
507
750
310
405
299
554
475
247
727
144
393
333
367
759
329
650
334
335
778
309
752
279
911
725
749
526
361
406
337
275
628
497
369
432
298
336
339
535
683
