393
136
747
743
420
105
717
106
719
99
706
708
753
312
113
47
122
613
712
484
679
676
363
768
444
738
713
678
36
137
48
102
746
767
91
284
739
117
357
764
766
195
744
63
100
123
247
293
499
710
718
416
512
635
327
406
636
145
456
77
103
35
638
165
69
703
650
507
599
191
760
160
462
641
190
569
133
773
461
164
329
161
779
497
715
690
745
173
548
609
86
567
575
337
716
689
163
115
131
275
79
220
711
232
355
583
279
101
217
701
762
704
270
125
783
89
434
742
574
645
237
772
156
216
547
426
607
581
637
211
573
288
411
225
663
598
186
593
273
412
52
61
215
385
508
287
307
552
546
602
343
595
526
348
233
246
40
274
782
534
691
60
601
253
379
157
266
320
209
149
692
749
187
671
626
579
634
525
590
281
414
33
451
440
27
382
30
661
564
129
28
660
1
365
265
680
354
658
763
114
184
342
207
54
262
9
116
19
428
686
124
438
244
283
188
44
319
780
259
238
496
520
345
685
611
729
540
521
241
185
748
20
458
728
427
317
491
2
750
206
730
560
178
662
153
168
218
177
310
179
476
629
347
407
494
374
408
344
56
492
315
183
39
5
16
351
314
367
375
272
628
537
289
554
383
424
457
292
32
684
154
657
633
6
182
234
381
673
699
208
17
721
152
147
172
624
775
522
429
236
413
524
0
539
384
576
667
204
85
25
29
693
519
469
84
352
727
714
737
630
493
777
487
240
10
55
400
167
732
627
463
755
373
435
644
445
510
239
394
467
22
245
623
402
235
681
720
625
176
11
632
651
423
490
214
683
664
280
468
155
180
740
24
318
655
677
441
565
264
369
399
256
380
341
759
53
134
615
659
731
652
398
597
702
668
4
409
212
26
231
227
313
151
656
549
523
286
442
453
353
735
511
466
203
395
210
316
643
260
189
372
489
415
18
770
756
401
83
290
146
464
340
509
31
606
666
269
550
243
111
135
778
430
298
465
252
725
258
326
139
324
665
255
485
325
346
478
7
603
653
229
403
339
545
196
301
682
518
654
14
482
541
488
527
495
486
776
386
543
568
694
771
132
303
268
397
483
66
437
736
696
425
455
584
500
452
302
577
148
174
542
366
175
578
15
705
68
504
332
596
481
285
631
81
517
561
506
202
309
774
529
695
65
513
448
199
454
170
533
562
338
752
640
544
296
59
171
515
336
612
297
516
614
331
514
308
254
282
502
387
257
200
733
586
388
361
368
228
80
531
530
751
226
734
417
358
198
501
474
391
447
419
389
330
359
558
503
475
697
360
446
418
