492
491
523
460
493
555
524
588
723
598
722
556
754
587
597
459
630
461
755
631
724
490
691
522
596
599
692
554
557
663
753
589
586
620
494
756
559
786
721
525
619
565
595
566
662
458
1018
655
623
428
785
664
527
376
971
985
787
696
624
629
526
725
564
752
592
585
617
1019
986
843
656
591
949
344
560
970
489
618
771
877
272
862
343
567
632
793
600
179
948
495
690
553
728
558
502
180
939
757
992
739
998
993
305
695
837
784
521
278
680
876
789
861
920
987
534
977
761
240
312
955
770
805
584
743
304
528
208
181
966
978
281
616
835
842
377
938
830
817
894
