564
563
595
562
596
565
594
589
532
566
527
531
522
533
530
588
597
561
521
399
523
553
556
534
491
367
557
362
490
554
460
555
535
529
567
528
459
526
593
495
494
368
210
458
1000
492
661
427
363
688
758
361
552
209
999
331
520
585
746
376
366
335
847
720
721
558
759
598
727
879
693
849
461
848
540
330
745
689
395
719
878
584
400
489
408
977
713
997
500
812
508
208
819
242
789
779
428
1020
493
633
329
572
1021
944
614
310
568
880
332
177
726
690
343
818
216
501
998
1009
893
862
409
881
560
750
1019
145
499
1010
278
524
412
846
119
375
87
114
778
780
183
146
337
665
441
336
344
945
176
502
342
903
696
747
996
200
811
507
81
817
895
228
503
781
144
695
571
783
966
249
559
241
664
844
582
978
604
935
280
217
311
920
304
1001
714
388
851
537
861
850
347
118
476
976
394
377
814
420
298
150
191
628
152
504
989
581
749
816
741
632
1023
943
892
151
1011
946
277
106
612
788
843
1004
626
548
389
472
93
165
863
845
894
189
798
942
921
947
260
98
836
474
120
744
86
610
739
1003
860
913
536
603
509
155
275
569
752
986
877
802
835
987
1022
516
1012
357
56
113
923
88
477
309
50
740
539
607
911
250
988
299
616
777
134
808
813
80
575
315
910
636
873
954
215
699
105
273
448
104
995
356
55
875
674
748
952
345
444
231
701
218
92
262
669
646
258
601
22
178
882
107
834
828
360
600
279
735
992
608
223
888
171
488
54
993
82
102
197
259
1013
95
97
609
906
842
248
312
677
385
74
475
285
874
201
948
868
170
1002
287
738
681
230
263
963
1006
66
901
276
782
78
953
407
473
970
322
100
42
897
770
64
599
803
969
90
314
417
613
257
182
864
318
175
967
445
442
103
326
805
156
354
422
164
157
712
49
116
820
29
392
1
254
325
358
96
706
810
240
832
386
1014
443
951
480
961
547
580
70
765
274
807
784
915
1017
804
994
615
955
757
69
75
884
764
221
294
2
355
447
190
31
23
925
766
772
883
1018
577
281
89
841
62
68
815
243
384
962
985
640
136
18
132
319
143
771
129
73
914
10
48
352
282
1005
824
32
99
65
703
321
202
115
865
694
108
938
316
889
37
918
1008
733
17
546
188
708
896
284
34
440
416
639
578
9
198
195
737
657
112
236
5
110
827
0
125
742
576
36
898
334
419
833
736
979
3
251
769
960
573
909
30
94
902
452
128
289
642
196
449
24
929
71
193
101
866
67
76
267
272
912
751
35
353
158
61
379
169
768
732
141
867
211
374
174
454
166
968
630
53
317
38
418
753
905
91
482
292
28
41
124
46
239
247
707
235
194
800
498
222
51
185
512
916
364
255
705
127
514
149
391
965
179
638
545
541
286
187
411
111
605
602
63
138
27
33
787
220
140
637
58
44
767
133
45
14
147
413
410
16
801
15
60
644
980
786
11
246
77
79
154
709
734
295
57
232
324
130
513
43
675
936
645
320
583
671
728
919
773
871
207
544
8
313
153
455
641
142
26
890
854
39
380
931
266
6
25
627
390
359
934
7
887
186
351
293
453
837
855
47
291
917
328
290
72
123
549
774
907
350
486
928
517
574
629
225
160
678
206
349
288
797
891
346
876
224
283
4
12
227
974
579
809
587
19
957
762
234
184
450
421
226
59
121
229
21
672
956
715
483
382
710
109
451
161
964
484
40
680
387
122
611
606
162
13
668
775
859
323
673
135
253
776
83
252
296
790
481
635
117
511
163
203
785
52
333
126
870
85
984
939
137
796
297
308
139
393
268
261
930
922
172
643
570
676
924
958
869
704
131
348
856
839
238
219
631
840
730
904
795
763
414
792
799
415
551
237
20
381
518
303
933
205
731
479
700
270
852
167
1016
148
204
829
900
341
506
84
949
975
159
327
679
838
423
899
743
853
515
168
761
806
214
485
525
830
192
973
971
647
510
990
256
244
662
858
245
831
496
634
821
383
542
926
940
702
550
305
269
505
826
543
908
300
199
538
729
625
181
941
519
885
658
265
981
937
378
264
307
1007
424
697
927
586
233
793
983
932
478
271
698
692
667
663
446
716
972
950
823
886
306
648
670
711
857
1015
791
666
754
301
760
991
487
682
180
431
822
398
456
872
173
617
794
725
439
426
213
722
212
471
982
649
825
959
756
457
302
396
497
621
462
338
718
425
373
691
432
340
406
755
339
620
717
724
470
660
463
659
590
365
369
429
723
683
438
464
687
656
469
467
468
466
650
397
592
618
430
372
465
684
405
437
435
370
619
434
401
433
624
686
436
651
371
591
404
652
655
685
403
402
653
622
654
623
