869
718
560
21
54
287
638
925
707
963
204
164
663
609
855
903
91
202
284
249
771
891
97
318
214
887
218
810
737
987
673
670
230
982
302
30
793
350
641
906
802
78
223
392
155
222
876
844
301
1019
288
328
781
930
360
386
739
41
211
379
294
208
812
339
412
50
647
915
354
263
763
672
478
113
20
541
922
728
45
245
26
931
450
970
666
651
122
15
416
909
875
508
610
1
25
465
375
408
504
757
198
553
862
571
159
415
232
410
106
421
668
988
257
984
185
162
794
227
948
297
935
187
94
197
49
55
259
413
604
704
387
636
945
306
700
296
90
7
679
544
773
316
828
75
42
955
938
1023
1008
8
864
823
947
205
447
665
898
170
712
325
74
454
443
736
566
919
484
578
547
378
138
969
452
649
820
731
849
127
103
577
804
158
515
383
446
708
968
882
512
203
300
105
966
924
352
923
266
859
380
914
137
53
854
965
861
954
796
353
419
89
795
333
539
878
425
643
937
442
567
769
193
1011
268
1017
853
474
286
517
219
929
995
990
123
411
894
347
738
14
262
545
814
277
837
237
920
892
858
251
258
943
964
292
980
542
231
246
884
320
147
68
217
764
79
973
69
156
176
587
276
174
274
706
324
209
389
118
6
934
311
762
150
806
629
48
141
261
936
243
248
377
12
483
634
236
730
979
554
605
1020
356
744
165
572
88
81
543
848
229
418
777
346
417
280
476
721
640
453
293
139
241
444
502
115
750
579
282
967
314
1001
357
910
95
760
749
874
120
70
250
705
974
709
315
717
615
96
603
768
125
999
576
827
888
32
867
751
62
1016
397
190
283
735
40
613
46
799
808
135
126
890
833
792
942
295
989
58
507
134
321
811
540
850
388
220
64
681
343
821
278
602
57
860
385
140
805
475
80
71
195
548
832
741
734
102
993
956
228
56
441
37
184
247
9
944
614
688
422
953
289
178
319
107
713
189
216
857
426
119
279
997
1021
582
13
22
905
716
84
715
172
38
173
846
145
573
693
267
633
824
65
996
650
767
775
501
851
913
242
409
516
33
448
16
807
703
748
1000
428
160
565
998
581
112
406
549
776
221
24
836
66
509
627
503
863
177
1012
880
912
745
683
67
555
1004
275
791
682
866
612
39
157
420
897
445
23
580
477
534
405
868
883
597
144
260
608
427
628
63
18
299
191
17
393
800
98
625
671
865
161
535
310
879
34
779
689
340
574
725
607
758
1013
309
129
911
588
1005
1022
533
847
719
461
307
575
351
361
31
332
714
778
1014
1015
329
308
331
662
747
431
695
298
626
889
525
363
746
362
720
364
373
429
396
394
498
374
952
559
330
499
341
342
727
596
759
556
726
395
464
500
528
589
694
497
590
430
564
593
527
526
595
557
496
529
494
561
532
530
594
531
563
558
495
463
562
462
