394
482
481
533
708
745
136
770
705
420
742
744
707
454
771
106
135
107
767
746
768
105
740
738
706
743
741
766
285
737
395
247
392
702
735
739
736
288
103
509
696
709
534
289
387
386
453
287
479
731
712
695
104
525
748
747
537
281
423
508
317
772
480
365
752
710
252
263
276
416
765
367
110
358
359
133
191
417
460
452
714
224
219
618
619
88
368
749
670
676
565
167
291
504
218
462
40
424
304
724
554
337
733
101
41
718
338
698
286
309
161
292
612
400
419
461
726
620
339
273
678
59
220
192
366
290
371
444
357
308
39
679
102
166
275
523
38
297
510
397
536
677
585
621
627
47
682
369
375
713
719
302
624
720
205
9
63
13
330
711
646
134
258
37
329
280
53
684
318
468
717
264
685
324
111
48
83
173
315
522
500
62
23
11
469
414
301
46
271
372
753
626
693
19
35
415
18
552
195
647
343
524
769
455
648
562
399
605
700
683
622
704
203
478
615
538
139
140
730
432
540
30
459
78
422
651
272
190
681
625
314
667
613
526
652
32
654
653
546
680
248
734
204
451
553
655
617
758
458
175
442
196
623
689
426
316
73
675
49
300
137
498
17
257
21
340
60
649
3
10
757
549
274
164
560
404
550
657
298
112
656
232
168
270
716
616
245
495
728
650
77
431
764
36
45
66
383
668
403
659
201
284
370
6
701
50
61
58
20
476
262
671
491
606
206
593
645
25
85
759
662
631
157
439
68
33
5
355
311
608
551
233
2
629
697
663
132
673
539
630
129
8
644
660
561
117
658
783
686
34
163
636
672
577
604
261
12
572
437
640
782
642
587
639
57
464
760
548
336
202
571
67
643
641
470
160
215
401
547
632
599
445
69
310
729
638
715
555
754
496
65
527
635
532
755
360
373
158
162
229
260
528
775
427
84
296
87
633
603
727
520
393
628
207
433
661
231
64
253
497
609
299
781
344
732
463
530
637
602
15
443
430
303
521
376
244
55
27
634
687
429
465
149
779
440
24
674
75
331
688
214
242
189
506
581
441
235
159
109
466
723
187
570
29
600
325
669
326
493
74
28
230
467
154
413
356
70
269
141
614
398
574
411
145
155
402
240
457
438
236
147
773
213
148
412
1
108
198
174
185
146
352
382
598
364
246
664
22
0
113
51
156
150
342
241
26
573
72
52
56
234
188
4
666
100
492
211
54
385
610
596
268
243
99
7
131
351
579
389
665
225
323
76
595
194
494
541
519
176
575
208
71
153
31
425
780
353
578
348
82
265
124
238
584
756
295
601
374
490
216
611
98
293
217
279
349
319
489
556
16
384
391
607
576
223
762
116
226
151
227
763
327
306
428
483
312
179
209
177
152
542
545
128
699
239
123
119
582
283
212
580
42
186
178
511
259
502
503
471
332
237
347
586
328
126
379
518
183
569
597
436
307
691
121
409
127
396
501
566
180
499
313
354
125
282
488
92
14
341
97
583
751
407
182
692
434
200
193
776
564
210
448
410
118
345
144
120
408
172
79
334
346
592
254
690
130
184
380
93
777
138
778
81
435
122
568
90
381
165
588
761
567
91
694
405
557
95
89
594
170
507
725
529
86
390
388
721
558
294
80
322
169
94
535
421
543
321
181
43
472
222
199
487
449
277
362
249
