72
86
278
769
310
649
488
142
749
610
698
108
98
71
582
674
693
76
79
491
594
569
559
113
223
580
42
659
607
322
125
507
156
765
543
739
293
686
99
641
75
588
492
64
595
542
467
653
639
100
222
519
146
408
617
128
681
243
216
701
571
183
240
518
620
162
621
259
494
581
671
662
624
141
572
777
208
758
82
225
248
546
227
578
121
760
596
645
600
177
552
633
683
393
573
274
352
623
636
154
351
246
631
250
324
585
622
723
462
628
131
55
155
493
599
20
524
604
312
757
626
761
432
235
601
30
465
461
522
466
24
435
629
434
602
33
52
124
242
407
211
244
73
574
214
188
28
294
661
715
237
190
656
158
764
783
379
560
772
729
189
547
57
625
603
660
104
606
521
663
597
433
29
65
253
296
616
372
27
632
2
536
781
523
5
192
613
12
178
337
217
10
380
58
203
532
575
182
520
579
268
265
160
635
476
538
550
53
17
687
431
8
224
458
504
51
194
576
609
727
630
3
239
780
598
112
280
332
577
608
9
773
163
364
260
19
206
21
627
70
23
540
159
88
496
238
101
479
275
584
699
286
539
323
87
638
548
129
366
102
215
180
634
755
721
304
61
426
273
480
187
49
67
605
83
384
541
587
756
495
195
264
593
149
530
722
694
453
545
533
37
422
775
205
209
60
508
179
157
295
457
36
50
570
692
139
544
218
750
690
152
664
315
153
342
336
164
219
276
277
245
252
78
150
266
41
292
285
110
534
666
247
691
69
654
281
34
517
640
762
210
612
13
290
763
308
136
655
291
133
46
151
395
427
161
287
637
166
263
181
191
288
392
77
38
365
167
47
417
106
341
357
48
511
63
481
68
420
105
35
267
358
665
751
317
482
487
394
123
62
586
454
289
66
725
512
103
514
483
456
360
359
313
774
455
107
485
135
486
484
703
513
334
