360
855
381
2
991
183
835
674
600
194
644
958
568
91
794
414
482
871
959
1003
372
204
328
382
214
893
844
841
124
1023
667
146
365
679
957
798
701
831
390
925
192
196
35
355
10
11
92
423
647
354
318
916
111
226
76
255
155
60
338
168
130
891
54
875
19
869
198
829
375
486
707
211
1019
887
902
256
151
801
802
5
882
858
772
609
97
926
771
670
30
987
895
876
349
728
981
519
87
197
789
781
262
672
99
415
25
763
536
451
412
36
41
416
737
122
919
288
541
350
676
606
117
970
909
712
185
136
906
804
49
223
812
285
132
668
773
386
287
472
290
296
739
101
945
922
50
673
571
915
837
379
21
133
104
245
447
26
205
854
508
823
116
164
990
649
903
577
159
187
325
700
1
297
850
982
227
790
930
163
8
51
578
253
114
113
664
859
963
639
806
914
601
170
478
15
604
638
1011
108
931
853
988
257
810
222
938
284
261
79
984
94
72
106
85
920
231
450
90
567
174
1017
410
888
203
20
641
48
78
53
421
425
547
762
894
515
55
718
502
176
1016
545
302
857
237
45
948
544
7
828
209
666
162
760
878
862
125
610
884
9
387
282
454
368
484
248
127
217
40
316
383
1008
251
286
241
517
75
955
731
266
353
74
964
158
141
898
301
306
542
636
413
923
795
147
150
864
105
935
861
62
706
335
95
259
165
156
874
954
736
969
193
643
965
64
292
792
947
89
219
867
138
258
820
995
796
119
336
704
300
799
665
96
14
229
337
195
582
274
937
293
512
250
757
103
380
32
452
42
446
989
137
929
579
560
378
738
126
268
553
814
708
118
968
419
6
184
236
953
735
615
730
314
943
543
81
33
71
973
613
966
934
851
280
66
320
924
389
216
173
767
892
88
123
980
417
769
805
46
539
442
115
397
824
443
135
243
833
622
65
178
68
474
614
764
12
311
70
483
334
246
221
139
295
190
703
811
634
324
936
979
504
189
277
734
67
418
356
744
38
69
228
347
377
343
453
34
56
120
581
890
1022
605
339
80
140
84
576
1020
752
18
220
426
63
276
572
98
31
172
134
671
432
352
1001
411
157
836
868
832
321
1021
57
23
910
129
191
444
476
283
549
346
974
315
997
37
768
39
705
22
319
357
102
388
289
913
422
16
827
17
575
607
777
808
24
709
548
1015
107
573
866
1012
385
574
999
260
501
880
905
333
145
993
640
441
821
967
58
160
161
540
846
603
775
942
516
693
889
863
883
865
427
791
565
944
998
602
267
741
751
580
860
509
633
299
247
897
112
428
996
750
420
1004
409
807
912
612
177
800
351
278
1000
445
465
475
406
13
1013
507
1014
952
477
242
956
776
393
332
279
597
554
310
405
749
721
309
361
695
847
879
144
1005
331
725
298
534
681
461
713
329
779
275
364
363
307
745
911
627
340
396
758
587
717
608
662
308
535
503
448
533
394
362
688
778
395
625
650
555
689
727
759
330
342
748
429
431
341
373
747
719
374
715
716
559
726
525
528
626
682
628
498
500
694
588
683
746
720
499
430
714
497
464
527
593
590
529
556
496
561
494
526
589
495
462
463
530
558
557
532
594
564
596
562
595
531
563
