558
199
710
502
174
559
228
255
307
254
518
488
543
677
172
733
173
439
697
389
650
268
542
568
448
440
310
202
452
259
766
442
545
198
464
355
466
353
742
267
319
379
216
460
290
408
147
131
230
231
463
683
383
503
437
234
468
351
293
214
376
226
302
295
296
572
501
200
438
493
55
777
148
261
271
240
700
588
31
84
320
257
215
264
4
321
367
134
225
203
778
347
26
207
324
431
524
491
407
760
187
598
337
601
322
412
15
433
405
623
244
628
375
474
328
29
301
492
101
574
233
323
18
24
11
6
409
7
180
562
457
519
737
759
266
325
269
781
735
625
380
258
560
339
352
326
327
672
597
411
599
381
262
600
655
235
624
382
182
419
573
541
213
356
272
596
434
385
17
20
476
189
294
183
349
9
206
752
300
465
229
181
462
19
480
286
299
236
208
238
53
298
410
616
146
384
32
772
10
436
338
297
224
242
435
680
112
273
227
644
232
770
551
540
212
205
487
237
27
270
734
453
627
83
621
771
682
132
239
280
570
652
423
21
769
430
111
496
775
175
209
403
330
615
571
377
370
184
354
756
340
344
532
348
417
329
378
776
755
500
245
482
461
736
196
186
406
343
253
681
679
241
116
654
514
397
318
643
454
285
653
707
243
569
481
288
210
511
316
504
287
133
530
612
59
366
395
369
252
103
534
483
721
651
331
773
750
586
587
350
640
709
387
315
342
762
309
763
336
456
533
455
341
289
357
368
386
317
512
308
358
332
313
725
276
484
281
167
751
47
485
62
774
486
708
35
66
394
48
334
63
360
513
107
359
135
703
590
