248
276
219
618
247
191
591
566
567
506
106
705
390
507
362
437
464
408
451
74
190
677
777
380
275
86
135
282
646
697
388
22
447
192
305
332
707
193
589
361
434
559
534
379
307
531
474
676
75
200
44
538
222
436
407
421
59
56
722
134
72
1
189
220
783
51
109
463
16
67
280
146
251
43
188
769
252
163
471
304
381
165
277
218
409
360
133
118
19
406
229
435
747
223
257
141
142
770
284
351
175
499
187
753
410
757
246
670
442
352
309
648
532
736
37
465
168
244
107
644
254
243
728
132
89
479
335
568
323
594
560
752
119
54
195
217
553
249
17
274
364
389
650
667
197
258
584
620
311
139
245
113
780
158
28
525
108
23
225
673
216
417
50
85
590
337
61
83
143
452
727
88
228
612
779
157
203
129
635
159
196
273
215
470
211
539
475
94
438
227
636
617
0
694
504
15
111
413
259
212
112
699
387
140
261
340
303
431
662
493
253
237
414
198
209
520
682
472
315
236
286
316
494
208
719
664
207
652
180
446
541
182
457
624
341
369
704
287
385
206
626
766
181
370
627
415
595
545
653
542
423
512
625
577
366
444
455
738
386
654
419
91
586
8
330
735
488
484
90
71
513
32
489
358
485
363
672
115
643
20
27
731
81
365
517
490
514
515
516
