297
382
729
28
677
720
632
285
634
755
235
548
275
520
232
0
517
661
776
727
354
475
777
546
20
730
706
608
2
459
242
56
373
486
700
287
704
514
176
4
554
336
711
560
10
155
612
263
378
413
494
342
231
244
626
611
30
206
246
487
525
346
579
371
227
59
458
628
381
317
82
361
531
495
780
125
754
207
85
551
604
488
6
350
295
689
27
366
320
778
167
651
271
687
211
152
616
283
186
168
183
671
303
280
171
629
457
315
703
645
603
146
156
62
627
60
13
620
184
652
185
596
657
331
552
234
648
493
519
646
601
492
286
618
217
437
179
623
268
479
325
110
305
193
679
737
685
310
128
666
282
599
213
736
224
460
701
149
265
109
590
466
322
684
593
721
600
367
178
436
81
735
498
212
738
216
624
580
124
80
241
252
100
58
150
409
199
530
640
489
745
633
108
591
583
571
332
51
340
73
120
444
532
592
678
400
69
364
166
625
588
597
392
502
490
127
237
228
304
740
707
139
556
653
723
214
698
298
321
250
526
654
676
420
255
465
276
656
717
749
610
89
34
333
716
668
401
210
598
718
748
742
449
104
570
180
614
35
569
708
118
544
763
775
712
533
429
464
428
655
595
77
169
587
299
12
279
450
421
768
504
472
38
37
491
622
771
753
121
582
394
669
594
760
68
142
114
99
238
117
567
746
87
767
741
240
76
86
143
744
674
145
65
36
312
122
239
284
709
48
722
42
47
573
98
63
750
568
75
91
505
762
115
277
649
739
761
123
477
650
39
46
529
572
503
773
557
253
225
138
72
90
251
743
66
309
641
675
363
613
50
41
74
197
256
752
95
307
88
765
621
44
45
43
49
64
267
719
67
78
642
278
281
293
40
71
770
696
362
266
670
585
294
747
764
766
97
94
96
92
93
335
79
306
334
769
724
