248
276
247
219
567
568
618
352
566
106
222
451
538
74
191
44
135
190
332
506
390
353
351
193
56
354
1
722
559
656
51
304
411
324
325
572
388
188
474
175
67
218
141
578
187
633
632
249
133
360
148
217
158
244
562
635
254
638
666
159
660
382
339
417
502
539
653
130
245
637
701
609
740
203
78
445
498
671
273
663
94
527
558
47
510
497
508
529
768
150
68
224
585
669
561
12
696
684
207
334
272
264
210
721
343
301
233
271
687
124
317
555
371
681
588
230
688
265
300
692
291
121
201
367
292
299
755
391
530
41
63
759
642
24
392
700
726
55
327
