566
567
554
171
530
514
156
515
380
232
528
556
581
608
582
487
580
610
144
609
553
527
584
583
637
199
607
409
381
538
594
157
529
606
542
555
408
612
391
611
676
636
436
638
411
557
155
267
154
258
410
635
778
526
116
55
283
310
331
781
259
754
500
578
153
117
448
776
585
255
260
640
667
407
231
406
634
308
621
394
353
620
359
639
158
674
614
579
605
675
33
501
382
379
666
618
175
783
114
595
41
712
84
499
750
604
700
5
702
229
755
464
463
552
79
355
486
619
589
759
642
393
59
565
26
383
87
531
539
31
256
384
711
502
63
478
509
30
145
178
447
730
437
304
203
537
47
570
257
473
697
577
204
305
230
148
392
159
435
330
559
525
773
360
151
1
44
24
86
202
591
338
129
726
512
727
358
109
83
402
88
481
126
125
757
558
550
196
127
22
405
613
142
498
56
223
670
80
681
574
152
251
693
597
644
13
390
508
510
266
403
19
130
296
511
471
64
732
7
714
483
0
617
475
592
124
633
136
309
713
679
29
61
418
622
540
77
128
740
354
332
680
218
768
387
9
707
648
576
303
62
325
551
93
339
603
668
112
532
420
18
111
286
774
228
454
562
15
6
772
549
181
89
482
756
297
699
739
632
715
123
647
717
616
261
167
729
663
602
35
469
135
134
564
491
649
140
150
404
524
160
253
416
275
710
601
575
263
361
470
312
561
737
669
449
163
70
736
176
161
695
53
182
76
186
497
631
441
385
264
326
306
282
462
446
122
265
302
388
162
269
185
226
650
593
654
671
198
58
183
628
173
630
179
180
386
629
709
169
119
723
782
184
201
708
588
442
272
118
664
329
696
66
472
560
177
189
280
445
523
766
301
149
284
11
684
518
685
522
273
137
300
133
521
686
655
327
131
496
227
690
108
276
143
747
767
775
490
725
645
659
504
113
57
494
28
751
779
299
752
660
54
728
335
3
243
780
748
722
74
170
220
368
249
192
517
489
219
75
39
237
248
317
234
350
369
342
319
321
344
374
371
