171
530
144
181
199
117
391
210
778
211
580
310
614
55
674
255
116
608
283
776
145
754
448
582
755
41
693
5
308
568
33
478
209
581
750
569
781
114
79
31
702
63
84
553
394
240
637
239
668
647
554
182
642
338
730
212
638
180
24
393
26
609
578
392
87
619
570
208
700
93
583
571
70
64
30
706
759
726
173
529
585
53
557
613
667
666
607
610
98
77
675
676
267
396
556
66
183
238
97
305
636
564
207
715
562
96
99
579
418
458
555
589
202
47
130
457
558
696
76
749
531
552
701
526
450
358
711
331
783
772
268
279
768
714
717
367
745
528
73
649
82
174
334
618
12
765
58
563
100
95
477
78
447
565
598
621
591
508
525
298
502
201
304
561
747
712
172
620
449
597
241
536
359
612
224
487
527
59
773
330
256
611
559
306
509
213
266
537
758
25
473
488
584
22
592
535
671
327
86
737
360
101
551
736
713
269
774
533
588
169
669
44
673
740
51
697
1
56
277
165
299
505
242
296
572
698
481
524
395
480
503
746
339
136
691
761
782
501
739
710
297
452
230
720
523
615
184
486
303
498
118
454
599
217
94
270
68
386
222
692
159
760
651
4
237
312
670
236
500
631
424
541
741
718
416
441
368
302
456
326
461
19
119
387
460
757
722
108
742
510
332
61
206
228
499
455
102
146
223
560
593
453
484
482
384
203
142
469
640
639
89
650
732
709
188
232
596
411
231
632
356
678
164
662
246
69
459
235
189
383
272
234
439
690
719
684
483
250
586
273
518
276
131
517
685
489
245
466
412
271
280
390
707
429
497
471
664
233
427
550
520
426
355
494
385
282
229
218
495
485
16
129
470
216
438
532
34
440
687
252
301
468
646
214
648
275
185
606
686
635
336
433
770
764
141
493
120
655
442
705
103
656
769
657
49
109
274
361
496
307
419
414
415
547
753
708
160
153
43
688
665
90
661
309
104
251
679
652
295
654
187
357
388
205
600
689
738
8
329
506
516
519
777
294
18
204
680
397
413
45
430
511
215
434
134
467
428
243
227
354
300
546
244
653
435
683
472
161
162
492
135
695
622
644
465
451
694
410
400
681
325
521
630
32
444
443
633
727
724
340
196
475
13
423
682
60
83
626
548
80
421
88
734
365
663
658
744
258
723
163
522
704
226
617
431
158
29
313
538
616
0
46
324
659
432
491
425
186
128
112
699
198
629
729
15
627
474
363
601
111
220
105
132
362
110
766
445
7
422
490
253
167
9
138
716
625
140
756
643
446
628
133
462
515
10
382
21
420
539
399
748
2
6
115
190
92
62
20
247
11
35
703
436
731
590
672
771
763
179
48
540
257
27
42
602
762
401
143
660
624
106
353
512
407
91
634
463
65
406
603
71
177
623
417
281
341
575
641
542
733
743
604
154
147
574
437
549
107
464
176
577
507
479
573
576
645
567
200
735
137
409
81
605
57
677
721
121
398
381
767
408
52
725
265
225
476
405
197
775
285
513
149
504
28
323
74
192
337
17
284
113
751
389
152
364
14
54
155
545
779
752
259
595
175
311
85
328
594
3
543
50
191
404
728
23
254
148
127
249
170
335
322
193
157
380
219
72
780
248
195
139
278
178
402
352
403
369
587
168
373
150
514
293
314
126
37
75
124
566
166
156
544
372
151
377
125
321
376
317
261
534
260
349
378
351
286
36
221
67
40
333
38
122
366
379
39
123
316
374
262
350
344
264
194
315
319
345
375
371
292
290
346
291
318
348
342
263
343
347
370
287
289
288
320
