466
434
498
364
435
363
467
395
372
529
465
497
684
683
654
593
685
561
436
437
405
433
396
365
404
530
591
626
623
592
651
622
462
625
394
373
430
403
402
560
371
655
468
650
624
397
464
653
469
463
496
429
594
562
401
340
332
333
682
406
528
652
426
431
658
716
331
715
659
341
494
495
438
398
428
427
362
499
850
851
686
661
390
374
979
301
627
432
809
370
300
820
914
302
821
422
15
559
660
974
139
204
339
236
247
307
47
16
760
763
882
841
869
446
791
473
346
714
792
421
342
542
84
678
1015
283
315
704
679
252
122
205
1005
911
606
573
872
698
1006
852
329
189
776
279
48
347
261
115
455
700
161
147
574
823
646
330
543
672
1007
485
235
808
453
510
796
49
253
709
233
17
673
63
717
58
777
256
575
842
710
946
116
705
613
845
479
874
311
912
822
478
130
731
80
321
266
72
159
291
475
807
839
57
883
641
943
67
237
158
85
103
425
34
476
1012
230
486
379
1011
975
922
423
768
190
445
299
902
221
194
248
290
192
870
775
148
308
910
858
162
794
113
316
203
541
711
907
694
980
104
913
806
244
40
18
644
288
90
73
888
112
297
517
973
389
667
643
393
706
840
507
825
934
505
357
65
284
98
384
38
859
810
309
35
693
743
744
890
549
959
83
666
668
879
259
443
454
352
981
411
1016
88
74
1013
826
137
220
1014
634
545
581
580
12
737
551
484
605
764
477
232
95
269
487
735
222
795
199
324
25
732
930
131
20
71
618
994
801
729
153
662
149
141
742
461
127
865
790
857
180
173
350
138
1001
1004
965
121
75
647
838
713
924
947
730
927
519
991
511
89
380
889
854
707
214
135
351
828
544
962
378
856
229
518
550
819
1023
538
526
875
892
926
306
671
96
982
260
277
637
708
157
873
915
355
1022
126
891
960
942
39
298
928
844
500
265
383
773
868
452
59
