418
446
697
474
475
447
391
529
501
531
65
419
473
80
590
503
696
67
226
614
198
611
558
68
557
702
171
612
360
79
66
618
389
139
584
417
734
170
44
591
388
583
646
228
559
64
81
528
564
451
282
14
142
733
445
118
695
565
478
610
91
425
586
59
726
323
93
619
667
732
200
566
668
621
698
563
554
581
390
527
351
640
257
199
167
604
693
89
607
283
666
637
15
254
330
361
539
143
580
530
95
651
454
662
457
472
387
740
567
115
665
485
664
555
508
239
502
329
589
97
76
256
77
51
358
121
578
748
399
144
452
471
694
458
298
638
195
60
484
286
225
556
151
511
96
7
453
359
209
31
178
509
444
22
663
483
224
636
328
350
432
553
87
238
582
650
450
576
759
720
130
355
634
579
448
669
128
605
18
629
689
295
211
751
465
655
207
756
561
623
98
324
124
647
210
479
56
120
537
185
267
481
627
308
378
262
25
601
92
406
632
752
0
379
94
466
705
5
671
33
184
336
428
162
526
29
189
85
730
30
736
53
83
606
99
129
86
58
202
213
122
498
727
490
673
169
148
101
469
182
1
757
470
562
609
608
602
622
653
132
232
357
111
204
303
11
596
8
327
633
455
525
233
165
181
243
102
648
261
74
492
728
255
84
639
575
658
652
55
141
26
125
441
234
161
10
114
500
269
405
699
160
430
482
218
513
127
196
259
644
495
415
599
755
2
489
507
493
731
242
524
410
214
593
100
626
159
404
16
439
783
365
464
352
377
600
574
119
215
177
237
152
540
552
595
285
630
491
6
494
19
183
61
47
429
518
725
123
69
635
155
203
434
208
515
496
426
154
546
656
628
340
266
560
175
176
657
271
678
131
462
186
729
431
4
435
17
577
126
265
763
270
187
519
433
403
467
236
296
749
216
314
782
517
684
212
174
264
150
437
440
109
206
28
700
615
547
476
168
272
302
413
704
649
134
20
188
660
356
299
572
645
692
463
354
613
301
594
456
701
754
512
681
180
459
654
461
149
235
240
48
758
521
147
24
179
153
412
603
780
258
201
117
643
536
70
690
735
380
300
510
661
486
21
190
631
436
687
43
229
73
54
163
568
551
592
32
82
244
548
140
45
407
550
35
52
246
683
309
427
423
424
598
570
274
506
157
672
411
172
659
297
23
516
326
231
9
487
217
714
275
383
156
381
349
398
382
57
616
409
408
520
497
549
397
573
688
781
538
205
504
514
480
260
597
313
676
571
