981
169
635
52
85
675
798
487
629
972
486
872
227
905
789
481
296
133
611
752
985
51
495
739
395
201
327
60
226
975
305
148
871
381
57
760
147
567
142
284
224
326
192
826
701
712
870
482
12
322
26
840
456
163
449
59
907
273
910
707
919
584
195
89
982
136
318
829
215
313
414
805
506
757
5
695
835
281
991
304
166
514
821
117
792
804
77
285
632
920
669
645
677
855
349
43
170
266
376
957
44
973
94
1019
770
577
91
867
256
86
25
162
132
857
200
986
46
822
553
955
862
7
13
838
660
937
733
578
135
405
604
818
958
927
869
978
904
175
941
238
105
416
380
990
839
450
568
987
924
255
740
62
323
6
894
398
953
579
906
967
797
110
353
512
861
932
603
413
519
297
316
182
926
854
900
212
874
154
317
358
14
141
199
93
455
387
878
668
54
546
538
320
772
670
363
922
279
637
254
185
644
19
638
106
925
453
858
138
845
836
111
790
225
174
977
936
157
863
411
647
84
552
221
667
264
474
231
868
28
678
310
79
738
384
643
710
27
75
505
153
15
918
354
121
636
30
109
811
442
193
118
233
605
610
90
97
574
68
702
609
794
155
160
55
134
569
53
10
78
1009
249
143
802
478
173
423
36
379
480
82
515
382
1007
253
126
806
448
150
350
887
921
576
734
222
544
58
83
893
521
705
537
767
291
803
188
570
928
137
324
799
417
294
608
543
280
737
258
742
156
288
159
232
377
834
889
451
287
196
510
479
435
704
841
390
206
244
891
306
378
412
769
997
730
895
115
241
443
140
447
962
191
968
469
365
422
24
186
2
165
282
345
73
194
976
951
176
108
890
74
873
520
391
357
352
116
550
672
88
551
319
956
426
65
120
37
1002
22
187
439
103
69
646
642
9
539
100
923
946
954
20
549
732
125
263
257
21
452
444
831
247
823
676
131
76
410
736
220
219
47
104
41
945
607
321
172
1003
251
151
33
606
859
325
406
295
744
622
708
639
995
95
860
252
389
66
130
183
277
302
42
92
386
283
35
735
128
898
388
32
674
351
1022
1
966
424
1017
293
114
262
673
484
545
289
164
72
810
50
328
383
650
573
572
731
693
575
634
203
409
700
218
477
250
375
198
300
774
800
775
824
509
685
571
40
613
129
612
454
8
356
67
127
292
217
229
259
699
152
48
161
661
189
415
338
331
796
107
709
979
235
418
903
355
809
930
56
248
290
601
146
64
853
614
964
122
184
901
892
1008
582
1023
314
547
773
385
698
223
856
347
123
706
540
190
536
237
628
581
944
87
517
421
963
402
101
762
913
690
896
827
813
666
34
541
476
23
929
144
485
471
468
665
171
511
580
70
996
764
965
39
261
502
983
866
124
988
139
38
119
828
364
641
651
99
425
419
102
96
548
446
16
1020
473
49
260
671
681
441
980
902
741
888
542
112
475
332
17
407
833
768
337
640
703
899
315
931
205
211
984
63
1010
145
71
31
583
408
952
615
346
216
1005
366
420
113
98
445
269
301
209
508
178
230
933
807
989
372
197
791
602
374
342
1021
795
897
558
652
81
969
1014
440
309
243
392
228
763
204
507
516
80
776
801
274
504
333
534
268
360
298
999
934
18
299
1016
687
503
1015
633
1000
935
751
393
864
915
782
1001
236
336
177
808
694
276
880
832
472
1013
362
330
627
884
1012
275
865
267
501
308
329
1004
713
1011
369
943
881
394
595
339
535
947
727
812
778
942
718
777
373
361
758
334
780
759
750
779
745
210
367
335
307
720
659
879
912
684
747
242
340
717
719
726
341
819
781
368
589
533
746
820
748
883
850
399
882
401
911
914
682
749
714
852
430
689
621
715
716
683
400
564
467
500
563
434
590
851
688
462
496
593
561
657
658
562
625
594
532
431
463
626
499
531
432
529
466
464
433
530
498
497
465
