524
587
619
557
624
655
556
622
654
555
618
586
491
588
523
651
598
180
650
617
591
414
463
181
191
723
168
630
286
585
345
149
187
224
597
653
380
52
167
669
318
154
213
623
993
990
927
148
574
956
805
554
225
837
771
649
793
955
161
1018
996
381
192
193
313
195
162
652
265
348
803
179
38
670
949
478
825
620
959
724
72
636
85
151
774
732
545
12
611
83
838
668
13
637
351
147
667
960
134
543
51
285
136
482
4
701
11
86
84
515
219
448
382
53
605
635
10
991
106
861
964
246
199
644
316
596
188
40
247
479
214
575
196
143
447
806
604
628
22
989
1023
739
15
185
317
792
728
925
804
794
871
116
743
705
487
110
9
450
413
1020
312
255
1019
173
856
729
963
983
766
445
765
923
25
158
663
3
117
994
895
573
985
549
735
992
68
761
217
953
997
115
869
221
250
957
939
733
700
446
105
118
319
514
610
916
513
121
958
707
174
541
870
82
477
836
114
55
120
638
156
643
770
772
510
922
67
547
1021
135
675
857
872
986
256
672
379
966
629
595
127
288
738
184
862
830
292
104
924
512
186
126
133
451
839
323
78
350
987
378
349
673
631
995
103
57
961
142
609
218
906
457
34
383
671
91
509
907
867
325
1022
876
570
544
137
0
946
125
572
443
54
606
220
680
232
475
1007
798
26
902
321
416
42
577
43
45
954
988
412
603
674
607
89
474
835
679
578
854
642
415
905
14
160
71
711
419
98
122
183
971
634
108
697
95
410
287
390
138
893
892
359
875
253
648
101
979
890
483
940
284
538
891
799
548
62
20
579
21
107
296
353
59
320
917
734
347
453
686
546
967
764
194
855
965
866
356
60
456
231
926
94
829
69
773
676
449
455
731
834
212
608
36
411
93
542
998
389
481
77
155
202
886
227
27
230
932
485
937
61
662
140
908
254
801
742
802
50
740
796
936
981
263
384
831
233
797
92
666
612
962
760
775
452
33
843
800
489
2
291
480
868
769
484
29
664
17
357
863
900
639
506
706
132
141
763
702
486
1017
710
827
826
159
295
201
599
476
249
128
37
130
828
66
75
123
698
322
281
824
859
974
23
821
257
888
454
999
699
842
222
539
898
119
744
889
422
8
517
355
894
458
952
708
324
44
767
909
73
352
24
19
511
229
203
616
421
189
157
6
576
7
96
46
704
712
131
860
833
550
258
30
28
90
934
677
1006
41
290
725
1
35
695
933
730
948
901
858
646
261
768
129
244
88
832
887
947
387
975
32
762
344
417
223
58
176
929
790
685
682
245
163
681
418
99
678
1000
226
5
874
580
569
571
822
442
915
873
252
206
264
982
897
973
602
978
70
1012
921
914
65
641
645
951
64
972
248
950
518
741
853
1008
505
208
56
198
910
182
737
190
755
980
259
169
884
896
18
444
627
473
903
327
944
124
795
640
584
97
385
613
970
430
841
703
47
930
810
282
811
1013
1002
757
507
165
488
791
537
736
100
63
376
328
516
864
938
386
807
920
102
207
928
647
823
581
39
912
1009
139
877
1014
76
809
74
969
885
388
696
79
935
200
423
778
777
845
204
262
215
552
283
519
520
883
420
632
289
166
844
984
945
144
976
840
941
240
601
145
1003
727
918
1015
551
175
508
441
709
146
315
754
942
280
112
239
1005
931
1001
459
425
846
899
113
234
354
211
865
919
540
813
1016
977
228
878
209
49
81
48
1011
968
150
1004
553
943
756
171
235
87
814
172
216
614
615
904
776
237
786
260
812
785
911
177
251
164
722
109
294
848
111
210
375
16
490
566
170
852
633
665
1010
808
713
789
293
205
178
153
152
358
590
694
582
691
266
600
913
391
583
377
236
314
346
817
745
759
779
816
439
407
788
815
326
683
197
693
882
568
470
438
360
621
278
780
374
820
311
536
692
847
397
849
565
343
746
238
748
409
80
747
426
781
297
243
437
715
660
659
851
726
504
784
758
392
408
31
471
393
502
879
714
241
405
404
753
880
656
567
424
690
279
558
787
501
718
716
469
589
406
522
564
533
361
751
819
372
521
440
881
661
310
242
850
272
684
782
394
783
534
752
329
276
719
687
371
370
818
460
277
717
267
271
535
373
403
472
721
436
273
496
749
298
268
270
427
402
342
309
750
532
300
362
332
658
275
299
500
269
305
503
302
492
338
301
308
625
435
468
304
626
365
306
303
720
274
330
339
333
429
341
462
340
689
398
369
307
464
331
337
467
334
592
336
688
657
431
434
401
531
335
499
428
366
563
364
368
396
433
432
466
497
498
400
465
367
399
461
495
530
395
363
525
594
593
559
528
529
493
560
562
494
561
526
527
