559
659
514
689
681
117
627
733
614
156
386
655
749
685
181
125
399
651
714
684
184
435
89
720
717
607
578
653
363
713
153
552
568
718
124
454
95
462
719
482
610
668
620
654
453
388
739
434
710
580
311
561
682
737
747
652
712
766
704
748
564
677
421
724
256
289
678
531
648
288
535
317
400
679
582
695
282
152
123
489
472
709
771
592
738
667
486
642
563
505
449
477
696
335
770
406
557
767
746
675
706
450
702
707
768
474
740
743
742
618
731
619
676
517
255
745
589
744
741
529
591
708
705
646
647
670
590
283
473
