-0.16976106
0.05586493
0.03479147
0.33560777
-0.23313487
0.13123453
-0.021761298
-0.34585345
0.13335204
0.05606091
0.0014586449
0.04074514
1.0443103
0.81373286
-0.37879026
-0.5065814
0.06543803
0.042512417
0.025625944
0.051068187
-0.07968557
-0.051772475
-0.21541893
0.101469636
-0.23938668
0.24874008
-0.24076784
-0.0514282
-0.06485629
-0.07320166
0.29128325
-0.289003
0.14139986
0.24958062
1.211368
1.1991413
1.1793056
1.9342543
2.20292
1.1617975
1.4613705
1.7994668
0.58673525
0.9317691
0.4900874
1.4442985
2.6526766
1.8427414
1.5499574
1.5017061
1.355696
0.78248215
0.16352332
-0.05833602
-0.03639543
-0.09229481
0.026844263
0.0576638
0.35485816
-0.13587809
0.7162528
0.49301422
1.086666
1.3537756
1.1899931
1.4675292
1.7319235
2.7933977
1.4364369
1.2745495
1.3787416
2.1182315
2.378697
2.069623
2.244908
1.666435
1.6490694
0.86181134
1.79229
1.0679152
-0.170807
-0.31412375
0.18694568
-0.23013294
-0.085532546
0.054516315
0.2830721
0.8768274
1.9686066
0.6098925
1.547009
1.5841439
1.8767802
1.3916558
1.6255264
0.9194733
1.7893293
1.578073
1.108306
0.9942163
0.8611337
0.44864643
0.88383806
0.7582685
2.0362227
1.3442378
1.1465174
1.0371902
1.1389242
0.8394198
0.841867
-0.2553419
-0.036609292
0.87363756
0.35121417
0.6095339
-0.3429953
0.7376293
0.6165588
0.4576527
0.15167606
0.10645926
0.7183578
0.49740994
0.5258454
0.3205502
0.5907825
0.674741
0.6928948
0.17713857
0.3476975
0.24067032
-0.5342084
0.63032854
-0.019005299
0.35119212
1.1784958
0.715981
1.130846
-0.083102584
0.14721847
0.04357338
0.66007733
1.0339613
-0.45375383
-0.1691351
-0.51623785
0.15016317
-0.70157444
0.06928754
0.15477574
-0.2980615
-0.22305334
-0.030520082
0.27927268
0.3789549
0.8267572
0.47872066
0.6877893
0.48926914
0.49485433
0.6952374
0.64258313
0.23203886
0.09803414
0.13513184
0.9879593
0.3620627
0.0564183
1.2008431
0.12531257
-0.2359289
-0.5001844
0.5901276
0.0012972355
-0.25147808
-0.059738755
0.27430272
0.13284135
-0.15395045
-0.33209193
-0.24159181
-0.26951277
-0.22692692
0.21738374
0.41786385
0.12541258
0.0033730268
0.09494114
-0.2867633
0.6634083
0.8367015
1.3647537
1.6376898
0.3249693
0.9081036
-0.40130532
2.1079226
-0.8614589
-0.5679964
-0.05162406
0.64910674
-0.09076798
0.34910214
0.24106395
-0.041736484
0.010228872
-0.09013498
-0.16567469
-0.63460624
-0.016526222
-0.44924986
0.027832508
0.39023638
0.00097346306
0.17840254
0.035018444
0.087212086
0.38082433
0.70744205
0.66898334
0.31223893
0.43337393
1.4019909
1.6063029
0.38989854
-0.62340415
-0.027819157
0.24336457
0.2646067
0.064364195
0.11624181
0.29257143
0.10161173
-0.0016524792
-0.051070094
-0.060935497
-0.075182796
-0.3165275
-0.30419648
-0.040753007
-0.11216867
-0.014353156
0.5626676
0.3849784
0.044578433
0.39695203
1.2464321
1.2603307
0.2912321
0.57032514
1.3667794
-0.07106292
-0.62496316
-0.2386564
-0.61113083
0.44061518
-0.4482757
-0.0941962
0.21818674
-0.0036281347
0.053892255
0.038611174
0.02078712
0.016337752
-0.34390318
-0.42981827
-0.5306386
0.18416822
0.20635307
0.016863704
0.020419598
0.22335362
0.59939146
0.594334
0.8538736
1.811519
1.6020322
0.65947807
-0.23622644
-0.004952073
0.27201498
-0.96951663
-0.13991535
0.9068176
-0.16911757
-0.052669764
0.13348031
-0.10032606
0.16880989
0.11435282
0.019515872
0.00863874
0.20206547
-0.30684006
-0.35571635
-0.11130202
0.1421467
0.002373457
-0.075056076
0.02233994
0.10785222
0.21902287
0.16179848
1.4314067
1.2585357
2.8321779
-0.18936205
-0.8765515
0.4523505
-0.13449991
0.7502136
0.74221027
-0.068003654
-0.14429653
-0.13254392
0.31653452
-0.08086276
-0.17880917
-0.30813944
-0.2995168
-0.056904078
-0.23408425
-0.115569234
-0.2946409
0.5526284
-0.21554911
-0.2952994
-0.6874498
-0.43176448
-0.44504678
0.2117796
0.108525395
0.88009
3.2370934
0.67844045
-0.8192278
0.66110325
-0.85879195
0.17740011
-0.48155534
-0.42994535
-0.14497936
-0.4507903
-0.05528629
0.5894518
0.13208437
0.22649276
0.38186824
0.28533888
0.25587845
-0.51924527
-0.08680928
0.7471217
-0.3140117
-0.65780246
-0.35567844
-0.31355298
-0.5708455
-0.28168094
-0.36141765
0.40273798
1.6027467
-0.1459744
0.61464286
0.5002459
-0.44617164
0.15673447
-1.2433299
0.008022308
-0.19700181
0.06015277
0.043080807
0.07866073
0.39993167
0.15750968
0.15978312
0.16234112
-0.15517497
-0.3432914
0.68319213
0.435354
-0.20145166
-0.438784
-0.13933384
-0.2739197
0.26636636
0.348997
-0.0071080923
0.3673327
0.06637347
0.12221372
1.3954754
0.5925995
0.8792346
0.04758382
-0.35557353
0.10280383
-0.08821571
-0.037118196
0.0812217
0.23730648
0.03419459
0.14360332
-0.2637633
0.2793666
0.09966576
0.38397694
0.67998886
-0.19420302
-0.6322385
-0.5639509
-0.43283975
0.06731117
0.22514212
0.3014276
1.1393554
-0.69117486
-1.8710417
-1.1241416
1.4353843
1.2681693
1.7057798
0.05920911
-0.09297347
-0.1444987
0.32782602
0.36898637
0.245044
0.2555635
-0.2801274
0.01242435
0.31350493
0.27435791
0.28653443
-0.2639922
0.18066072
-0.19375682
-0.13611627
-0.079733014
-0.17870605
0.29199088
-0.2150358
0.6104535
1.1170156
0.13436711
-1.4975628
-0.31146538
-0.74569714
2.0933745
1.8458582
1.2362854
-0.0016355515
0.173527
0.14282107
-0.07856488
0.03548217
0.14088655
-0.080153584
-0.1471026
0.070067525
0.42438352
0.18525946
-0.07679665
0.6496353
-0.27304566
-0.36277187
0.19330812
0.21496642
0.25913
0.19459796
0.27014923
1.2931242
0.7902279
0.08014703
-0.9181901
0.10932386
1.909828
0.2627139
0.9695037
0.13045919
0.34877062
0.53486323
0.09932208
0.13174045
-0.21974695
-0.13128376
0.051219225
0.056849122
0.070557475
0.17243671
-0.2305814
0.013861895
0.12950373
0.26240778
0.35137498
0.007945061
0.2124598
0.45577216
0.23549497
-0.5623127
-0.9224056
-0.87652934
-1.0657548
-0.67787397
1.6705431
-0.17024493
0.6445898
0.730579
0.6672373
0.60768354
0.16240191
0.24566448
0.17064881
-0.223364
-0.19547749
0.23823309
0.4022714
-0.0107575655
0.10260594
-0.30783904
0.04865241
0.007313609
0.22004914
-0.06802869
-0.41672146
0.07038307
0.16800463
0.46140695
0.52413416
-1.102641
0.32084525
0.2623155
0.4310627
0.19117284
0.20335937
1.0518618
0.5629777
0.9605125
0.33767545
0.516338
0.54083014
0.14107108
0.43741643
0.04469168
0.48261857
0.47464585
0.29639614
-0.36860335
-0.35423386
0.36098337
-0.25559866
0.26740146
0.14463699
0.027308583
0.22422326
1.1234466
1.3238335
0.04604566
0.16670299
-0.057149053
-0.21412528
-0.43556392
0.56723833
0.27893567
0.35176134
0.97700644
0.8222047
0.7655854
0.9269831
0.59936213
0.59836984
0.95537716
0.3889606
0.4306016
0.48752928
-0.11277723
-0.53572595
0.81356895
0.14609933
0.7659621
0.50256014
0.35211563
0.67405236
-0.38046825
0.86824733
-0.4725474
0.17096674
0.19396877
0.52538526
1.9058995
1.1716075
0.71791244
0.25215948
0.20672917
0.77328014
0.40673888
0.054311037
0.22265494
0.4762448
0.39765036
0.36256003
0.83933854
0.7921603
-0.34283197
-0.02583301
0.61485755
0.50483704
0.52895415
0.2802199
1.2538754
0.6790836
-0.48449886
0.9955031
0.20732605
0.06483388
0.10810614
0.361377
1.1119523
0.24318314
0.09961021
0.04623103
0.011142015
0.16064835
-0.14960182
0.12490606
-0.14541042
0.1337167
0.2375859
0.31395948
0.22420979
0.80225754
0.15978408
-0.66733277
-0.5310639
0.52939487
0.61471593
0.8087845
0.74895585
0.81018144
-0.34497273
0.7535802
2.398422
-0.01754272
-0.06199956
0.14486921
1.416691
1.3590391
0.8690964
0.5158696
0.51892877
-0.18933523
0.04657936
0.45925558
0.3150233
0.1980505
0.21692622
0.22270787
0.024944782
0.41560054
0.3954513
-0.17682612
-0.25380123
0.4664998
0.4681641
0.20390666
0.19491947
0.1371069
0.15629125
1.203654
2.6903086
0.23275554
-0.101297975
-0.04562235
1.2081681
2.2600613
0.2600417
-0.6317173
0.14511597
-0.105989814
-0.2096535
0.47653484
0.09658384
0.25791812
0.37144148
0.32209778
0.72236717
0.352283
0.38283956
-0.028487325
-0.22693694
0.306095
0.16494262
0.26551068
0.066274524
-0.46607077
0.8416924
-0.80724776
0.68479943
0.15034914
-0.18566763
0.22407591
0.3957336
1.0438929
0.34975672
-1.2994105
-0.42957628
-0.21674335
-0.38077867
0.21497238
0.19333541
-0.0047231913
0.30251217
0.2923169
-0.38509977
0.3289057
0.081925035
0.26346517
-0.25668013
0.48562157
-0.30525243
0.10120833
1.5184445
1.4789597
1.5622469
-0.3972355
0.78568363
-0.1042068
0.24284124
0.074724436
-0.0021489859
-0.8194343
-0.5007826
-1.4505519
-1.989812
-1.21711
-1.4559082
-1.4188851
-1.0663866
-0.35496676
-0.9244369
-0.2829069
-1.7772394
-0.51978743
-0.48972166
-0.90155566
-0.74546635
0.0878191
-0.36512697
-0.24576032
0.06622851
-1.4687597
-1.2646405
0.7469202
-0.01897037
-0.04286635
-0.20845187
0.15021384
0.21273875
-0.11399186
0.6268871
1.6414179
-0.18876421
-0.38972557
0.03851807
0.15604103
-0.68724334
-0.33825934
-0.6704966
0.45432568
-1.8054427
-1.7292556
-0.6410471
0.33324897
-0.45517838
-0.124186635
-0.5505799
0.19024062
0.21429694
0.5162151
0.20648539
0.040348172
0.10006845
0.22748768
