775
767
771
721
319
768
307
747
166
108
544
251
744
396
344
290
779
292
706
287
103
312
379
588
753
677
293
421
317
71
585
338
78
737
712
368
770
138
765
449
363
532
164
339
580
252
392
12
37
280
197
333
766
351
315
718
777
750
708
191
760
273
337
342
322
372
133
713
774
323
104
247
675
778
110
62
505
310
321
145
220
341
420
320
370
135
610
343
674
772
318
717
477
219
745
587
173
746
192
743
369
738
393
724
105
611
366
742
116
371
137
741
221
709
88
707
42
222
723
335
533
722
106
193
250
107
761
670
422
534
394
642
304
703
253
773
194
306
769
281
305
278
136
249
362
248
276
277
334
