428
455
427
400
399
735
137
91
456
398
401
191
71
490
426
153
454
766
194
423
253
167
35
181
209
729
107
534
166
62
190
195
140
756
112
6
420
9
198
226
728
744
414
60
278
748
734
7
37
111
699
504
370
444
767
644
29
113
617
88
15
780
259
333
364
611
54
196
286
11
725
337
14
80
28
704
314
366
225
751
476
616
83
0
723
39
779
219
260
289
3
738
287
727
386
13
389
23
388
50
466
413
425
645
590
752
261
475
708
335
139
38
40
298
403
733
775
197
288
291
371
168
440
18
465
281
262
665
48
85
110
771
17
483
125
233
36
115
254
290
193
75
257
468
221
641
387
27
467
109
2
52
170
587
763
309
21
81
162
258
762
643
703
251
639
438
42
138
57
20
731
311
584
10
707
46
365
270
532
373
672
326
695
284
743
163
415
363
678
446
67
313
315
422
143
741
484
412
72
694
232
385
709
132
32
154
442
372
103
737
610
489
223
443
732
421
417
494
681
411
640
342
397
263
142
285
453
472
410
105
431
180
133
161
757
439
231
89
376
469
679
680
227
705
234
404
358
493
441
45
362
586
108
19
8
206
682
131
235
336
189
612
724
49
664
384
316
164
134
205
359
649
192
61
419
218
486
90
648
482
352
487
34
416
710
507
647
160
764
104
237
670
380
591
435
353
354
518
408
245
369
200
576
341
187
74
348
602
135
203
658
106
470
548
630
777
683
407
188
495
383
432
604
272
236
325
433
579
577
102
609
637
445
293
600
488
186
382
69
182
379
317
172
324
360
659
496
638
631
217
216
185
651
434
229
312
300
593
601
714
474
574
271
662
650
684
207
546
583
159
485
599
519
246
204
249
521
346
711
274
158
621
677
230
184
242
605
479
256
215
381
424
636
273
652
713
575
552
220
76
715
603
340
319
716
202
719
620
491
301
551
547
368
770
522
343
241
307
16
685
141
646
43
357
608
214
497
506
627
471
177
247
520
252
244
344
280
769
686
607
282
73
480
126
626
720
318
581
689
524
606
510
136
275
653
635
549
243
666
302
517
94
721
481
628
498
661
228
632
332
660
129
330
201
580
396
361
598
654
578
265
687
208
92
511
303
461
66
500
157
329
374
753
555
573
130
663
297
375
356
523
283
351
331
712
451
509
51
624
667
128
692
437
462
688
12
183
629
101
176
582
460
70
539
571
742
269
149
550
623
501
633
213
597
589
553
390
655
378
119
345
691
783
722
409
77
625
53
559
59
299
718
429
377
531
95
86
673
268
405
634
1
56
295
78
697
739
174
747
447
473
536
717
30
512
759
120
668
178
622
100
726
452
22
618
87
355
173
525
406
338
79
393
64
596
690
395
545
24
392
700
146
367
554
538
499
527
556
44
528
513
516
515
514
543
544
248
