46
67
47
48
66
38
224
68
73
35
167
50
62
63
166
445
49
65
88
107
78
110
87
387
392
365
34
139
60
420
51
37
77
195
637
64
79
36
103
45
41
102
322
105
59
536
323
732
106
422
75
72
516
182
13
209
386
61
76
487
427
191
416
97
70
223
527
611
508
161
543
135
423
511
546
605
184
459
428
192
528
537
71
478
58
509
454
69
555
39
483
697
451
357
490
210
703
319
572
518
725
350
610
455
98
104
444
74
517
492
510
538
665
183
482
614
325
638
565
456
463
351
354
593
481
690
581
93
453
699
353
578
498
160
133
158
664
127
691
33
40
519
426
404
440
553
218
19
606
556
539
756
501
3
12
469
289
491
726
755
237
464
18
643
155
544
317
359
545
488
8
5
432
489
417
698
780
288
395
376
23
309
783
526
314
564
287
515
9
11
583
727
497
17
551
30
774
204
500
140
203
414
579
53
6
316
111
554
225
470
175
615
196
313
25
32
560
83
433
759
360
584
233
15
473
757
358
20
391
644
22
436
14
29
437
462
132
529
7
226
442
408
409
336
586
200
