280
33
356
236
27
562
232
212
3
405
463
376
83
734
644
771
604
769
422
21
780
219
572
429
637
220
191
132
411
329
532
111
345
355
248
453
263
694
699
428
184
245
348
756
383
175
615
364
58
61
372
723
776
314
344
416
755
690
196
268
343
404
398
156
496
161
370
285
417
500
482
12
247
331
593
288
504
116
366
691
666
51
454
371
561
665
252
133
640
543
489
37
643
423
732
542
530
481
316
287
445
406
534
511
721
45
224
427
490
750
587
290
395
518
365
304
397
483
87
318
60
369
315
342
67
103
722
59
368
358
110
341
773
392
763
36
13
387
762
456
336
105
332
289
88
455
308
276
49
360
317
533
78
77
386
309
544
357
166
34
512
487
106
139
313
281
38
50
39
725
751
517
68
40
484
41
420
167
774
485
62
47
46
359
35
486
63
394
48
514
66
513
107
516
515
646
135
703
197
