278
91
590
334
251
558
646
49
306
724
256
122
50
37
48
166
250
362
228
144
195
277
36
333
98
607
618
34
138
449
649
120
35
95
507
620
570
169
610
100
51
305
99
47
479
637
222
580
628
648
63
161
211
556
113
585
392
594
13
255
696
605
633
139
622
543
609
663
119
595
200
89
227
60
240
611
253
229
147
194
170
246
259
45
224
451
42
767
662
530
128
592
124
701
209
542
563
758
281
723
436
747
550
674
52
583
260
599
581
650
212
589
62
629
653
123
110
348
185
757
408
549
625
121
131
216
158
675
739
393
660
764
321
555
596
30
389
159
254
61
33
381
597
238
623
182
213
431
474
681
730
632
265
126
8
459
624
193
239
552
712
201
192
447
458
404
523
495
190
215
498
376
163
420
21
5
536
20
351
178
508
243
372
524
231
273
234
593
27
352
324
654
656
320
210
691
26
380
630
80
473
659
519
241
413
772
244
217
687
57
332
373
133
535
661
749
102
513
584
497
781
722
237
463
729
516
268
164
312
554
296
669
283
719
160
53
706
152
435
311
181
478
24
664
426
274
499
639
230
56
626
153
226
384
172
467
235
84
1
460
457
644
214
0
768
665
156
149
700
81
32
638
293
684
85
600
487
686
390
179
553
391
337
689
130
745
683
736
284
7
746
491
261
727
103
655
54
269
186
759
187
365
173
547
188
780
266
695
236
154
469
219
22
690
112
667
180
575
520
527
672
206
518
23
295
176
640
83
218
204
652
544
177
331
304
735
31
275
140
551
475
546
763
6
129
627
313
242
506
127
692
685
403
699
756
748
573
294
442
107
515
382
377
111
290
725
603
157
245
464
252
771
486
286
538
319
9
407
528
14
343
323
132
105
11
264
309
322
720
205
18
480
325
150
44
682
308
208
411
489
453
773
189
741
191
168
336
297
263
207
432
233
737
354
496
262
631
175
601
490
521
41
409
715
440
288
572
155
378
400
612
347
353
282
202
448
666
272
327
301
717
512
326
511
385
258
198
287
345
302
232
406
291
196
116
514
340
410
738
711
292
430
714
289
388
704
249
492
438
371
517
366
267
710
15
367
414
494
574
718
271
439
713
740
134
716
466
454
412
317
303
614
346
437
647
427
375
374
668
315
444
342
688
370
270
615
298
504
445
401
680
564
721
415
545
471
350
509
433
151
510
443
285
341
314
399
316
276
344
247
703
602
731
428
339
299
429
318
461
59
484
257
485
355
732
501
752
394
493
425
483
383
148
360
387
742
417
423
482
452
328
356
386
751
136
537
357
396
481
416
534
221
397
402
106
395
434
778
300
462
465
643
503
562
750
398
369
330
456
137
694
446
338
40
359
329
733
500
220
776
248
774
39
455
358
419
424
565
135
165
734
368
533
561
