135
425
345
292
763
399
372
373
163
681
494
548
154
553
401
386
654
387
377
346
33
719
59
352
740
348
471
684
429
347
333
499
427
297
258
552
694
629
332
593
564
596
612
428
121
360
665
554
691
695
561
688
584
437
627
398
731
609
635
668
324
371
565
191
652
664
675
444
636
58
221
269
597
275
159
150
581
160
620
376
247
669
349
157
98
608
61
158
536
44
569
567
580
648
416
578
666
365
220
595
122
104
690
70
646
249
108
106
12
472
583
450
296
13
93
637
43
192
277
420
96
195
638
582
165
304
732
556
422
276
248
139
392
667
592
94
76
251
77
39
60
610
74
167
110
334
40
591
90
62
92
97
445
36
223
723
619
91
34
107
49
51
473
73
611
87
639
71
166
75
41
37
64
67
647
45
224
72
88
642
50
35
63
193
79
78
38
48
47
46
