402
433
403
465
404
622
434
401
464
437
466
436
685
651
684
397
405
683
467
497
371
432
372
435
653
498
430
652
654
623
370
469
431
686
365
468
717
396
650
716
591
626
625
624
438
373
340
496
658
463
529
682
592
429
364
341
593
590
398
499
655
659
406
462
715
561
307
718
369
687
339
394
470
395
301
302
300
333
269
425
308
374
660
714
657
656
363
851
820
791
400
426
627
393
487
850
256
334
439
1015
694
704
261
672
530
268
332
283
852
20
673
821
551
338
749
252
542
299
748
914
760
237
16
47
204
446
139
776
471
290
205
934
63
390
455
199
823
661
173
346
869
641
485
331
822
270
253
806
763
84
519
666
423
809
698
15
236
40
794
72
342
291
421
795
775
583
872
618
288
233
882
267
122
807
131
606
982
902
796
705
229
276
709
710
933
543
1007
192
17
647
550
808
161
777
230
1016
383
983
700
1005
825
212
678
473
38
505
932
323
731
58
839
456
870
330
238
159
329
510
247
768
883
137
801
930
792
515
573
959
838
517
219
478
560
634
899
190
615
973
422
21
774
764
841
320
991
857
315
130
85
232
445
859
112
306
613
922
671
8
244
972
667
979
126
184
153
643
39
454
324
511
225
853
83
545
711
484
549
148
974
378
912
309
574
235
676
6
440
538
275
220
123
679
18
80
189
937
160
292
248
197
726
865
264
681
162
649
274
981
59
858
730
900
773
13
124
984
856
541
965
831
12
19
702
35
1013
158
121
580
57
203
293
928
472
911
52
127
703
926
213
799
742
1014
48
782
135
424
762
71
25
927
168
941
350
840
907
828
206
1012
980
829
891
222
251
544
49
351
479
211
67
826
451
969
321
227
670
975
198
908
297
1006
888
266
27
418
800
271
475
316
328
743
924
194
453
536
642
886
516
214
735
904
180
481
391
186
990
26
890
243
854
109
929
452
874
500
810
1001
605
379
931
79
96
706
940
298
575
34
866
1004
736
767
813
259
640
411
125
115
781
827
943
415
896
1011
226
407
885
732
747
187
138
950
646
113
44
450
644
797
99
196
154
507
956
282
103
223
265
33
729
668
163
171
41
149
942
73
602
476
892
387
31
824
116
95
101
7
380
734
936
832
889
414
737
419
217
639
221
117
185
128
518
867
167
141
486
873
427
172
576
317
830
958
447
284
1022
898
581
964
65
915
504
90
887
314
611
884
104
579
901
637
91
919
353
868
140
188
181
951
147
75
410
925
939
1023
260
129
833
477
347
279
357
389
157
790
769
295
381
386
957
352
897
697
910
744
860
234
607
443
708
384
707
988
46
514
296
325
348
638
947
250
845
108
355
693
864
245
182
43
89
548
164
960
968
413
971
645
77
224
2
289
4
382
193
14
804
242
76
906
156
92
842
88
954
1002
215
905
152
178
142
918
793
287
837
385
60
772
70
28
319
938
255
628
506
1017
1003
512
37
963
74
98
356
916
962
24
876
183
36
949
143
675
102
509
952
612
547
9
875
970
913
94
871
855
191
699
216
134
45
64
133
895
66
416
263
955
917
989
513
578
761
923
738
674
354
648
798
32
166
803
976
935
68
1021
444
442
246
218
967
111
483
107
254
713
987
539
740
360
836
349
894
508
262
30
53
327
303
635
746
177
766
155
778
286
733
136
294
1008
741
313
701
636
903
179
662
228
546
258
420
146
69
151
358
449
745
994
174
195
100
819
132
953
1020
417
97
318
765
946
11
834
921
996
677
56
480
881
582
909
120
669
118
570
201
725
880
285
5
482
110
759
571
448
501
805
62
428
948
863
986
604
608
280
392
995
861
3
150
170
202
231
879
835
985
51
362
82
78
961
572
257
281
81
359
877
844
1
412
712
55
345
920
207
165
105
621
457
603
322
119
893
770
488
23
802
1018
361
42
305
843
169
540
629
277
61
388
441
945
175
249
993
577
106
145
944
614
878
771
144
609
93
610
1000
474
814
86
0
739
862
992
210
633
87
784
846
273
780
811
326
1010
751
680
815
335
1009
50
114
375
29
1019
54
10
978
779
366
377
695
999
311
594
312
997
239
200
520
619
616
336
569
966
728
788
176
998
785
278
818
977
783
537
22
750
304
409
727
272
503
816
663
368
601
568
558
665
756
847
600
812
241
632
337
584
757
817
310
495
758
617
849
552
848
344
787
664
719
240
343
528
688
209
789
786
562
689
696
399
502
692
720
408
755
752
691
690
631
724
559
367
461
208
489
527
494
376
535
599
620
630
585
753
567
458
526
754
597
723
533
553
521
459
460
721
532
722
565
596
586
531
493
534
598
525
564
595
490
566
557
589
563
492
554
587
522
491
556
