428
460
363
435
492
560
436
493
397
396
592
429
395
434
403
364
404
662
528
437
398
461
561
365
427
331
630
466
459
593
527
362
692
624
655
491
406
394
468
529
272
467
661
271
660
631
366
693
526
399
405
469
332
374
372
438
623
724
626
659
402
842
816
785
754
691
598
342
494
373
240
843
756
761
300
784
723
426
599
559
270
371
458
333
625
663
303
180
875
877
201
232
711
273
755
330
809
792
658
654
878
793
490
234
760
390
233
678
215
817
594
876
786
753
910
389
613
246
815
743
710
841
248
148
247
202
367
304
302
357
581
379
347
645
627
536
279
646
346
343
844
974
1006
306
874
656
297
309
845
742
810
311
147
57
239
524
725
266
653
181
375
453
470
677
848
523
265
149
141
685
568
823
498
214
788
422
908
840
283
421
847
992
455
89
200
301
850
315
960
798
729
993
411
728
913
998
227
358
975
604
818
282
299
29
296
591
549
679
744
170
991
58
1005
959
814
787
846
977
994
704
707
452
384
709
264
939
945
854
938
90
540
284
765
667
740
519
926
525
573
766
321
907
737
48
4
705
15
221
74
75
27
644
278
49
922
946
59
797
122
142
169
354
95
830
829
253
286
61
183
73
796
30
316
60
329
614
16
961
105
416
706
869
252
919
1009
47
245
735
104
103
153
448
668
85
136
441
318
341
488
481
611
538
775
1018
189
44
352
113
182
870
199
837
958
80
896
924
701
26
157
672
93
962
578
353
895
386
46
322
476
91
955
508
505
730
235
920
220
17
826
168
639
328
65
258
768
973
872
603
675
513
35
925
167
259
106
79
820
473
736
700
45
97
291
606
487
868
629
251
325
643
702
928
799
196
88
510
226
950
739
28
163
474
350
139
859
133
957
310
356
3
194
1003
807
486
970
927
2
1019
738
217
635
918
819
767
222
256
62
821
86
865
610
867
891
575
934
166
888
152
577
771
317
94
518
320
674
385
483
450
1022
731
132
605
839
262
285
764
92
804
987
261
98
280
324
951
131
979
772
1004
942
326
137
576
863
127
574
126
162
81
37
861
479
6
949
894
544
134
281
929
965
192
673
982
190
230
138
159
608
84
12
734
676
981
125
898
640
834
990
866
897
539
967
121
802
185
287
5
930
191
551
36
67
1001
77
31
580
504
68
195
118
0
800
290
108
14
135
783
971
953
889
937
857
906
997
78
708
112
63
348
260
66
447
732
887
418
1023
572
124
140
858
444
506
932
116
543
477
115
637
292
831
902
822
893
862
978
986
478
158
903
130
355
13
512
892
288
733
642
55
109
1015
641
514
76
294
305
387
100
143
900
699
921
449
225
769
164
638
609
542
917
899
886
229
904
836
323
380
941
25
935
698
501
579
446
936
388
828
1013
83
873
825
985
703
414
412
722
509
107
890
712
860
184
1010
803
64
319
413
188
52
1
806
41
871
154
197
607
923
770
968
1014
931
255
671
546
150
669
99
835
117
443
612
963
34
254
511
72
187
1002
969
636
901
69
680
763
838
349
541
314
417
694
198
165
312
32
33
43
18
257
1020
940
351
451
7
794
916
216
445
381
96
853
905
670
933
980
582
293
231
520
741
972
999
156
123
442
849
289
102
119
38
801
42
879
545
250
383
954
219
1017
223
160
1016
101
218
155
515
70
249
186
129
423
1000
440
1011
54
56
811
228
773
110
952
50
146
19
1012
151
776
128
263
51
855
82
480
984
1021
752
11
600
948
482
976
827
40
298
864
382
851
120
419
684
833
647
87
570
947
359
805
885
813
882
996
111
8
914
377
179
344
213
943
39
956
774
547
634
224
193
571
161
966
988
9
439
832
53
114
909
697
964
269
915
327
20
484
171
407
789
21
562
569
415
391
762
795
983
808
204
409
208
71
277
475
856
173
537
408
433
995
782
881
206
550
454
548
376
517
497
176
695
205
24
472
203
944
244
237
1007
10
485
790
686
912
989
757
824
791
420
308
207
23
583
911
880
516
241
274
267
410
616
211
507
175
615
238
243
144
236
628
212
713
456
177
652
340
22
400
696
430
174
489
812
779
666
552
145
781
295
370
334
648
883
632
378
852
617
209
633
778
780
602
360
584
884
276
361
664
465
275
597
172
495
777
601
745
345
313
681
268
401
178
649
665
210
1008
393
746
759
338
242
530
758
567
751
716
566
471
715
585
307
682
431
502
500
335
727
496
714
748
750
749
392
424
747
336
726
721
339
337
690
565
425
622
651
553
717
522
457
595
687
521
533
368
683
650
657
432
534
503
499
689
618
718
369
535
720
719
596
688
464
462
621
563
619
586
532
620
554
531
463
564
590
555
558
589
587
556
588
557
