586
589
491
595
490
526
492
986
522
558
559
494
495
493
563
527
619
458
596
591
985
590
620
459
585
998
553
460
618
954
462
564
461
617
981
823
953
489
996
977
463
1019
976
997
430
597
521
594
987
759
1008
457
999
792
992
429
824
778
535
531
144
995
811
623
1020
791
426
598
560
963
779
21
844
503
143
599
113
745
978
975
810
842
600
51
628
562
972
278
980
955
944
427
584
1017
855
629
912
632
631
795
592
847
630
621
961
442
664
694
266
979
727
496
904
903
552
42
567
145
758
982
993
10
502
428
613
931
234
633
1010
246
872
207
536
661
815
54
311
663
793
665
24
440
732
310
110
803
862
3
772
410
766
377
376
848
771
746
926
53
277
257
471
693
374
777
146
425
175
965
601
662
251
967
279
917
22
409
142
947
964
181
796
697
611
50
0
949
9
890
916
946
256
568
921
576
886
906
798
1003
86
297
193
994
245
219
914
383
938
622
64
179
265
726
569
225
734
671
730
696
470
915
221
324
441
32
913
966
4
344
375
190
482
614
382
247
960
878
224
854
448
672
235
214
835
608
220
267
55
593
753
41
445
390
504
760
101
356
770
87
276
1009
609
449
414
948
577
528
421
439
160
57
343
233
408
289
943
218
115
187
738
351
473
935
481
381
643
325
316
132
804
236
703
678
180
188
454
606
281
189
65
34
413
695
23
520
544
443
765
206
905
639
141
480
952
106
253
702
178
616
767
29
542
885
74
69
159
744
156
902
182
157
512
412
25
515
118
70
566
28
291
389
739
895
252
213
740
893
879
6
669
350
582
704
176
581
937
870
134
373
644
155
505
516
108
701
39
83
197
259
140
320
62
945
258
833
764
323
871
112
378
199
1
580
537
231
735
95
196
192
415
517
570
733
883
328
153
2
773
731
217
174
752
637
202
380
675
37
298
889
33
227
968
139
170
104
322
800
317
453
642
713
991
761
173
203
85
212
933
68
355
936
167
191
136
769
131
138
881
646
543
5
19
352
168
166
610
550
208
532
133
1021
645
612
607
161
94
877
357
934
290
242
447
451
514
295
843
762
450
52
507
99
776
147
260
456
177
729
479
416
56
292
158
169
452
82
93
483
100
801
846
825
186
198
763
66
88
8
38
284
709
876
43
670
708
444
120
768
84
105
89
280
865
162
918
287
424
475
741
863
485
194
248
92
667
736
832
119
135
911
36
866
638
319
513
222
867
124
201
31
836
285
128
887
96
388
286
579
420
26
910
571
548
111
478
30
747
575
307
899
288
939
574
604
61
151
907
226
275
125
282
834
149
102
103
419
706
35
185
40
75
379
293
164
605
209
417
165
238
349
668
71
422
547
148
411
882
541
615
163
223
150
264
354
90
488
216
728
676
707
539
299
603
296
950
384
171
546
474
200
243
673
44
240
406
117
130
308
573
126
699
358
476
27
506
509
578
306
313
249
508
705
254
137
799
874
7
677
241
116
129
845
711
263
988
239
484
58
107
321
353
962
875
477
327
873
152
312
123
928
127
446
666
860
407
250
73
348
640
545
636
318
712
205
674
261
518
920
229
228
540
59
255
60
511
859
63
283
72
315
510
737
262
345
172
472
364
91
314
802
700
572
649
363
386
822
78
121
237
210
330
534
785
858
184
561
18
294
342
359
635
98
797
641
959
387
109
97
347
215
20
805
230
268
519
122
67
346
269
565
897
391
891
360
79
680
841
538
393
742
326
274
395
549
385
305
932
864
273
195
940
1000
77
806
880
114
211
341
309
183
648
929
970
154
11
329
232
817
392
898
831
551
790
362
698
679
204
884
244
650
919
774
361
749
300
990
418
455
583
754
816
927
909
332
1013
394
837
431
271
710
340
725
627
602
723
743
839
438
896
780
838
487
331
813
681
423
304
647
17
486
46
76
809
888
828
14
794
775
892
808
830
338
894
868
16
956
405
942
807
302
634
45
339
624
849
958
333
301
270
272
1023
812
971
714
81
722
989
827
856
13
47
923
372
908
625
337
901
930
826
49
15
748
464
829
861
755
724
857
941
12
303
1022
48
850
336
840
757
925
1014
900
751
853
951
969
814
335
80
365
750
396
530
334
869
924
398
529
660
500
957
721
973
499
781
717
974
404
437
691
397
533
1011
690
851
682
657
786
1007
1002
371
756
501
783
818
689
715
692
720
784
656
368
1012
651
1004
369
1001
716
1016
683
366
652
718
626
655
852
984
367
653
821
719
789
467
399
654
469
370
983
787
497
468
684
685
688
782
788
432
498
400
436
466
658
465
686
1006
403
687
659
820
819
1015
1005
401
435
433
402
434
