124
111
63
95
93
65
66
67
68
69
70
71
72
73
74
75
76
77
94
78
80
81
82
83
84
85
86
87
88
89
90
91
92
79
254
255
256
418
419
420
421
422
423
424
425
426
427
428
429
430
417
431
433
434
435
436
437
438
439
440
441
442
443
444
445
432
446
416
414
386
387
388
389
390
391
392
393
394
395
396
397
398
415
399
401
402
403
404
405
406
407
408
409
410
411
412
413
400
385
447
449
482
483
484
485
486
487
488
489
490
491
492
493
494
481
495
497
498
499
500
501
502
503
504
505
506
507
508
509
496
448
480
478
450
451
452
453
454
455
456
457
458
459
460
461
462
479
463
465
466
467
468
469
470
471
472
473
474
475
476
477
464
384
383
382
289
290
291
292
293
294
295
296
297
298
299
300
301
288
302
304
305
306
307
308
309
310
311
312
313
314
315
316
303
317
287
285
257
258
259
260
261
262
263
264
265
266
267
268
269
286
270
272
273
274
275
276
277
278
279
280
281
282
283
284
271
318
319
320
354
355
356
357
358
359
360
361
362
363
364
365
366
353
367
369
370
371
372
373
374
375
376
377
378
379
380
381
368
352
351
350
321
322
323
324
325
326
327
328
329
330
331
332
333
334
335
336
337
338
339
340
341
342
343
344
345
346
347
348
349
1022
1023
