635
372
460
229
664
657
399
178
56
463
717
684
400
206
272
425
233
404
522
1
438
704
8
220
782
660
82
439
554
654
582
246
476
170
377
604
241
182
579
659
757
250
661
535
115
718
413
474
210
222
219
494
154
129
645
207
204
30
5
620
632
465
125
165
701
345
375
352
758
163
155
519
688
627
462
121
608
625
194
617
678
349
555
244
42
539
671
52
415
391
218
25
636
728
274
783
653
461
44
628
471
464
150
130
435
181
33
407
573
681
256
124
278
203
607
527
348
526
629
335
243
3
409
344
126
131
702
429
540
123
583
598
553
273
162
137
208
686
696
414
457
467
481
426
311
324
381
437
507
552
638
545
468
510
160
779
650
541
596
173
589
528
478
499
565
619
180
89
581
641
275
142
127
639
284
118
523
157
119
143
564
649
159
225
101
364
380
600
109
470
760
107
497
543
13
574
333
190
495
408
441
547
531
599
443
316
247
117
40
337
312
595
393
753
469
563
601
161
353
570
479
191
376
201
128
482
136
158
568
122
575
509
211
546
61
613
43
106
631
365
611
723
498
722
110
571
12
195
637
603
566
592
580
305
538
537
138
529
209
602
113
156
69
567
614
669
698
569
100
62
63
60
508
277
169
556
726
36
251
618
35
34
420
674
421
572
102
557
95
51
87
41
99
77
648
166
103
451
108
591
473
610
724
416
98
105
70
362
536
192
505
392
45
444
761
64
50
223
646
91
193
472
477
88
93
90
647
49
79
96
76
590
449
48
197
78
68
75
224
94
642
97
422
37
66
65
450
675
47
104
92
71
74
38
73
670
306
72
46
334
67
