164
177
248
283
219
252
229
582
383
885
709
507
778
454
912
914
647
581
666
551
211
969
391
139
294
171
418
230
99
764
859
315
6
698
40
386
261
76
828
263
827
519
736
930
799
1001
866
264
508
972
131
123
420
704
39
178
27
262
935
982
911
832
864
768
1011
542
641
63
232
654
79
779
984
173
807
801
14
228
516
671
206
152
823
282
931
796
216
184
883
238
941
328
511
122
640
8
721
633
784
831
762
197
934
882
602
1013
853
651
763
791
1015
427
933
210
20
1005
865
124
1016
745
1004
808
276
346
237
298
899
81
703
48
777
759
531
424
31
693
19
329
236
942
364
780
270
205
243
463
396
850
305
304
425
397
776
430
204
615
303
49
795
17
360
852
758
47
426
16
362
820
622
332
746
18
407
406
113
819
392
300
330
112
583
851
268
535
501
536
752
496
783
661
275
308
242
393
299
562
694
274
306
267
440
361
269
439
504
394
593
682
782
341
781
471
502
747
398
472
503
338
714
373
470
438
80
751
500
715
302
690
726
301
337
621
748
529
405
750
307
660
530
749
340
686
370
371
437
339
333
683
561
404
372
469
716
689
653
499
718
365
687
720
336
717
625
719
652
468
688
436
431
685
335
334
399
659
684
403
657
366
626
369
368
367
435
467
658
464
402
498
401
497
400
432
434
466
433
465
