-0.19206738
-0.1017158
-0.10623312
0.19381618
-0.06529808
-0.024225712
-0.035927057
-0.20446277
0.11347771
0.0060961246
0.032774925
-0.15511107
0.044596195
-0.16753745
-0.3340621
-0.2832148
0.023184538
0.14127016
-0.11888981
0.06674957
0.032853365
0.07832742
-0.123018265
0.08322525
0.0391984
0.04610896
0.03485942
0.056502342
0.017273664
-0.039943695
-0.0068728924
-0.22134161
-0.06066227
-0.18349576
-0.06464362
-0.42056203
-0.101745844
0.47794914
0.19345641
-0.9667351
-0.8294399
-0.60369277
0.43977928
0.0951519
-0.7185025
-0.5455258
-0.40186477
-0.50071096
-0.26145267
0.003844738
0.03792858
-0.21221423
0.10883546
-0.077432394
0.016177893
-0.042731285
-0.12546849
0.0009729862
-0.16900301
-0.9353559
-0.4068563
-0.055265427
0.008523226
-0.66988397
-0.23014522
0.20555735
0.25148487
0.61409926
0.17051291
0.84638596
1.0834097
1.3049214
1.1533937
0.5462768
0.7726023
0.4699638
0.52153563
0.021101475
0.23889351
-0.7851689
-0.42914057
0.047540188
0.10680175
-0.09772539
-0.06399441
-0.19953442
0.3790171
-0.40645742
0.15122247
0.4315424
0.7843311
0.14334226
0.40132022
0.34660864
0.48496175
0.18236303
0.6179271
0.31437707
0.41174436
0.44863105
0.75383806
0.46626306
0.35132813
0.4078548
0.9213886
0.3651576
0.23586297
0.16652799
0.5432682
0.62512136
0.25672197
-0.14227486
0.05005169
0.52881217
1.1201831
0.58288336
-0.062057734
0.70404434
0.10158992
0.21839547
0.24862409
-0.25245905
0.30560207
-0.053267002
0.05631447
0.13489127
0.1988039
0.26850343
0.57000875
0.03049779
0.28318644
0.35521507
0.034323692
0.091962814
-0.12888432
-0.6035342
0.89414024
0.6287923
0.8374357
-0.6969888
-0.032841682
-0.016652822
0.62890935
0.6510296
0.35665894
0.8334422
0.37759328
0.36289907
-0.3305993
-0.15797424
-0.41763496
-0.4909382
-0.13765001
-0.11580062
-0.03551984
0.023905754
0.093127966
0.045717716
0.009095907
-0.005030632
-0.020649195
0.09441662
0.14632416
0.0941093
0.22656512
-0.09910703
0.47777557
-0.67368317
-0.09055638
0.48509192
0.2716472
0.31790543
0.042659283
0.21980762
0.21947336
0.02796793
0.1292057
0.30172133
0.0013911724
0.022704124
0.062209368
0.3767643
0.3695848
0.13119388
0.17369461
0.27535248
0.10046363
0.044463873
-0.043041945
-0.34297752
-0.20153642
0.17847991
0.49141407
0.9595723
1.8221202
0.5730555
-0.15252972
1.6397153
-0.13320136
0.22046375
0.08386254
0.113651276
-0.005872965
0.09690046
0.1023252
0.08339739
-0.0010454655
0.29900622
0.1585238
0.23163366
0.13812971
0.11066055
0.00834775
0.15628433
0.23022938
0.051306725
0.040555477
-0.10545468
-0.10547137
0.09753299
-0.20891404
0.38980055
1.5035915
0.47643566
-0.4549992
0.59075737
-0.14421415
0.0052342415
0.1127193
0.21260667
0.24062562
0.12355089
-0.1413579
-0.02954197
-0.14962626
-0.061870337
-0.08051205
-0.13359547
-0.047603846
-0.40491104
-0.012630701
0.10157633
-0.097818136
-0.12701654
-0.011039019
-0.07548213
0.14756727
-0.3068688
-0.23413563
0.814816
1.3901845
0.591094
0.21669984
1.1439031
0.18202233
-0.050730705
0.12604785
-0.24711609
0.0066051483
0.3625307
0.2018888
-0.055958986
0.18165231
-0.18707085
-0.12843585
-0.13539219
-0.0038275719
-0.08815527
-0.13574433
0.0256567
0.12564278
0.18682504
0.042939425
0.26611233
0.094591856
-0.31443834
-0.30137753
1.0037479
1.4778131
0.14459515
0.25971532
0.5258179
-0.57276964
-0.26182485
0.1916554
-0.15580511
-0.0538342
0.22768116
0.013713121
0.11107993
-0.21144843
0.19721866
-0.007912874
-0.037409544
0.17838693
0.39075232
0.24621058
0.021805763
0.026492357
-0.21894193
0.106591225
-0.014908075
0.006432295
-0.34675097
-0.114518166
0.5113864
1.1689975
0.36184216
-0.5311892
-0.6380768
-0.19109726
0.6797006
0.5731156
0.36573458
-0.052628756
-0.011736155
-0.00063180923
-0.028333187
0.07795262
0.019746065
-0.053071737
-0.088202715
0.660352
0.8888922
0.24519205
0.34805083
0.07192707
-0.04791403
0.13144445
0.25334668
-0.34736657
-0.014215469
-0.36157227
0.4220245
1.8186347
0.85468173
-0.6187763
0.24245119
-0.20565772
-0.118145704
0.18582225
0.4167223
-0.17671919
0.1078763
0.32613134
0.2863798
0.14049506
-0.08884716
-0.084138155
0.005204916
0.6042316
0.53435016
0.45263648
0.13999152
0.20591211
-0.008599758
0.2184875
0.17411852
-0.33481026
-0.6716628
-0.75006676
0.5908539
1.7882984
0.6537576
0.22143054
-0.10005903
-0.017741919
0.013888359
-0.6990354
-0.22004962
-0.2817726
-0.14815354
0.02396655
0.07099724
0.20599365
0.027849436
0.2729094
0.32690048
0.37184858
0.5012026
0.3000555
0.31234598
0.28588414
-0.00434947
-0.35927606
-0.03286028
-0.4332323
-0.42870498
-0.13567853
0.49617815
1.0789602
0.07396078
0.07250166
0.63900566
-0.19625592
-0.1294949
-0.15084004
-0.66142035
-0.5931816
-0.17458415
0.11994004
0.03557396
0.0045912266
0.18428564
0.31364012
0.3316226
0.39665222
0.31160283
0.36506248
0.17525196
0.20876431
-0.034267187
0.049933672
-0.015370369
0.028435469
-0.49465537
-0.40116525
-0.05188918
-0.8127258
-0.57159877
-0.2360375
0.8766155
0.8258333
-0.13935518
-0.09381819
-0.7004523
-0.016283274
-0.05733967
0.27511144
0.26004887
-0.21062613
0.39660263
0.4522133
0.44378543
0.42916274
0.2332542
0.47320318
0.1862092
0.15438509
-0.013054609
0.16723514
0.06573105
0.095052004
-0.1163187
-0.4684937
-0.5862994
-1.0816329
-0.26412058
0.13362932
0.8880789
0.70342207
0.448745
0.09059
-0.19014406
-0.008879423
0.036676407
0.19829988
0.0035989285
0.011571169
0.19975066
0.20851707
0.42993498
0.44670272
0.2599578
0.32338524
-0.066720486
-0.08679247
-0.0032508373
-0.037214518
-0.016495943
0.009439945
-0.046800613
0.17972517
-0.35360622
-0.090759754
-0.5367782
-0.005556345
1.3038052
0.040318012
0.93206334
0.55896497
-0.09698248
0.15653443
-0.019800901
-0.00093364716
0.12651658
-0.11042881
0.17692065
0.2563002
0.4469738
0.32707477
0.2250781
0.10952711
-0.0719409
-0.048183203
0.06569958
0.045132637
-0.27291894
0.10683656
0.17921352
-0.1931417
-0.8980622
0.17718506
-0.8443105
-0.31508374
1.2533056
0.46843433
0.8150947
0.1628933
0.29623842
0.21844816
0.0045022964
-0.009445906
0.062241316
-0.30947328
-0.0063073635
0.26217914
0.38446164
0.1703248
0.13484955
-0.04848981
-0.1189692
-0.020025015
-0.029371262
-0.16913629
-0.032049894
0.08086538
0.023849964
0.22905469
-0.26156497
0.15058923
0.37998724
0.39373064
-0.39767337
0.21606922
0.56756663
0.3557725
0.1317277
0.07146263
-0.08605099
-0.011126518
-0.14481115
0.0127875805
-0.056417942
-0.29917502
0.10969019
0.051875353
0.16911745
0.17634153
0.21433568
0.10187626
0.013750553
-0.027270794
0.07408476
-0.20727682
0.33555388
0.37283325
0.5496094
1.054177
0.63105273
0.07904911
-1.189657
-0.38257146
0.17671561
-0.24571443
-0.8800082
-0.03477955
-0.107345104
-0.009485483
0.16472268
0.08171153
-0.12939024
-0.28380537
-0.32785225
-0.030883312
-0.090960026
-0.15130377
0.13155794
-0.0018401146
0.044832468
0.0052831173
-0.23433542
-0.23147058
-0.16458869
-0.20718312
-0.16897583
0.96119523
0.33313823
0.8886044
0.15493989
0.40444303
-0.13575578
0.045028448
-0.34106088
0.0887239
-0.0041980743
-0.026960135
0.022568226
0.107017994
-0.024417639
-0.1926279
-0.01028204
-0.08044219
-0.16797328
-0.3213501
-0.044835806
0.14339757
0.07036209
-0.15822315
-0.3201921
-0.40747833
-0.8216827
-0.9285166
-0.016113043
-0.71043086
-0.4010589
0.5846703
0.6226244
0.25505853
-0.48490548
0.19830823
0.060860395
-0.0031123161
-0.1723175
-0.26749945
-0.3157792
0.0774281
0.22728395
-0.033024788
-0.4180684
-0.22291446
-0.049904108
-0.15053701
0.12902308
0.3060887
0.002485752
-0.18305802
-0.28413177
-0.59003377
-0.49157572
-0.7626691
-0.045092106
0.7108116
-0.5025041
-0.14234328
-0.014426231
0.4297893
-0.40049934
0.15059805
-0.0020213127
-0.2899723
-0.20929098
-0.2750802
-0.06016469
-0.26264477
0.051452875
0.063117266
-0.08568835
-0.114361525
0.06302118
0.102553844
0.28377032
0.06261134
-0.05749917
-0.3124218
-0.41803646
-0.8914387
-0.76506233
-0.58251786
-0.3435321
1.9354215
0.032720804
0.052130222
0.030096292
0.4265101
0.13169527
0.20312119
-0.21494532
0.31491995
0.15989614
0.06888819
-0.03169632
0.064282656
0.102589846
-0.22646284
-0.027756691
-0.23731303
0.019462347
0.00031161308
-0.086055756
-0.3907237
-0.072588444
-0.077795506
0.048113823
-0.8555937
-0.6665423
-0.30073357
-0.9721601
0.54885674
-0.24430895
0.024324656
0.09329748
-0.20396638
-0.3905418
-0.5160334
-0.15857124
0.7203784
0.8476014
0.743582
0.46415067
0.3042996
-0.02364564
0.51474524
0.3445053
-0.0012352467
0.108944416
0.035573006
0.4827845
0.1888156
-0.11246109
-0.4585259
-0.5378983
-0.016525507
-0.13110495
0.6015179
-0.29948926
0.50352097
-0.11593485
0.18712044
-0.1278727
0.018249273
-0.5727267
-0.88890314
-0.81236887
-1.0927103
0.21986747
0.12314129
0.30636024
0.55894613
0.22004795
-0.9027567
0.5071204
0.42402577
0.08073974
0.2813487
0.7695539
0.55706716
0.32277632
-0.18674707
-0.11311579
-0.29500794
-0.4373803
-0.3608787
0.42468834
0.0037090778
-0.082326174
-0.2941463
0.09970713
0.26423073
-0.11510444
0.59947515
0.8971989
0.12133074
-0.12617803
0.02071786
0.3534124
0.1987307
0.16761374
-0.0629549
0.40523148
0.05496359
-0.03717351
0.40813994
0.079704285
-0.056646347
0.89771795
-0.045481443
0.25179696
-0.13403964
0.55161524
-0.13646245
0.09800744
0.035218
0.12966752
