334
306
642
193
670
277
71
72
46
88
675
278
723
251
276
724
362
250
104
75
38
42
110
73
248
78
90
166
92
106
197
722
223
107
647
105
43
74
249
192
37
41
305
97
741
392
674
94
96
108
449
138
420
136
45
477
221
761
717
194
304
585
422
505
719
709
47
62
472
34
707
639
50
335
224
669
49
48
76
98
91
333
747
587
703
746
743
765
769
421
12
753
648
36
764
768
247
63
222
165
70
137
718
102
77
613
619
738
393
195
641
416
87
371
51
40
99
713
444
113
706
35
103
690
220
499
716
762
284
739
95
649
368
688
679
364
93
133
763
767
79
742
712
443
290
39
497
13
495
591
620
646
572
191
232
552
745
343
58
744
135
569
100
708
686
160
638
710
588
122
715
459
534
532
617
289
89
161
64
3
318
219
750
61
60
445
291
67
721
650
538
691
701
766
337
494
128
760
169
372
151
616
44
773
275
69
109
441
101
263
231
685
526
158
783
164
365
119
604
570
681
370
432
682
116
33
692
378
190
258
127
406
645
167
163
548
623
498
173
568
689
205
259
212
350
178
363
149
711
573
401
54
130
217
82
233
288
27
23
549
159
140
678
780
470
754
473
433
414
52
524
430
772
379
57
8
168
215
547
550
20
684
285
382
403
626
117
121
214
577
575
553
427
273
571
162
487
28
699
611
732
667
9
758
315
450
782
19
286
578
394
413
676
6
345
781
528
225
112
281
438
1
480
377
471
279
398
339
468
429
574
510
373
244
436
207
346
521
206
344
131
2
32
185
462
316
467
560
624
731
496
322
546
426
181
661
610
680
129
397
179
779
687
317
21
157
563
209
554
452
637
405
123
727
124
698
555
671
354
523
729
672
253
666
154
30
400
492
755
85
383
125
565
386
704
145
126
5
186
658
213
469
208
636
294
599
567
396
598
453
659
600
643
319
660
579
211
601
236
652
404
183
234
493
540
187
56
632
423
235
351
478
634
204
486
0
153
730
663
431
115
17
757
264
749
607
216
152
557
238
155
139
629
10
635
576
657
458
509
668
395
424
86
654
726
147
622
243
188
683
655
218
313
651
461
182
230
156
630
725
356
434
11
239
476
618
566
720
177
537
653
415
84
728
561
311
384
664
428
633
644
374
143
615
564
274
694
522
340
260
625
525
141
353
261
451
589
307
491
748
180
673
621
756
527
184
240
508
439
609
342
700
246
737
714
120
551
53
172
580
628
581
407
375
777
656
583
520
597
740
111
482
303
266
500
513
262
196
18
66
245
776
778
134
512
399
515
665
543
332
594
252
189
59
456
68
774
533
544
455
309
483
504
640
454
387
336
