418
446
697
474
475
391
447
80
696
503
529
419
590
531
501
612
65
558
557
171
611
702
226
198
733
79
734
614
389
67
81
618
668
473
584
695
640
44
282
360
139
591
666
610
68
66
583
228
667
170
417
693
564
646
388
425
451
390
118
14
64
559
361
283
694
502
581
732
748
664
199
665
330
638
142
143
257
478
580
607
669
619
740
59
563
637
115
554
586
621
726
530
528
720
268
93
452
705
181
689
200
15
636
239
254
297
639
241
698
286
569
298
589
209
240
167
472
91
256
445
527
752
184
460
454
384
582
211
651
89
471
751
95
399
189
556
303
650
444
358
571
207
508
453
182
210
96
457
749
31
579
468
238
609
488
448
568
267
162
169
561
359
458
383
509
308
7
555
493
22
86
565
578
608
114
479
202
262
692
481
759
387
56
684
30
18
756
128
183
597
494
85
77
83
53
195
76
704
412
285
658
673
570
25
153
523
450
208
495
97
175
512
0
647
606
731
671
467
483
149
340
255
232
730
109
537
690
218
51
411
727
156
296
660
98
1
224
553
269
29
603
302
33
275
574
5
55
428
687
261
245
84
160
141
551
270
225
111
482
577
562
144
736
233
134
16
757
8
258
274
598
26
244
10
336
2
60
87
465
635
439
632
161
628
11
641
159
699
234
120
212
356
613
188
99
314
176
236
521
538
415
150
548
214
357
43
486
122
484
216
152
237
187
92
461
242
515
600
681
367
174
147
728
203
132
440
631
455
259
575
4
301
185
206
196
179
58
74
543
299
615
659
657
510
300
213
205
498
547
541
683
516
626
627
246
572
154
204
355
700
500
714
6
519
644
526
593
550
661
327
755
520
271
424
470
594
601
763
729
129
654
783
504
127
656
243
19
560
94
309
168
469
676
487
517
782
596
190
430
215
272
441
404
754
155
123
426
466
630
332
165
719
780
648
507
266
24
438
546
678
119
273
685
45
602
513
485
20
595
235
264
643
599
688
476
100
552
377
217
405
701
17
429
540
326
21
625
691
177
311
511
28
649
410
413
39
490
672
231
82
23
201
652
163
758
265
180
721
645
354
385
140
456
69
9
682
54
331
32
480
525
622
57
489
506
725
549
125
148
518
40
592
433
711
716
229
61
126
735
47
130
653
522
435
524
157
406
629
459
112
764
398
63
605
365
536
403
350
368
307
680
378
27
52
349
427
464
715
770
496
329
781
279
186
710
686
573
313
492
117
437
35
491
121
260
339
338
124
744
400
397
776
324
514
263
576
542
739
616
431
146
48
380
395
73
316
3
101
288
633
463
434
386
36
407
436
462
423
624
158
535
227
291
381
545
294
230
328
374
737
178
408
289
655
771
750
382
767
348
345
364
325
396
352
409
442
620
585
416
497
777
70
346
223
353
617
319
712
373
401
402
747
414
663
499
252
449
634
679
172
151
13
102
623
113
310
778
544
251
567
344
247
333
432
131
363
72
138
539
708
779
50
768
762
375
295
376
280
293
766
292
718
713
75
164
677
342
347
41
34
46
533
135
369
370
