615
523
470
387
82
4
166
178
685
279
431
552
243
579
258
565
333
745
749
429
695
737
504
176
179
475
430
669
741
610
227
432
585
481
0
617
221
551
53
340
652
184
420
522
561
35
345
111
62
583
12
616
684
524
631
696
441
9
205
29
206
377
272
7
112
15
11
344
512
469
756
593
334
6
717
718
177
699
413
494
140
372
306
239
742
403
236
295
511
721
683
301
675
604
611
260
346
477
482
564
509
269
18
261
622
359
542
546
653
271
60
128
545
729
519
401
232
259
268
690
238
342
270
440
133
231
710
253
123
715
210
93
521
682
265
149
371
490
125
719
241
264
137
290
414
211
712
714
396
520
514
159
126
136
262
58
706
456
122
713
226
404
185
544
405
772
450
288
267
198
263
216
402
711
286
314
472
285
204
240
292
592
543
781
289
400
573
369
693
549
213
167
242
533
709
341
161
574
691
319
202
287
443
680
300
664
397
678
214
679
412
296
761
692
370
541
649
540
570
446
266
378
596
338
186
201
250
657
415
385
99
438
215
121
162
704
322
191
134
174
576
503
626
528
135
647
656
313
708
483
98
716
131
399
766
173
734
750
375
500
366
628
627
323
382
384
383
665
426
689
453
416
444
600
308
654
488
278
386
428
625
283
535
256
398
102
96
454
563
630
312
163
764
194
310
294
100
738
104
427
425
599
97
116
395
629
748
26
556
187
336
77
778
489
30
730
743
376
487
101
391
423
392
530
518
324
744
724
598
87
480
406
394
103
33
293
192
393
172
144
597
91
326
165
188
34
145
79
349
330
419
354
325
73
702
586
41
66
63
8
351
759
655
31
347
642
24
478
320
64
189
410
735
700
726
411
465
321
49
199
55
171
619
117
255
84
95
114
754
674
407
455
70
76
45
448
614
348
120
90
5
353
105
363
138
71
672
381
115
436
190
703
409
110
21
65
81
762
2
771
281
763
473
358
32
731
422
42
517
327
501
356
92
329
10
733
643
20
355
27
352
379
46
365
515
437
408
48
380
569
568
516
69
328
357
