248
276
219
567
618
247
463
566
106
591
390
451
538
44
491
434
595
462
447
362
589
506
697
222
1
571
282
559
74
531
305
485
332
777
51
86
304
676
646
156
507
486
22
572
461
157
275
464
59
56
705
783
722
421
474
75
361
67
677
534
118
72
277
146
220
16
141
307
670
578
634
560
280
388
747
594
736
769
37
632
155
43
218
107
175
360
164
148
200
119
129
223
249
459
309
707
142
770
109
154
667
757
193
635
139
244
251
284
513
252
633
89
254
728
780
638
50
479
452
673
19
550
553
460
580
606
195
666
246
433
499
753
659
54
168
562
158
648
644
471
525
40
484
339
389
417
502
539
132
364
668
311
458
605
36
581
532
732
229
335
418
108
85
225
492
14
28
38
23
608
637
746
17
13
80
723
61
612
476
752
607
660
767
775
701
274
620
337
130
39
257
457
442
584
228
751
590
197
658
773
203
78
435
587
113
83
153
779
445
498
727
88
245
52
671
577
650
94
170
641
273
582
3
57
639
143
495
758
663
169
609
151
765
739
774
557
645
725
527
331
558
449
640
760
25
47
510
496
613
740
624
497
468
217
554
621
508
537
529
424
350
150
661
181
694
686
318
636
291
467
623
768
698
196
68
526
182
224
180
152
303
782
212
234
208
373
183
207
235
302
127
536
368
343
233
493
662
209
720
316
315
687
124
317
555
651
547
681
237
588
230
548
439
688
160
466
505
575
374
601
367
602
147
298
603
299
297
776
755
