434
433
402
403
404
397
436
430
465
396
592
435
437
651
466
405
395
591
560
429
653
464
652
623
364
654
463
498
650
497
624
626
683
684
682
496
372
685
462
363
528
365
529
622
401
394
561
428
593
530
468
371
659
431
467
469
373
398
655
627
427
406
495
974
438
594
625
562
714
559
715
426
850
1005
432
331
1015
658
1006
341
660
979
340
851
694
1007
370
820
362
374
914
716
333
300
332
499
15
494
330
329
342
237
726
47
809
299
973
943
975
16
236
686
841
662
980
813
819
661
882
526
205
911
1012
247
48
731
874
679
776
946
981
1016
763
794
455
487
821
792
311
1013
519
883
907
693
888
628
573
551
80
308
301
808
279
276
309
823
1014
760
269
298
307
700
910
425
233
1004
17
139
842
667
390
912
713
49
346
825
268
869
393
1011
746
297
283
698
791
606
266
315
542
141
704
244
845
112
872
486
446
248
681
475
672
711
423
252
122
73
422
678
574
261
347
421
748
189
84
913
58
267
57
204
302
717
857
63
775
826
113
673
768
982
510
796
543
709
858
705
777
947
235
253
646
72
710
321
507
161
159
137
575
668
40
922
18
291
473
256
67
840
856
942
34
983
221
550
902
641
822
453
839
541
173
613
190
807
485
859
870
147
130
605
795
316
290
806
158
478
379
384
518
445
743
411
479
915
644
104
230
12
476
764
194
192
706
284
162
732
889
934
35
115
116
643
138
454
65
959
500
46
357
74
148
1001
85
103
288
98
389
737
352
847
865
220
852
259
890
88
647
545
801
38
378
994
873
991
854
930
90
95
153
222
580
13
25
232
517
742
735
927
965
324
581
20
484
549
1023
744
260
83
131
960
962
477
199
203
121
229
924
828
127
582
71
838
149
443
707
1022
544
75
265
511
671
928
637
350
656
892
320
180
89
730
926
708
39
351
891
380
135
868
896
234
355
140
270
157
96
773
829
383
899
670
126
990
356
846
353
177
452
214
26
702
59
323
134
160
225
292
875
197
246
52
674
837
804
799
251
767
640
969
168
867
925
508
287
932
217
929
385
44
900
638
675
198
325
611
212
31
339
639
227
124
676
201
642
154
125
117
774
879
958
129
516
391
319
578
123
419
515
447
102
963
904
277
418
191
184
354
607
91
645
132
810
740
451
99
68
314
41
703
97
448
171
901
33
618
36
211
734
238
957
107
70
984
956
328
21
293
677
226
219
576
614
358
615
898
318
296
830
933
317
1020
27
937
136
8
414
223
954
583
66
976
906
514
895
213
936
118
188
996
258
6
450
2
375
800
509
955
903
897
831
772
322
64
548
416
413
871
206
163
193
666
79
187
923
32
992
866
156
196
988
101
128
254
608
92
798
348
37
386
167
105
993
245
1021
166
242
30
481
3
81
945
224
146
881
250
133
612
181
108
69
964
797
505
931
987
43
243
7
255
286
827
444
908
387
793
264
164
579
152
62
967
94
766
461
28
832
228
814
55
701
699
285
179
106
289
546
769
547
860
182
19
736
935
501
527
762
186
836
894
185
271
282
610
257
765
833
986
60
590
100
4
886
143
109
997
382
536
172
738
200
512
9
215
1
415
493
417
629
295
412
741
733
76
803
82
863
861
887
781
155
998
169
53
961
183
29
884
1017
5
609
893
916
483
280
170
381
51
359
649
165
513
864
218
712
388
995
231
142
834
778
482
275
989
805
56
420
636
0
480
761
178
540
790
144
195
729
968
695
818
941
449
262
77
577
216
1018
263
327
657
824
1019
1010
572
294
770
835
86
11
61
999
93
1003
120
669
202
410
207
504
739
878
42
938
119
24
950
50
349
802
919
281
14
953
905
1009
310
853
862
249
326
439
54
771
844
313
151
745
843
210
114
727
176
759
441
360
273
939
334
921
274
343
951
749
150
966
725
472
634
306
604
440
456
978
407
278
918
145
23
87
848
728
361
788
952
45
174
880
1000
175
747
885
22
506
538
539
10
697
474
470
876
780
78
442
782
855
635
111
633
240
779
603
680
338
571
303
972
970
569
424
537
392
849
272
312
985
815
241
520
488
917
239
940
602
1008
811
877
209
110
920
687
525
977
817
949
345
665
305
718
568
304
558
663
1002
944
948
909
648
570
630
471
816
758
724
696
208
408
601
616
409
457
789
784
812
552
335
971
377
664
617
692
757
785
756
632
400
600
366
584
689
533
621
337
336
690
344
369
787
597
723
376
631
750
783
399
691
751
368
503
502
619
460
598
565
786
719
531
367
755
722
595
752
688
489
492
521
585
458
753
599
566
459
567
553
720
721
589
534
535
620
563
754
532
557
596
586
524
490
491
564
554
587
588
523
522
556
555
