544
572
543
568
569
248
571
570
211
106
516
567
74
249
72
68
542
65
557
774
276
541
560
93
219
210
502
222
75
529
67
634
156
193
165
615
37
558
191
768
595
449
339
671
190
221
163
676
306
94
195
169
135
39
517
334
773
515
47
782
390
133
38
613
669
561
675
585
562
418
82
753
606
545
635
781
129
772
765
540
40
157
279
98
728
736
588
333
605
566
58
146
760
220
23
698
54
533
119
780
596
36
633
254
761
25
126
451
118
139
477
130
166
505
508
489
450
282
4
44
136
50
758
28
573
366
746
752
335
476
751
503
189
769
225
158
125
607
192
578
389
740
85
127
113
1
739
197
725
590
224
3
506
701
779
447
556
577
767
474
479
17
608
599
461
188
22
600
770
168
364
307
311
745
620
52
646
337
361
159
56
597
636
200
43
170
14
576
507
645
86
504
16
417
57
587
134
598
143
610
592
696
59
697
227
584
446
148
132
559
280
445
670
122
284
641
663
601
141
648
252
775
247
238
531
97
612
160
514
677
721
124
783
153
223
161
187
11
488
749
609
528
757
637
218
534
549
594
589
99
581
580
19
622
611
239
625
162
362
618
217
229
340
142
367
639
554
128
666
123
109
742
550
527
579
228
175
61
285
661
553
251
624
257
499
638
626
513
89
640
662
152
203
539
548
650
183
526
100
379
732
452
250
176
216
309
304
706
107
532
182
623
538
743
537
512
92
395
582
629
551
664
70
278
96
694
552
565
150
186
491
604
520
351
667
237
341
331
690
522
463
277
360
652
265
521
121
95
487
377
723
424
686
644
523
627
405
80
77
349
13
215
687
88
246
177
727
628
388
149
332
593
258
108
18
83
695
196
131
194
685
204
481
555
231
511
101
525
303
151
475
293
286
501
495
486
691
288
387
658
275
433
665
591
496
524
471
688
660
205
653
321
209
0
314
9
617
716
76
29
519
616
287
632
407
747
181
497
15
111
413
305
312
112
245
435
103
226
313
35
441
442
102
420
509
756
699
62
460
7
712
414
439
185
71
621
467
412
359
178
684
140
6
689
384
253
66
73
440
729
713
679
260
198
230
654
104
267
259
317
167
657
290
563
155
468
680
385
656
715
443
510
714
60
711
232
583
292
201
693
207
315
722
705
244
704
202
368
289
180
766
494
319
274
8
268
469
717
683
649
154
283
179
692
724
719
681
470
323
764
255
710
302
586
206
318
34
316
682
64
184
738
419
69
383
214
336
78
458
415
208
396
233
266
173
651
718
423
256
145
291
482
655
344
734
137
498
79
535
401
32
500
492
483
261
172
759
438
147
296
49
120
243
105
473
301
709
164
472
310
81
678
87
273
392
726
466
672
30
295
320
659
382
46
536
63
493
41
707
547
737
702
24
90
393
730
26
642
744
394
619
459
345
564
400
453
138
236
484
720
630
84
432
411
700
262
42
114
748
485
373
199
55
478
241
425
708
457
31
91
422
731
10
741
735
338
33
416
116
45
674
174
448
5
614
363
51
480
281
348
240
27
754
386
777
234
444
115
397
421
343
21
365
778
235
668
391
762
755
426
144
673
324
264
263
410
2
763
308
703
776
48
643
771
342
631
20
431
750
53
117
372
369
110
171
271
378
330
530
436
269
575
603
376
346
242
12
297
602
733
429
430
272
294
213
399
546
347
326
374
270
212
408
402
322
354
375
518
428
325
300
454
329
427
404
455
356
358
381
456
398
647
406
352
353
380
371
350
403
409
298
370
465
574
464
357
355
490
327
462
299
437
434
328
