718
291
394
294
185
719
454
305
333
685
306
319
253
716
652
692
284
715
180
666
422
750
732
138
684
688
594
183
191
289
223
571
604
275
661
736
710
373
192
349
152
708
735
656
187
217
346
680
165
133
212
164
339
588
747
622
660
765
706
694
541
195
714
682
211
384
665
483
664
397
595
108
687
222
60
376
95
182
383
522
720
521
638
362
153
160
375
188
312
330
752
643
683
659
520
23
139
252
64
21
385
265
657
408
348
654
313
386
137
527
154
674
273
753
416
322
365
593
186
159
686
214
636
157
366
129
367
561
672
203
609
340
780
161
711
658
399
184
240
640
727
749
259
627
155
244
189
596
329
120
127
461
597
280
615
699
653
607
512
213
760
205
635
644
393
515
755
429
8
403
20
128
484
485
227
542
748
569
600
572
700
52
584
232
181
102
538
215
361
94
262
335
224
540
178
255
608
82
32
147
778
681
511
668
455
491
218
206
464
24
624
480
327
0
550
258
487
381
10
628
630
631
216
324
242
456
209
601
426
236
476
409
579
649
308
387
233
554
573
266
510
603
599
336
754
729
556
701
756
113
235
382
598
436
6
575
354
493
175
140
459
499
445
629
19
300
543
355
632
634
623
549
234
126
633
17
83
568
85
552
246
576
271
471
602
423
551
119
655
158
606
380
560
577
662
148
328
301
274
207
553
5
428
486
504
229
84
190
1
578
149
490
299
519
121
264
583
524
758
574
326
431
462
53
443
637
307
310
757
31
238
514
124
377
151
323
730
325
777
26
125
410
91
7
356
302
243
16
496
449
73
357
433
230
759
239
261
132
488
611
331
412
458
29
269
775
494
22
415
625
30
400
270
526
76
437
411
555
55
505
407
56
647
162
338
272
562
66
295
267
477
11
482
675
18
260
424
548
547
567
536
350
358
427
500
689
134
673
298
353
74
79
372
288
677
92
414
25
671
150
489
363
481
296
544
97
518
728
650
582
421
516
100
405
86
173
59
172
497
621
123
15
156
610
434
460
98
285
523
314
202
122
539
648
453
287
479
465
297
404
241
406
612
535
537
378
495
466
142
99
586
513
507
440
197
546
89
591
44
517
439
442
268
525
501
344
448
467
201
704
174
93
351
14
734
109
693
468
96
452
457
279
508
651
509
733
441
545
68
473
565
379
566
225
117
779
498
589
360
316
115
169
257
114
470
676
398
200
144
451
425
564
143
530
469
311
705
702
450
254
678
283
503
529
359
370
81
199
67
478
506
228
282
256
118
563
502
618
646
315
343
614
342
698
559
170
726
558
696
226
390
419
590
557
371
65
80
198
171
475
447
531
391
697
474
446
418
