34
53
312
689
395
64
171
239
530
147
712
411
586
434
410
92
708
709
174
270
255
695
283
297
523
91
649
710
51
77
657
466
461
173
656
241
423
631
688
278
484
658
256
551
405
269
653
682
495
651
704
485
316
681
563
659
629
215
243
303
348
655
766
121
149
402
349
683
202
667
503
201
493
429
183
293
381
321
58
604
742
250
487
761
685
550
621
513
400
745
747
505
95
605
772
295
286
465
488
638
430
185
652
401
334
486
184
627
608
274
262
198
428
289
440
457
60
18
723
609
244
137
707
128
275
607
246
180
564
696
438
186
230
374
686
699
444
206
6
261
290
292
162
216
268
331
464
245
666
322
413
178
603
291
140
639
263
611
287
7
177
455
616
288
306
610
0
606
612
675
624
514
626
350
111
552
623
622
420
756
96
637
521
407
441
592
152
536
112
617
439
160
701
435
477
187
583
732
602
669
360
404
650
15
181
267
207
29
65
561
473
765
277
670
722
387
136
9
475
512
159
746
204
279
62
224
625
11
305
424
636
89
61
577
587
25
19
143
641
205
83
562
613
509
142
372
13
510
782
758
217
463
238
740
196
775
467
339
141
600
82
501
705
260
532
645
698
39
4
768
17
454
52
333
168
57
601
739
565
773
197
285
188
16
727
280
706
126
80
124
757
231
558
153
176
491
309
644
23
504
581
50
139
332
218
482
377
169
481
85
132
252
14
446
335
166
590
539
97
760
113
88
43
781
54
469
225
203
442
519
109
125
227
770
251
259
780
671
779
364
576
418
3
311
228
93
582
318
753
337
585
119
598
511
751
47
170
578
307
599
728
524
28
752
148
470
154
468
725
694
476
353
449
123
233
646
452
591
200
130
254
118
767
436
146
648
774
258
107
575
296
122
615
223
507
189
158
67
75
516
325
769
247
677
388
192
492
134
282
232
472
208
589
783
409
191
531
403
620
94
559
597
133
86
489
693
175
361
195
545
517
317
490
37
540
155
546
736
408
379
220
362
573
594
129
537
447
163
479
257
389
496
284
697
560
508
276
548
596
165
375
59
474
324
373
1
56
549
22
618
351
502
541
584
209
506
574
547
229
676
222
500
542
190
323
538
417
498
497
193
249
556
390
437
135
557
595
555
665
471
44
352
570
68
520
529
380
72
462
451
376
157
219
571
106
74
572
553
445
566
554
525
156
526
569
499
248
345
567
568
528
527
