435
624
436
492
403
402
434
623
655
592
467
469
656
437
404
460
272
401
370
468
652
491
271
466
304
433
493
653
524
685
659
371
305
400
366
523
399
620
654
489
722
457
369
753
490
303
621
619
505
459
591
367
754
690
599
631
622
273
438
691
473
537
569
788
755
29
281
398
723
658
522
782
470
686
27
815
456
424
756
344
269
359
538
598
657
368
787
432
506
560
972
312
148
265
975
28
154
254
1010
946
61
240
179
152
785
338
568
372
586
940
465
264
238
348
458
941
724
976
270
472
588
59
687
326
167
1007
439
335
376
786
407
1009
317
92
336
556
252
684
365
570
171
255
440
600
239
977
153
632
971
345
91
93
327
1006
504
630
978
349
488
521
981
235
244
536
983
175
337
60
391
784
585
146
124
511
285
949
358
797
711
77
149
4
109
618
487
951
318
950
616
819
743
783
648
696
510
350
166
601
710
678
635
555
181
196
151
334
169
645
617
381
180
142
816
323
1003
518
234
143
551
789
982
382
212
928
817
223
520
729
30
733
155
207
514
571
918
697
76
287
455
110
284
677
761
379
927
646
1018
82
770
698
885
692
552
408
1002
886
313
822
765
47
813
550
803
108
825
44
414
301
480
637
583
481
644
52
100
83
986
479
43
766
908
168
740
322
114
225
939
680
992
960
3
131
669
852
291
485
73
86
642
843
961
0
384
742
826
907
128
249
675
26
872
513
164
121
932
204
962
921
809
917
667
830
611
896
699
245
423
757
899
519
772
486
390
222
933
834
174
835
117
663
674
133
985
226
482
410
546
584
873
211
702
838
651
780
36
842
701
790
798
901
10
224
840
113
192
136
253
900
54
2
877
471
339
904
355
11
732
449
845
375
987
891
606
122
893
676
957
294
104
856
35
302
194
101
360
130
831
451
19
132
111
991
5
870
802
159
959
256
412
958
771
994
774
707
925
812
909
801
915
97
421
876
737
829
670
99
839
609
290
478
87
1019
72
85
638
116
895
926
739
454
25
354
45
386
781
664
188
666
844
673
452
810
21
78
639
392
922
887
841
855
288
416
163
541
647
871
763
41
484
415
875
20
902
450
257
15
413
517
935
8
793
49
963
51
818
387
547
903
328
988
906
106
1
641
679
931
55
1023
980
227
74
862
672
53
970
930
50
14
259
869
728
990
668
578
898
515
938
79
162
610
210
94
704
512
955
864
760
794
75
604
736
103
7
419
706
966
828
700
389
660
320
804
613
203
589
964
854
712
105
352
649
636
773
353
814
708
120
508
297
40
577
544
769
643
919
141
378
447
916
954
68
42
193
292
823
894
738
325
929
882
233
115
69
453
799
446
995
545
948
383
1008
861
96
984
867
48
968
417
920
46
1011
118
924
731
615
582
258
579
90
64
9
821
324
553
88
853
614
792
934
70
833
969
89
483
542
923
735
953
878
965
768
777
888
32
796
418
884
443
127
380
65
837
859
71
744
762
356
858
139
201
209
6
665
640
811
306
936
33
543
705
119
12
581
937
795
767
730
806
989
81
66
945
388
84
138
67
137
832
549
874
385
474
1020
703
321
214
37
357
102
764
671
993
22
195
548
734
805
34
892
39
824
576
1017
967
709
98
38
857
866
1001
56
910
997
791
170
18
1022
16
129
206
868
17
135
289
377
836
80
263
605
607
23
999
808
890
800
897
567
775
863
183
316
420
820
422
865
160
516
158
713
979
161
741
681
296
147
573
134
905
286
1021
24
150
947
612
186
572
444
300
107
539
846
57
827
197
199
881
996
998
1016
715
140
807
580
213
293
525
776
448
476
956
266
779
745
749
13
860
156
1000
575
346
125
889
200
509
540
943
95
914
261
574
208
634
608
62
748
198
650
182
778
682
176
333
260
477
442
173
268
445
126
911
603
185
202
205
747
232
315
165
178
397
587
274
752
716
879
1014
1012
973
237
409
215
714
311
441
683
230
952
347
248
236
246
218
633
411
759
602
974
229
123
228
172
243
425
758
184
746
187
220
343
942
231
221
721
190
262
189
912
280
849
241
319
277
718
1013
688
502
217
1015
276
850
58
717
566
535
295
251
695
63
554
507
693
314
848
750
157
112
351
851
751
393
283
426
219
883
661
177
503
475
191
31
145
719
428
727
216
625
501
361
406
427
247
250
944
1005
726
847
329
405
242
461
629
725
913
282
627
720
299
340
267
278
565
431
689
1004
557
279
880
534
144
332
597
662
310
309
331
590
307
394
559
275
626
498
628
533
429
298
362
373
308
499
363
374
364
694
396
330
342
341
464
528
500
497
395
527
593
430
526
596
496
494
529
561
595
558
530
564
594
531
495
463
563
562
532
462
