709
733
516
473
749
199
713
222
424
744
361
706
685
640
662
94
353
711
607
210
715
251
717
604
42
470
480
136
193
409
113
513
209
408
716
765
437
192
514
462
506
425
97
777
264
302
651
478
633
134
305
340
236
666
636
441
91
510
611
99
381
459
584
639
486
145
688
198
275
718
225
246
30
682
439
692
659
73
258
750
108
261
14
543
766
753
310
674
380
683
495
239
454
453
694
259
491
234
463
490
333
184
327
393
202
542
741
517
485
117
464
237
154
707
440
56
435
436
634
654
355
208
339
350
673
487
216
778
269
664
257
764
572
467
254
720
16
679
667
661
93
657
680
296
240
235
76
714
512
180
183
204
189
597
194
231
1
511
738
263
65
228
598
388
754
606
526
201
739
297
554
262
79
577
761
559
250
233
701
578
628
730
602
244
743
338
638
637
759
18
734
226
660
211
82
410
85
603
783
123
241
417
325
658
617
213
483
555
426
468
22
142
649
188
605
627
84
9
406
466
752
119
11
284
53
560
185
272
313
576
382
131
757
6
631
492
150
15
652
232
23
775
622
149
173
300
493
501
280
163
26
252
438
10
599
609
155
267
326
776
415
260
161
484
547
594
626
574
442
377
383
303
600
182
5
742
625
548
19
399
553
624
458
494
767
129
570
745
159
538
187
527
582
31
700
191
352
629
122
83
575
195
29
665
727
552
102
17
412
299
630
141
207
524
328
608
546
780
413
323
402
105
4
541
769
266
729
157
746
378
223
0
219
504
147
3
621
214
596
601
619
253
124
566
457
579
428
103
271
2
57
573
181
488
623
499
465
205
33
699
476
148
519
530
100
405
455
400
645
249
121
395
737
21
756
71
396
7
32
206
522
215
539
54
586
101
176
721
133
354
324
128
615
245
401
571
433
90
111
545
520
407
540
356
132
52
384
289
164
28
562
456
265
196
429
434
595
120
293
220
346
691
735
431
278
270
644
255
351
533
125
224
695
179
322
763
348
740
755
295
229
411
126
58
290
500
461
496
294
549
561
736
643
732
75
768
200
341
330
423
677
770
385
593
349
242
61
291
77
568
70
430
146
158
277
316
319
762
427
366
227
403
175
127
534
569
445
59
567
186
580
156
329
144
292
523
379
45
321
751
130
51
365
178
67
317
620
398
731
772
308
248
281
41
315
374
64
69
344
139
87
12
40
172
610
88
342
177
309
243
318
373
36
60
166
368
320
331
78
774
397
110
372
49
387
347
369
725
336
39
771
345
773
386
357
68
13
394
358
343
276
370
38
167
371
50
332
116
34
135
47
35
359
107
62
63
48
66
46
360
