433
647
403
12
673
328
668
306
461
78
437
334
700
395
432
614
33
421
726
450
642
250
30
411
87
5
41
754
759
367
730
117
535
392
462
79
702
619
327
51
588
675
147
24
325
477
741
53
338
116
26
755
120
503
448
64
31
393
394
750
776
674
84
114
391
326
778
308
777
505
55
63
533
761
58
418
174
696
121
353
478
707
357
82
144
563
715
410
733
310
613
534
239
105
701
772
669
465
562
561
720
4
283
765
352
279
66
356
480
329
324
530
742
172
96
473
398
449
737
171
312
102
169
698
438
585
745
564
355
69
224
256
768
782
758
201
536
104
103
25
95
558
101
97
375
771
416
48
362
323
354
738
760
714
115
671
27
173
92
238
502
439
722
643
368
255
692
404
749
21
110
774
718
202
713
773
369
46
76
601
717
651
769
281
282
744
712
365
71
770
138
440
703
678
762
466
409
20
42
763
73
2
688
70
672
396
474
687
371
412
557
649
747
743
443
212
444
724
108
436
339
467
739
740
441
529
237
8
232
655
45
49
555
374
34
690
93
414
519
586
194
734
592
128
528
211
273
691
346
287
556
278
516
244
515
351
513
485
514
487
486
