687
272
437
241
669
721
509
313
284
402
568
257
575
723
653
565
260
217
299
203
199
403
216
654
478
348
582
517
604
114
258
695
247
594
693
150
325
124
719
213
685
537
545
630
459
566
152
297
394
324
202
218
326
691
423
198
621
261
339
431
219
641
503
283
254
559
243
648
354
639
214
667
603
251
422
544
655
311
475
151
623
305
722
480
275
718
323
715
178
300
600
170
286
536
215
367
712
419
136
174
543
230
602
720
666
274
601
450
244
279
366
709
572
310
487
226
307
363
268
711
558
332
686
271
296
249
668
338
270
447
502
681
246
516
242
574
714
298
651
592
278
530
335
269
694
593
333
508
452
446
391
282
690
277
638
708
692
302
276
620
250
683
334
418
650
710
474
684
390
248
640
680
306
622
362
682
