67
71
142
68
66
590
65
70
586
69
72
250
473
557
558
646
122
76
64
531
96
462
559
450
74
195
93
391
97
461
451
37
78
702
166
529
611
47
48
94
528
91
77
555
578
38
618
197
584
79
583
556
159
447
75
127
51
434
389
50
549
222
100
95
99
46
490
667
580
73
126
128
143
637
663
125
695
251
488
550
726
548
223
601
489
120
36
158
92
98
607
610
698
479
616
114
90
507
156
505
35
445
157
225
115
477
576
278
418
87
155
160
554
662
193
575
664
657
124
138
475
384
665
123
161
478
487
249
581
460
775
579
582
656
517
577
449
605
697
344
516
130
602
683
330
696
639
463
364
687
436
474
736
739
408
608
34
631
104
60
630
523
295
547
464
194
49
636
121
491
365
259
171
217
228
542
588
118
652
551
617
527
653
129
435
170
318
361
165
169
732
660
624
162
102
237
226
117
89
109
188
191
552
520
80
422
183
139
522
13
14
329
589
597
8
86
371
635
553
187
627
433
119
218
626
184
783
113
609
246
606
103
693
370
181
417
691
61
604
472
684
735
192
659
648
164
210
144
43
407
715
163
638
296
603
681
524
152
569
275
131
410
303
710
757
512
632
565
274
666
324
759
108
186
492
154
381
323
270
245
421
58
5
767
545
456
3
629
52
25
147
216
745
315
623
12
634
211
686
321
692
763
398
402
501
760
737
300
525
382
343
200
758
727
345
671
254
224
670
546
748
519
401
645
399
153
625
332
649
574
264
518
82
453
101
286
688
325
644
712
383
706
107
633
532
62
132
596
526
613
430
23
29
63
357
380
355
482
570
268
17
409
313
476
333
207
354
327
714
728
628
212
317
388
167
208
411
22
358
599
481
21
16
738
682
655
730
685
654
10
54
205
236
647
301
30
764
348
2
563
375
177
18
419
425
151
272
499
277
573
19
598
269
651
288
265
238
28
256
387
110
494
427
179
393
765
392
297
372
600
541
27
360
540
81
587
328
271
209
273
514
437
346
762
690
302
713
232
658
465
486
316
772
390
57
755
379
322
83
291
672
263
471
768
535
112
33
744
204
568
141
707
572
180
400
229
214
680
235
480
413
255
44
466
203
352
331
708
521
287
593
0
326
7
289
221
314
515
385
571
429
15
770
753
782
267
182
353
1
219
240
513
614
190
31
560
725
543
351
215
742
359
189
26
495
213
701
55
298
689
356
452
397
374
239
85
262
53
455
241
510
294
729
150
781
538
661
231
780
258
498
199
673
756
260
700
24
299
497
168
185
84
699
6
111
56
196
679
459
406
448
746
438
373
342
206
175
496
622
290
198
244
9
176
312
412
233
349
261
88
716
650
741
227
45
20
230
292
749
4
678
544
178
376
503
146
483
242
32
439
454
404
717
740
403
41
319
720
42
668
761
506
11
446
530
201
220
485
149
493
723
347
266
640
428
754
280
711
431
469
423
202
145
341
340
283
511
467
59
140
105
234
751
257
771
133
562
426
252
441
612
470
537
500
591
619
386
595
709
747
484
536
320
174
615
509
766
731
363
253
307
502
752
734
282
733
705
