464
466
498
683
463
467
682
716
530
432
684
499
715
340
465
685
717
496
434
433
431
654
650
497
401
307
373
341
651
339
435
372
626
718
468
714
436
686
402
462
430
529
748
425
591
622
590
749
369
405
652
625
657
623
562
653
370
687
308
500
393
394
301
621
561
658
593
469
374
403
334
371
406
1012
437
747
404
20
694
1015
1013
333
1007
726
269
18
852
1011
983
746
681
851
302
558
424
969
980
719
791
268
471
204
594
242
338
8
237
777
236
1014
883
979
666
400
438
781
882
21
808
698
914
392
627
776
299
40
346
16
1001
300
361
778
364
911
688
275
759
745
713
649
210
205
850
475
659
947
943
912
276
1016
177
38
516
439
618
17
365
775
332
507
820
378
238
368
206
397
63
615
267
485
1008
72
823
1004
628
446
39
122
13
809
178
982
139
123
173
542
71
84
484
517
583
1005
822
212
727
619
329
763
211
972
34
161
445
243
504
853
23
807
83
774
15
426
856
989
984
360
407
795
203
274
934
247
801
130
472
112
383
419
261
158
821
884
124
942
541
12
762
421
423
641
207
902
230
673
933
1021
806
988
415
252
720
515
19
184
219
671
159
580
888
543
794
47
96
773
731
131
956
511
937
545
828
964
915
24
351
172
335
190
700
768
171
602
548
841
209
899
606
672
99
478
127
1023
290
391
796
479
197
229
256
824
764
283
115
832
298
704
495
137
865
248
233
573
827
965
940
244
709
792
288
930
510
703
676
973
547
574
330
872
941
250
25
116
667
121
780
314
890
33
730
451
126
160
575
187
186
192
292
129
113
253
49
647
859
869
189
640
223
831
643
825
670
101
732
220
225
838
128
67
293
291
833
634
323
952
744
162
198
760
892
418
455
931
70
315
932
858
319
476
782
1020
881
228
382
447
963
295
9
80
864
935
251
708
199
710
901
929
125
194
706
324
217
420
642
544
454
1022
551
900
839
350
102
857
188
477
154
928
260
779
193
218
800
355
891
414
633
380
936
705
996
735
605
259
866
990
222
58
64
927
135
85
873
174
897
321
1017
32
410
854
53
607
224
922
156
907
289
639
799
320
191
509
637
702
896
954
981
35
923
549
450
235
898
638
52
153
767
644
904
41
196
98
287
887
352
325
995
309
734
668
213
452
151
889
741
674
31
867
216
769
456
385
860
164
962
316
104
82
803
144
810
870
185
221
138
317
501
576
413
257
579
926
925
152
107
924
255
328
342
134
387
868
356
826
991
772
737
736
254
175
103
742
168
384
145
512
699
353
958
117
381
895
679
480
165
69
390
443
167
903
612
481
514
140
508
975
804
386
183
448
546
95
871
613
262
578
957
155
660
886
608
440
906
805
636
282
417
166
347
48
959
836
416
349
176
733
157
503
609
707
226
678
874
348
81
834
43
163
611
482
108
66
675
258
487
797
885
669
264
519
738
7
1
109
840
916
770
354
695
550
863
92
758
829
905
232
994
813
241
610
411
73
36
231
953
422
120
227
318
577
87
313
790
65
195
148
802
955
830
284
966
6
665
624
56
835
513
379
449
740
880
837
322
894
285
59
893
100
169
51
141
712
182
412
701
819
861
2
88
91
119
214
444
951
921
42
77
146
389
37
453
473
136
960
997
855
147
987
581
986
149
79
76
961
572
357
143
743
249
94
711
68
765
913
286
75
50
132
90
263
908
648
483
57
74
294
0
133
55
766
345
771
110
429
729
739
111
798
985
200
862
62
114
540
999
359
78
919
266
918
118
44
279
993
388
967
910
150
22
697
14
46
89
646
592
277
879
946
968
170
655
27
97
536
396
26
10
105
142
689
106
751
917
54
375
470
486
442
28
518
265
296
245
358
875
604
998
909
505
582
849
920
30
680
45
571
331
992
1019
86
181
538
539
60
976
297
11
201
281
506
818
93
1018
215
306
1002
327
395
179
614
974
750
180
208
845
842
3
4
601
280
664
5
441
793
645
950
1003
876
677
635
629
811
570
474
1010
234
844
944
812
336
1000
311
537
696
61
603
620
202
326
239
270
29
945
409
246
788
632
569
408
1006
939
878
310
363
362
343
398
377
312
948
728
817
843
278
757
789
938
761
661
337
949
1009
656
693
877
814
600
344
616
725
846
376
848
978
568
494
502
457
273
971
240
305
787
690
970
520
533
815
816
488
977
783
663
552
535
847
584
784
303
271
304
427
560
526
528
617
366
756
785
525
786
399
367
752
272
597
559
662
534
567
531
565
721
631
586
428
691
585
692
630
566
755
489
724
461
599
753
595
553
596
532
521
458
598
493
557
527
723
754
722
589
563
587
524
564
459
554
490
588
460
522
492
556
555
523
491
