369
400
432
367
368
336
503
401
535
433
688
721
689
337
471
399
335
366
465
370
750
690
338
720
470
339
502
657
334
402
717
439
718
305
371
438
472
306
307
722
274
753
751
685
719
377
407
620
464
440
587
431
567
687
756
752
467
534
392
652
621
302
754
783
499
504
409
275
457
424
522
267
755
982
599
972
749
269
787
301
724
360
723
686
376
619
536
408
403
304
784
684
243
656
303
588
555
786
653
469
490
554
345
268
589
294
340
425
725
150
264
164
782
196
212
393
691
757
219
466
489
456
19
748
11
326
173
361
327
238
983
566
885
941
600
272
716
20
785
909
10
933
852
899
172
703
940
590
206
658
971
128
781
671
228
795
213
747
1013
931
211
344
853
381
919
53
349
1004
8
111
415
831
293
124
282
984
648
920
908
21
110
178
441
676
43
208
195
207
209
27
950
23
185
816
917
100
289
666
602
123
932
420
458
864
481
383
726
24
762
6
832
163
949
1002
622
937
827
797
262
736
583
1
968
387
866
800
131
833
152
632
601
186
101
382
99
1008
570
515
926
776
511
28
39
579
741
7
60
989
799
410
694
483
942
76
450
61
702
513
973
855
151
905
930
137
801
31
918
295
985
4
886
109
418
263
935
33
921
934
568
14
174
45
155
497
386
900
824
126
184
323
640
165
5
928
154
865
59
769
634
939
615
964
969
359
205
203
860
774
40
1014
516
30
547
512
451
391
966
442
577
631
794
94
242
145
803
970
639
538
292
13
887
171
93
952
223
241
550
419
328
133
929
257
856
876
825
834
42
225
229
270
351
823
891
210
692
647
777
227
904
683
192
480
256
350
121
857
79
449
894
160
22
204
167
482
313
616
897
959
317
730
898
127
733
828
9
812
37
734
226
835
896
641
796
181
26
549
818
1015
1016
505
452
444
771
673
802
255
125
951
715
506
791
237
548
92
830
862
32
936
805
140
239
320
69
859
546
773
388
38
41
416
764
820
62
122
956
991
758
64
775
901
517
767
485
810
829
927
642
912
71
958
544
417
539
822
808
967
988
378
883
612
669
414
63
143
806
739
54
187
484
704
324
884
738
893
261
51
863
120
447
710
877
78
509
699
670
838
807
697
649
112
254
811
576
742
454
907
197
765
643
77
780
348
29
290
961
645
768
224
175
770
1003
2
778
861
586
218
83
249
251
142
789
763
413
52
995
938
990
672
70
745
473
772
571
735
854
372
288
153
514
117
216
580
445
836
519
981
314
665
1000
159
545
1001
285
667
611
817
479
1021
521
108
840
584
129
581
500
91
36
542
603
46
731
604
954
25
902
953
291
446
965
202
732
507
680
12
281
892
475
75
541
193
654
135
50
790
766
779
44
510
871
711
708
190
84
188
922
1011
1017
170
609
235
924
903
16
58
709
232
916
102
56
487
412
478
582
858
222
220
286
162
868
867
551
253
325
119
177
508
72
572
977
385
870
158
743
714
980
355
476
271
259
47
890
18
633
826
296
737
895
80
66
68
888
923
95
798
889
258
925
35
635
698
199
488
353
839
176
169
999
96
651
354
793
788
87
987
948
107
477
161
233
668
380
701
821
744
614
911
421
179
1022
957
873
610
906
518
434
638
17
3
976
543
346
194
114
498
65
191
613
356
578
677
537
130
252
804
607
90
963
678
260
880
813
872
706
319
182
157
426
705
540
89
637
644
358
379
81
663
915
244
664
740
86
312
265
1018
759
236
82
569
316
761
411
910
646
636
352
605
183
760
443
675
448
552
166
118
287
113
250
986
333
474
423
962
234
132
322
700
148
712
809
141
960
0
1012
48
608
389
198
180
88
136
1023
844
105
245
435
1005
674
837
556
869
681
34
875
1020
357
116
73
215
1009
74
682
874
996
1007
849
553
845
106
729
975
189
814
57
520
231
384
375
598
284
273
618
746
308
321
1019
660
523
707
85
280
318
134
792
115
55
455
15
453
98
573
662
365
221
168
144
575
846
103
955
679
978
49
851
574
156
713
881
850
422
819
998
650
104
841
486
843
398
606
240
248
617
1010
491
944
882
947
97
201
139
149
468
997
979
146
214
390
842
585
67
659
230
217
993
200
879
994
878
815
297
283
298
347
727
992
315
138
299
266
276
693
655
459
945
695
1006
696
913
147
629
728
630
404
343
946
914
300
661
943
329
974
246
847
597
437
436
565
501
533
330
247
557
628
848
564
394
406
279
463
278
531
596
309
341
405
427
332
277
310
362
627
373
311
496
524
532
430
623
342
625
624
331
397
374
460
626
558
364
492
530
428
396
429
591
595
462
563
395
363
461
495
594
592
529
593
562
528
525
561
559
560
494
493
527
526
