530
531
532
564
562
465
563
589
498
464
497
432
463
499
368
688
433
719
720
431
529
533
714
590
716
400
657
683
749
535
747
715
746
242
621
335
726
748
717
718
307
689
558
534
557
503
361
369
500
750
210
745
367
392
336
682
339
758
462
340
561
334
496
658
594
781
759
588
399
275
401
466
751
337
341
360
472
777
727
521
778
393
779
780
267
268
851
713
690
502
684
209
626
516
308
596
595
274
633
408
424
228
808
553
565
177
471
1000
625
989
687
276
504
178
70
883
602
420
507
243
1011
440
23
832
782
18
583
425
338
795
801
721
882
236
694
329
197
145
501
911
615
864
999
665
852
71
10
1021
620
204
87
1012
681
298
216
601
880
22
330
763
119
879
812
211
741
269
567
1004
345
881
299
947
554
935
1
776
1013
1016
807
827
407
81
912
445
301
508
952
96
833
419
102
865
39
31
914
144
260
703
415
56
988
1008
128
969
24
230
966
1010
640
218
547
295
98
80
114
289
548
205
333
99
1001
38
366
50
1020
171
762
884
933
64
124
346
