198
558
530
338
502
366
253
281
282
310
390
533
773
199
769
504
705
394
475
226
677
419
279
307
389
418
734
171
506
531
308
336
503
778
228
363
733
81
254
361
114
676
448
330
559
766
586
257
447
295
145
750
200
752
309
256
170
335
770
697
776
777
779
771
474
417
391
174
311
252
678
440
173
446
442
280
704
775
267
202
285
411
80
328
468
255
751
368
144
329
412
283
299
736
146
415
134
774
358
266
227
735
362
534
651
337
410
437
258
132
388
772
737
562
466
469
323
525
631
148
501
339
749
708
657
602
172
713
765
271
721
300
456
452
443
743
26
231
301
438
176
439
465
272
630
293
747
685
302
201
4
470
55
467
395
414
86
512
703
521
116
441
711
15
344
575
424
742
294
629
489
601
425
760
175
216
177
11
261
210
544
305
436
326
203
189
561
686
684
327
229
621
268
232
493
225
239
500
409
196
135
515
517
541
351
24
131
16
545
496
184
740
498
547
397
7
83
262
354
748
454
640
615
355
725
396
673
700
31
264
230
318
246
340
643
367
117
319
679
29
658
118
543
178
212
84
480
382
738
385
430
560
455
522
754
53
614
729
179
781
286
497
183
707
25
59
514
111
265
659
140
115
149
718
490
317
133
759
535
287
698
756
761
9
551
374
650
211
185
709
671
237
56
320
413
457
491
483
495
259
360
137
32
463
423
322
399
240
6
370
603
728
245
762
22
758
453
524
612
744
482
273
168
393
672
234
476
10
486
644
17
321
755
20
194
101
641
383
626
764
516
316
532
722
780
27
215
540
369
481
263
484
485
284
136
342
28
19
313
431
427
593
21
341
112
289
588
699
542
343
260
187
727
315
2
219
291
585
488
511
331
345
372
103
290
386
513
288
359
613
314
292
371
387
357
587
763
487
420
247
105
39
392
106
13
304
40
167
276
62
107
