506
446
226
361
366
694
222
478
136
695
423
249
778
662
221
611
399
284
133
400
311
451
396
165
428
697
426
42
253
665
163
425
255
389
256
489
674
648
779
385
773
562
460
663
390
535
132
134
177
342
338
198
201
647
734
637
732
667
429
710
431
678
669
432
401
693
777
204
254
102
424
733
202
328
350
534
590
618
81
307
173
412
452
220
336
517
117
469
646
304
461
439
731
397
162
448
602
507
333
363
430
80
398
706
558
308
725
524
705
129
247
384
638
14
658
677
447
511
537
369
657
494
630
483
310
337
131
462
103
620
631
329
205
427
15
101
510
164
10
314
71
100
356
207
315
152
354
233
635
685
192
610
160
144
683
550
218
649
29
275
516
636
219
523
480
84
531
22
660
525
707
539
471
457
70
729
727
652
605
680
5
454
482
17
191
190
19
159
24
528
168
553
33
691
156
509
55
666
607
157
639
538
419
755
3
586
756
180
702
634
681
52
391
508
688
20
73
248
105
128
578
27
597
11
158
692
783
72
754
217
549
459
627
474
16
345
625
655
592
577
473
161
757
230
53
154
560
250
633
488
74
150
521
188
661
141
672
664
1
130
527
433
4
551
21
388
564
77
615
56
90
532
581
227
569
193
486
682
187
106
479
458
360
487
653
119
609
25
172
699
449
13
690
277
623
68
723
751
327
61
276
12
599
64
155
608
453
606
98
95
563
559
593
65
589
583
139
614
126
619
512
617
147
565
529
120
38
91
579
616
582
552
567
500
445
555
69
472
303
