328
357
69
733
48
365
42
46
110
763
2
643
356
771
20
21
355
762
703
281
115
27
731
10
363
138
422
672
358
81
92
32
45
90
398
105
329
735
744
49
647
386
71
411
455
172
120
95
572
724
73
103
399
104
456
748
473
336
444
419
102
480
425
34
8
164
656
199
764
586
427
91
96
738
416
145
619
454
76
484
101
501
426
330
485
630
255
423
428
397
66
5
31
453
708
657
70
754
478
448
97
351
114
734
415
573
486
614
64
312
700
33
674
369
12
410
719
144
84
743
256
79
117
394
629
370
726
545
600
87
393
642
30
392
371
730
689
243
63
26
55
535
379
759
383
283
100
24
171
778
720
702
41
77
313
563
403
400
116
766
244
459
308
438
665
716
372
601
704
750
443
755
385
174
776
384
310
692
709
147
678
173
487
685
472
483
215
431
465
131
649
574
391
602
517
99
462
489
530
718
741
121
324
500
679
186
628
368
493
458
404
412
216
515
278
395
466
414
338
440
53
300
194
546
239
680
201
98
65
341
737
514
439
655
536
198
238
242
60
78
681
167
494
684
564
682
265
658
673
469
513
183
137
226
214
691
468
387
345
547
253
185
512
717
407
182
688
710
296
482
729
413
359
651
714
396
187
523
524
522
518
344
511
140
664
519
496
470
495
699
509
694
695
6
112
432
616
15
29
9
756
7
343
111
342
521
62
420
617
0
18
314
510
317
259
35
551
721
376
475
481
285
460
723
366
316
11
196
446
83
213
303
378
405
13
377
80
286
88
727
315
575
645
406
662
552
504
644
488
261
732
640
260
641
57
775
52
532
143
349
725
160
162
161
539
550
767
89
107
476
197
611
590
225
3
309
170
14
28
779
17
587
61
364
752
113
751
337
388
639
417
221
579
132
287
85
251
54
142
389
23
109
50
576
254
19
542
335
168
166
728
139
780
289
284
757
612
36
540
38
223
39
543
670
321
195
288
40
350
333
584
610
541
599
37
133
134
433
67
578
75
163
249
72
193
