212
239
240
454
208
236
398
267
455
213
426
235
234
370
211
735
423
631
575
534
606
207
578
549
603
91
194
397
632
425
576
604
241
634
427
264
577
214
371
184
137
333
167
369
71
733
517
453
659
605
299
278
291
366
633
748
242
483
422
482
550
763
292
480
522
110
42
329
771
484
48
456
6
643
32
363
45
10
424
734
190
703
46
138
2
20
328
18
281
704
261
731
81
365
191
157
762
60
21
678
105
421
672
172
27
699
548
290
49
448
31
446
7
420
674
327
115
233
357
108
738
724
665
180
504
614
140
616
396
24
62
79
507
0
348
198
206
754
35
5
394
356
729
756
8
33
744
111
156
412
485
419
84
647
36
444
688
63
705
362
174
87
226
726
336
55
777
358
90
185
547
39
11
700
660
41
92
440
317
114
166
15
147
395
38
642
9
30
617
316
472
34
393
764
478
586
392
112
29
755
766
730
778
473
330
475
253
501
40
384
250
262
300
727
489
368
521
179
702
308
13
69
759
26
64
116
776
708
687
80
649
413
173
318
272
338
83
587
728
468
385
679
343
66
113
219
14
391
117
54
500
439
661
200
196
201
355
516
590
88
751
779
349
535
720
177
364
310
337
295
681
120
76
767
780
271
389
680
335
3
593
530
645
221
474
528
227
670
85
644
445
416
417
563
225
414
274
145
301
707
28
467
479
170
195
50
263
268
443
144
510
664
131
309
168
75
361
723
750
303
332
107
741
682
141
411
202
12
37
546
415
139
143
273
342
104
205
218
775
176
689
178
17
57
725
302
743
488
23
591
509
651
319
254
452
662
183
476
511
442
164
101
251
43
506
52
732
197
151
162
354
607
757
641
532
677
186
469
451
695
61
280
619
109
19
307
103
752
520
753
313
481
149
53
536
320
341
441
252
367
386
228
102
16
611
388
340
161
142
635
223
171
692
646
89
65
73
663
737
245
640
494
761
487
289
51
770
270
769
673
694
722
564
390
350
146
458
95
246
360
519
690
282
311
621
70
203
67
486
136
132
639
148
584
175
189
160
100
459
163
638
243
691
204
697
505
199
579
666
269
495
533
119
56
285
312
559
683
192
304
637
1
450
612
77
721
503
86
667
150
59
216
588
783
383
22
630
602
244
719
275
231
118
128
457
537
377
669
782
447
636
531
359
331
224
693
556
159
470
589
279
658
758
648
193
668
477
134
152
133
378
94
710
696
78
72
610
344
650
230
709
508
496
684
96
121
255
44
460
574
749
256
334
188
25
305
215
618
217
652
382
620
187
229
471
515
493
135
609
387
74
249
513
314
257
406
608
220
284
106
258
247
514
345
438
538
259
260
276
