368
705
734
733
771
731
396
677
172
116
358
397
370
338
144
336
562
737
751
330
446
369
308
740
774
343
359
561
328
770
320
506
736
329
631
282
347
249
398
732
735
738
148
745
366
772
371
465
686
603
351
132
283
448
255
318
385
399
410
423
706
687
221
372
695
310
254
425
442
501
418
357
768
417
400
535
575
226
419
500
198
466
746
411
412
360
424
534
355
175
15
530
383
356
776
295
151
348
379
659
525
220
241
725
388
342
288
164
319
146
321
323
697
752
430
547
24
200
375
504
257
196
708
202
643
707
386
429
493
349
7
31
720
680
384
615
163
744
632
22
502
478
401
376
715
660
324
14
83
260
111
152
227
443
387
26
651
189
778
440
173
4
174
378
344
300
199
234
439
299
432
341
767
289
756
194
700
346
704
682
548
741
679
604
415
315
438
292
395
471
414
185
673
0
165
721
112
428
339
245
322
455
496
210
29
456
518
84
279
184
181
265
459
718
176
55
59
141
437
553
262
271
644
460
230
433
672
222
462
711
28
458
665
404
145
332
296
261
208
18
54
134
626
405
407
519
694
576
676
240
236
406
179
759
630
20
710
781
258
688
183
171
377
177
520
16
57
470
21
476
331
757
56
270
427
658
773
729
235
207
149
248
445
17
180
242
475
213
188
382
272
182
730
53
232
9
755
11
467
499
206
563
749
766
301
1
32
186
291
667
474
620
492
748
23
187
743
754
239
27
589
727
434
524
19
619
268
302
652
713
327
212
447
560
551
564
147
238
728
267
231
52
699
205
2
624
511
461
468
237
431
201
350
782
140
777
469
426
253
135
678
314
602
6
280
494
130
554
131
522
10
85
211
521
119
229
363
413
154
559
645
167
233
683
305
153
681
584
627
783
692
81
497
609
454
393
168
457
150
5
82
574
203
483
298
739
661
365
219
61
780
612
269
129
473
691
217
597
191
709
593
297
628
33
436
214
303
654
139
636
629
664
625
552
416
763
159
587
685
565
702
121
716
637
684
160
668
717
635
596
648
690
157
58
581
608
647
689
326
333
107
639
60
13
638
110
582
464
106
62
42
592
304
325
158
275
666
723
44
247
703
422
611
12
192
277
51
35
719
34
583
39
444
276
87
591
223
420
63
43
166
36
193
669
224
45
48
41
47
46
