493
560
396
364
436
491
427
592
466
459
429
365
461
397
527
437
661
528
403
405
662
692
404
394
624
630
561
201
331
655
362
468
398
467
593
659
4
406
660
232
75
399
366
529
494
372
390
332
526
992
691
1006
469
559
438
272
626
240
373
816
693
402
598
974
486
234
724
233
960
623
311
44
723
847
422
728
271
631
754
57
458
180
148
766
3
374
455
371
518
265
74
342
266
910
793
202
842
798
343
333
843
246
487
848
490
15
625
1005
303
284
817
761
283
594
785
658
300
711
959
756
315
993
679
149
35
215
347
599
875
704
45
519
678
829
133
279
29
227
663
200
845
384
297
850
16
46
846
705
47
878
740
760
49
48
737
654
844
874
316
815
321
389
830
103
136
310
58
221
367
357
784
939
27
239
877
95
247
330
753
840
170
849
613
797
819
104
869
147
134
379
820
742
709
278
89
581
646
248
765
169
473
991
30
938
707
922
961
304
65
809
908
26
755
1009
799
354
252
322
926
17
841
818
743
977
141
710
273
199
979
524
270
573
792
870
73
735
189
122
61
611
523
876
614
88
538
346
105
80
677
5
59
994
106
296
973
505
253
645
837
945
814
90
453
786
644
353
696
606
245
627
913
998
896
643
821
924
302
706
788
306
318
796
946
498
907
416
153
672
685
352
701
604
970
375
810
291
639
235
181
132
470
421
60
286
163
358
259
919
895
729
93
536
97
452
582
258
214
448
157
958
925
789
872
1003
2
653
668
675
68
551
194
94
329
85
927
220
767
309
768
423
386
868
744
350
920
575
196
549
826
962
804
6
578
139
168
950
91
506
656
540
441
975
411
118
222
823
481
167
647
37
282
183
207
513
226
1004
1018
859
569
736
28
79
839
510
978
301
739
356
317
928
702
700
525
137
264
166
725
610
84
162
574
113
891
62
31
476
92
667
328
126
981
142
182
483
98
208
771
256
712
955
385
987
121
152
680
867
285
320
865
190
568
1022
854
299
674
479
894
450
889
861
879
131
159
1019
603
192
81
982
572
251
1010
324
326
454
488
217
811
949
851
934
537
1001
730
138
772
508
577
325
813
359
580
957
953
544
697
942
918
576
787
738
866
731
185
708
892
629
834
822
858
951
605
990
125
608
127
512
734
898
341
732
63
290
135
112
474
932
501
514
903
635
195
640
0
14
66
637
280
888
997
673
294
1015
36
967
790
638
100
857
902
698
86
206
676
976
937
539
591
143
836
764
722
699
444
775
929
154
261
191
825
863
862
897
1023
443
55
447
130
906
67
158
292
124
504
733
930
893
800
917
391
116
260
543
807
277
348
380
899
25
440
971
287
449
281
612
254
418
298
904
288
965
570
900
225
890
921
244
477
871
882
478
355
873
641
886
115
520
941
1013
1014
77
546
986
140
305
146
855
213
776
669
388
802
387
150
442
860
835
694
634
164
550
853
752
579
914
881
497
417
509
609
255
828
412
188
323
312
109
96
885
64
413
439
642
684
607
664
319
954
916
542
783
936
327
794
887
600
571
769
78
703
314
184
407
237
923
636
216
179
905
1
433
695
1007
838
482
34
763
935
117
901
969
12
99
187
257
414
472
475
123
880
484
803
831
173
985
545
806
980
541
293
548
943
963
909
156
615
250
119
968
999
231
344
32
351
409
263
511
269
160
381
915
262
931
1020
205
83
171
41
120
249
155
782
791
1011
219
671
1016
176
451
108
33
757
480
446
52
808
770
517
670
515
762
230
241
1002
933
151
583
1017
107
944
238
229
376
805
972
984
289
1012
996
223
562
110
824
308
507
236
54
686
111
795
204
203
485
228
741
616
883
632
445
128
948
952
175
628
186
408
274
410
911
87
72
43
377
129
13
912
666
165
812
1021
383
9
956
56
144
419
218
801
349
940
465
69
947
827
852
856
547
713
400
652
774
267
773
193
102
243
340
18
648
516
7
174
370
983
779
1000
781
833
295
430
276
224
197
633
988
832
212
864
378
42
382
198
884
552
82
420
114
145
966
334
101
780
964
275
597
53
209
495
995
617
777
76
456
401
211
177
268
361
778
602
489
38
19
50
681
1008
601
759
313
161
70
393
649
665
584
8
71
172
415
746
51
748
727
471
40
39
745
360
989
758
714
715
21
751
338
567
682
496
242
307
747
500
716
565
431
345
749
178
750
566
726
210
11
502
20
24
335
585
530
336
690
533
337
721
651
339
622
425
23
717
392
432
22
595
522
368
683
687
503
650
10
657
424
457
534
553
618
521
689
499
718
596
369
535
720
464
620
719
688
619
621
532
462
563
586
554
590
564
531
463
558
555
589
587
588
556
557
