71
67
670
72
66
68
69
70
75
65
74
96
76
93
73
142
94
97
450
92
117
197
90
642
477
505
559
64
557
422
143
91
278
531
79
78
46
334
251
223
590
228
646
306
114
613
122
50
335
37
48
364
166
621
118
49
591
38
77
256
724
104
277
588
36
333
145
12
138
362
421
250
529
761
225
98
35
95
449
649
698
34
618
144
169
617
578
51
558
607
100
120
602
99
610
568
47
195
570
88
616
620
86
361
635
532
569
586
305
648
200
760
479
161
631
229
115
753
608
43
541
580
392
209
507
603
108
87
63
574
605
113
633
125
363
227
637
567
222
543
128
594
636
162
606
255
211
663
571
577
595
13
634
556
726
585
60
155
119
147
126
240
246
194
146
769
127
775
89
662
451
598
281
124
167
156
547
183
472
575
619
259
611
609
170
592
45
253
224
212
542
758
548
576
674
678
513
622
587
563
260
589
723
3
582
566
52
714
123
82
696
702
579
641
549
653
389
42
550
645
701
121
131
650
765
199
62
254
431
201
628
675
58
581
436
110
599
757
707
660
158
546
671
767
159
393
33
518
596
783
139
625
779
539
141
782
30
154
61
109
632
239
623
604
332
101
193
210
681
2
216
236
407
420
552
712
508
293
28
192
490
583
747
476
231
184
713
190
728
676
498
495
597
5
536
730
540
16
163
8
243
372
29
273
488
235
171
685
25
208
17
203
408
432
593
178
555
241
215
27
654
755
709
351
722
523
21
312
624
656
691
708
659
331
764
629
524
234
658
19
10
459
20
230
413
460
296
237
630
519
244
57
217
172
381
687
651
526
373
379
535
661
133
781
102
497
435
729
352
530
103
739
525
164
516
349
4
669
283
426
499
160
762
152
311
664
274
458
404
639
56
626
719
182
560
673
467
55
473
522
384
26
777
174
487
266
32
1
638
644
457
153
376
686
684
766
149
380
700
772
268
515
85
337
689
657
53
693
280
84
553
24
181
321
54
655
269
0
780
365
187
486
112
252
478
665
759
514
512
727
313
219
304
690
23
699
491
105
107
218
275
226
480
83
290
511
111
245
360
692
157
640
191
205
288
484
756
403
666
287
464
454
763
132
289
485
725
336
427
308
703
291
483
584
317
482
394
276
481
612
736
341
359
456
417
455
774
135
751
