360
250
555
107
138
106
388
358
278
315
248
306
334
356
317
290
335
165
595
251
331
688
692
316
279
164
296
554
136
314
330
141
361
276
126
657
166
180
715
719
31
716
140
137
300
594
367
714
499
727
221
781
277
124
365
690
259
630
261
701
718
366
258
30
47
533
307
161
167
41
691
197
152
667
120
37
686
219
111
318
759
39
599
359
666
85
684
658
46
154
134
680
659
687
139
615
341
260
132
87
274
700
357
160
38
462
133
153
485
645
55
292
665
51
324
86
726
611
537
53
220
40
479
389
298
246
309
289
284
631
580
661
54
610
45
196
48
338
35
249
319
589
717
758
663
313
423
386
143
49
110
435
560
291
89
50
339
662
236
660
763
588
275
320
36
337
43
720
193
312
532
434
765
364
253
205
61
29
369
84
783
340
302
127
333
629
478
451
450
583
301
273
582
33
753
215
387
121
761
34
22
113
79
218
303
32
464
216
703
230
644
237
780
757
285
664
109
551
3
23
567
391
699
272
673
204
422
477
188
78
20
182
231
527
421
44
561
647
13
60
125
598
9
1
672
392
169
88
656
17
420
112
288
159
685
255
652
693
368
384
484
755
571
187
2
407
299
633
142
52
242
769
217
513
234
632
42
608
449
617
543
4
457
295
756
268
267
168
721
779
638
191
541
263
115
622
123
771
524
18
447
383
262
213
483
194
270
332
764
264
195
19
448
431
293
782
11
702
243
540
382
265
25
308
131
393
245
476
287
489
408
402
550
512
244
653
271
223
58
639
12
229
233
385
777
689
294
671
252
609
760
91
353
698
28
634
59
21
247
620
10
235
463
751
186
199
16
57
192
581
458
616
409
505
711
635
151
189
155
395
214
517
498
731
222
212
281
90
363
767
465
597
135
5
328
587
455
181
390
549
102
210
548
619
411
345
93
114
669
108
729
628
569
710
579
486
544
183
681
343
211
614
737
511
348
342
503
225
601
596
593
439
603
7
26
203
81
15
6
8
83
754
373
575
232
56
158
207
336
500
728
482
372
501
344
539
602
371
778
559
370
374
347
491
641
14
725
24
504
419
305
429
446
456
668
162
475
350
397
80
428
362
399
280
529
398
558
528
163
697
518
724
502
426
427
640
