3
473
835
852
616
205
141
233
569
8
534
225
149
757
858
850
617
316
168
125
958
867
86
522
195
264
439
813
72
219
986
358
949
269
933
951
75
1
920
121
995
20
128
390
241
256
985
162
4
1016
78
92
736
325
547
100
132
955
158
45
576
514
133
150
423
663
89
32
95
539
984
382
487
505
119
113
290
857
47
618
698
437
255
471
861
506
834
512
237
147
5
415
383
108
296
380
549
934
601
14
916
597
193
704
915
105
806
788
136
604
322
969
51
245
28
284
42
229
109
964
217
643
77
64
929
222
738
799
1017
767
101
542
386
972
236
923
490
250
898
948
668
104
638
377
146
156
127
735
297
116
285
966
953
906
178
908
786
458
123
606
266
975
520
613
770
118
33
734
81
533
414
103
989
671
543
740
126
987
913
173
763
66
848
319
855
139
282
965
231
703
19
349
35
796
515
579
425
1008
833
954
221
62
26
88
677
352
903
80
65
165
474
832
12
120
84
148
138
410
314
968
454
769
387
892
472
924
421
46
982
258
665
293
96
450
446
40
442
935
389
621
379
822
292
873
976
70
884
486
485
615
791
805
417
315
16
993
1020
937
836
777
950
940
434
605
459
645
36
189
157
71
451
772
68
811
868
378
184
243
635
6
444
518
56
115
917
780
354
551
135
190
744
866
98
489
381
137
676
632
403
792
764
631
228
172
573
890
795
1001
600
997
705
302
443
320
1006
523
484
979
708
248
31
177
897
453
17
63
941
140
768
22
191
311
268
821
346
69
347
57
644
814
246
999
220
521
936
216
283
572
980
277
265
981
145
34
575
585
24
636
865
452
134
874
23
548
18
851
947
853
491
259
422
731
667
107
323
398
973
943
812
67
574
112
666
343
809
466
365
827
860
102
762
1012
129
276
863
996
37
775
436
854
404
607
441
599
295
289
602
1007
493
38
633
351
889
402
592
634
823
476
324
39
1015
878
58
280
880
846
519
426
967
409
419
388
800
1000
356
483
448
160
492
274
998
445
655
13
580
260
905
540
1022
1021
524
465
974
357
278
690
161
504
438
536
810
808
242
824
355
411
300
709
724
321
456
267
144
603
619
883
420
776
435
304
488
758
910
1013
509
730
468
516
507
552
741
247
418
427
396
477
952
723
745
1004
956
944
525
475
301
310
428
620
756
942
879
713
279
303
693
1014
755
612
305
627
782
807
586
568
912
371
759
385
553
366
306
460
847
372
624
559
433
695
625
681
329
406
405
393
754
309
727
1005
461
333
662
779
640
722
299
626
781
650
395
399
535
657
298
778
338
275
687
467
554
718
334
503
751
335
364
394
370
367
401
361
911
432
628
498
363
429
528
717
725
339
555
750
332
340
683
342
337
608
362
587
374
373
526
497
527
307
308
726
656
400
331
749
336
369
431
368
588
682
716
330
753
341
715
688
593
590
752
747
464
529
746
719
748
500
689
494
499
721
561
714
430
694
556
589
496
530
558
720
557
594
495
562
564
596
532
463
595
462
531
563
