594
558
495
557
462
595
463
596
496
526
590
589
395
562
527
394
561
494
593
563
556
362
330
559
464
430
396
626
363
564
393
528
628
364
341
694
361
342
331
374
720
373
308
497
525
689
588
275
307
429
662
529
295
627
332
426
597
503
625
309
299
747
530
427
748
242
714
431
532
461
500
719
555
531
535
683
725
298
682
329
340
726
716
498
422
499
746
650
587
565
405
847
715
911
425
406
554
693
13
428
241
913
880
534
912
112
879
727
310
475
848
1005
688
695
717
280
23
397
681
850
247
140
883
57
276
1004
751
749
9
279
507
24
603
846
533
629
759
849
107
779
851
243
144
501
248
314
778
808
502
262
775
814
807
776
346
944
274
750
389
267
910
170
357
177
237
713
540
874
580
18
216
231
942
516
914
444
56
236
12
178
409
343
145
205
974
884
608
22
172
792
745
411
758
612
878
445
853
476
315
208
420
80
17
81
634
58
268
477
392
16
202
88
952
277
246
549
539
296
881
176
956
741
206
575
548
139
581
1013
147
709
347
572
173
1014
1000
448
973
351
998
282
574
860
509
325
943
209
567
119
84
157
865
191
31
800
1015
996
260
377
889
300
161
824
283
1012
573
293
836
160
48
250
278
63
649
576
118
319
671
115
213
189
1001
897
730
811
863
333
120
868
905
129
721
734
866
98
999
289
993
1021
607
832
744
221
50
827
605
228
190
40
640
566
997
979
890
703
312
967
134
579
1020
39
37
1008
356
66
150
1022
123
219
195
220
251
705
217
38
14
388
892
51
34
229
89
41
135
321
65
67
102
261
767
385
294
833
184
71
823
805
867
6
735
764
380
934
768
602
70
875
7
989
806
203
126
95
62
936
953
165
33
882
441
924
543
8
25
712
32
965
577
193
75
258
643
125
64
156
859
545
418
324
837
706
929
46
542
137
69
68
966
937
995
1011
923
796
316
138
417
443
286
799
483
864
187
96
79
158
704
292
861
103
578
413
141
266
857
708
980
769
894
738
615
297
888
736
969
955
610
544
947
512
446
582
641
968
828
197
353
49
930
970
613
795
105
90
964
214
990
547
862
352
1016
954
408
447
515
320
938
898
419
162
639
383
673
931
227
920
963
948
700
378
94
253
988
387
919
773
350
478
127
609
1017
259
672
731
257
168
232
935
945
804
442
633
614
287
164
737
198
1023
159
185
163
858
984
504
1
647
739
638
122
15
841
106
854
416
386
222
375
922
902
450
925
541
133
288
798
636
284
791
99
994
702
670
1019
132
155
829
210
802
906
53
707
831
991
101
926
290
869
194
895
30
130
5
801
604
842
959
188
196
328
354
891
903
606
701
136
151
508
987
97
844
982
1009
20
679
285
900
256
36
1003
771
484
318
763
887
893
451
223
415
104
412
2
611
957
668
226
449
674
218
192
35
871
676
124
230
91
760
482
962
821
42
794
60
382
317
896
958
355
72
349
255
835
961
834
901
224
93
762
839
732
772
59
870
153
252
675
517
845
546
291
3
211
978
981
92
0
169
166
777
414
55
774
186
949
146
810
904
664
983
899
985
479
384
728
131
933
642
766
199
939
992
915
838
830
21
225
960
513
121
100
311
111
128
757
932
803
254
322
381
1018
360
818
669
921
61
765
481
114
877
78
45
204
909
951
820
986
116
571
245
154
87
113
480
74
740
770
637
665
809
872
348
28
950
167
182
876
152
142
143
207
918
514
666
856
928
233
696
927
917
174
852
26
644
697
840
733
452
180
453
873
323
946
826
200
379
819
680
4
11
977
85
812
510
511
215
183
699
29
843
212
797
825
302
306
27
907
1006
263
916
117
175
410
1010
742
667
472
344
793
813
940
663
244
54
10
265
718
474
651
47
789
1002
82
780
86
908
1007
790
234
855
976
108
421
181
584
301
19
486
583
313
550
149
440
600
83
359
886
536
376
975
485
677
391
560
646
235
52
972
345
553
817
941
710
632
44
971
43
822
711
661
339
249
179
465
698
518
601
781
645
76
519
110
815
729
752
73
570
334
678
743
761
568
635
171
885
407
648
788
326
270
390
148
551
365
281
77
684
327
473
816
423
335
337
616
506
505
618
109
358
538
537
471
238
336
569
372
454
521
269
617
585
787
487
338
783
264
432
439
201
455
470
552
438
520
368
398
598
239
782
586
273
424
687
630
240
631
522
488
786
657
599
784
756
658
622
367
303
493
437
489
490
399
724
785
433
369
524
305
366
371
271
753
400
619
591
456
468
466
304
652
272
692
434
469
436
690
621
685
404
660
370
686
523
435
401
467
458
755
460
491
459
754
722
620
457
403
659
402
592
653
656
492
691
723
654
623
655
624
