240
239
817
186
816
154
188
927
238
565
194
691
652
991
686
870
648
48
992
271
653
900
872
702
611
818
815
82
197
925
392
669
546
629
1010
959
167
577
218
784
960
928
899
609
199
272
569
510
1023
533
249
440
384
537
786
505
273
921
469
785
962
766
230
616
826
27
153
437
787
932
348
481
733
29
198
360
838
946
83
424
254
196
637
152
408
597
489
765
961
155
901
514
896
487
578
907
788
798
455
91
2
458
457
654
621
623
859
837
73
839
642
523
674
675
803
49
918
660
724
831
830
692
659
696
456
434
317
130
990
783
407
225
480
376
44
819
756
241
151
252
439
971
685
61
939
871
707
690
93
598
261
501
473
466
124
43
224
551
585
893
291
59
919
207
673
251
187
79
583
701
619
904
576
226
269
86
488
994
270
545
110
77
52
732
902
774
131
3
250
710
513
0
782
566
520
100
282
391
76
891
1011
617
538
829
888
375
631
1002
522
945
41
166
972
678
881
797
111
183
951
743
740
121
99
402
1018
304
471
227
620
482
1009
109
711
646
208
322
345
175
869
584
305
128
54
599
541
192
511
423
318
680
670
802
327
977
840
25
789
479
645
856
770
506
359
639
303
10
237
957
664
933
470
591
47
326
354
737
253
11
658
447
641
849
630
835
550
328
350
344
975
179
281
858
570
468
908
490
804
877
219
729
622
502
677
534
87
894
876
524
761
672
875
679
579
581
9
182
404
28
663
773
632
206
50
882
649
914
978
895
661
459
171
843
30
825
313
518
635
909
517
1019
195
412
575
734
767
934
89
703
95
80
16
123
799
221
608
156
98
71
12
993
157
189
17
574
31
769
191
860
190
897
67
57
889
865
129
446
289
22
63
220
321
134
607
445
863
160
161
260
351
448
58
13
967
952
