651
397
656
662
650
428
585
597
436
557
495
528
396
437
927
725
991
554
405
766
402
753
761
691
793
370
711
558
620
395
692
686
180
427
992
798
489
246
348
728
679
213
990
312
652
245
993
843
192
787
438
635
311
825
743
481
240
224
91
960
57
994
513
958
278
265
629
284
842
435
179
971
457
685
876
59
506
518
729
872
765
296
1018
837
359
957
256
26
468
214
286
816
486
4
538
487
449
771
0
89
469
271
815
611
939
701
430
154
667
344
181
649
168
974
817
505
343
908
297
949
569
829
792
482
675
926
570
85
886
474
162
680
353
226
316
670
707
327
212
167
52
25
147
279
378
414
514
975
272
955
266
234
981
603
826
483
381
453
3
239
148
450
244
916
411
406
871
697
60
462
669
12
61
478
202
322
380
310
149
318
668
247
384
117
390
924
574
163
578
875
961
840
512
225
379
986
838
870
705
45
13
227
605
133
739
136
51
712
636
637
363
672
142
11
863
938
677
201
169
760
645
372
644
733
950
869
195
84
704
15
443
770
543
544
857
627
135
998
221
804
288
537
522
577
925
839
1007
643
696
29
987
166
515
740
985
678
77
326
207
784
413
982
313
285
867
199
907
132
7
44
628
121
948
917
1019
43
364
634
940
138
173
349
604
922
277
105
86
161
861
479
973
510
906
264
233
255
638
416
160
455
794
700
46
862
159
426
970
58
932
193
194
806
937
877
387
772
905
321
323
805
83
141
170
14
215
470
358
702
281
710
962
365
1006
673
174
822
946
253
90
20
320
664
422
116
972
106
115
317
546
291
423
137
858
157
821
953
200
410
573
110
79
910
967
382
143
103
790
855
188
579
283
885
963
738
928
72
442
40
519
660
350
67
995
68
956
175
732
153
140
854
47
6
936
21
5
900
648
62
894
734
191
94
126
131
55
357
874
19
36
75
441
222
109
325
835
130
118
134
53
757
254
451
606
108
797
448
231
964
647
54
182
73
30
82
287
1022
731
836
473
549
27
550
352
803
324
737
78
904
351
965
608
484
610
930
421
41
676
447
111
609
290
232
788
576
909
104
646
575
156
997
139
539
979
196
35
389
480
919
258
185
74
125
769
642
868
28
319
158
742
354
485
488
545
203
88
477
887
708
954
280
9
941
398
187
452
76
893
356
10
841
383
412
923
377
229
996
22
165
918
261
292
127
69
601
252
613
37
293
951
345
24
172
889
48
890
639
97
93
607
107
456
33
409
802
730
666
674
709
120
208
983
16
198
834
767
114
774
789
551
698
446
189
294
898
600
42
848
773
101
978
809
706
65
95
34
823
891
355
50
444
150
186
303
220
517
17
547
920
968
632
921
295
38
966
699
39
1008
580
2
859
112
509
415
980
8
800
388
100
796
235
775
155
1023
375
1017
49
873
541
568
146
259
190
151
1020
866
273
376
171
571
612
219
929
976
799
896
328
542
736
164
374
596
1009
454
695
391
56
548
768
263
66
113
23
417
248
744
206
71
933
144
70
176
257
572
844
183
616
988
984
833
102
184
63
1015
856
230
260
99
262
901
217
476
888
581
947
915
845
18
902
251
249
661
931
945
791
419
895
899
810
309
878
934
223
913
811
801
952
80
892
87
32
884
342
687
511
445
641
81
1002
119
735
475
128
145
1003
764
197
418
238
903
289
31
1016
897
566
305
237
211
741
152
218
347
270
516
846
944
818
969
860
943
665
584
1001
98
853
425
552
96
408
602
1
807
205
828
331
122
977
827
420
520
92
814
439
228
640
847
129
912
614
824
671
763
385
243
582
64
999
693
762
865
440
935
540
241
300
204
346
831
1005
250
1014
813
914
864
849
942
1000
276
178
386
820
832
282
681
304
216
1012
595
989
306
583
508
776
659
314
795
1010
633
236
424
507
298
536
553
124
615
1021
1013
883
407
302
880
911
177
590
778
209
123
1004
332
852
269
881
268
434
779
812
567
299
808
394
882
565
393
330
850
502
373
1011
467
879
274
471
267
275
593
713
308
392
338
360
501
752
329
721
315
777
472
780
690
783
819
504
759
694
362
727
521
684
625
703
851
496
210
242
301
626
745
594
782
758
621
333
361
682
746
341
658
534
747
463
337
781
401
466
714
339
369
503
718
340
307
726
751
366
715
431
748
683
336
689
657
717
399
500
533
535
589
334
688
750
498
561
562
749
400
335
499
719
716
720
464
367
432
368
563
433
529
530
564
497
532
465
531
