45
690
540
556
88
664
498
218
312
302
512
687
717
191
206
351
205
350
692
324
155
339
539
484
721
137
456
764
301
99
271
290
566
98
610
103
319
110
420
780
605
109
544
640
195
139
674
23
63
274
570
567
639
160
352
77
691
686
534
62
595
252
347
778
30
87
48
585
214
44
543
689
107
611
192
38
280
374
576
243
58
545
392
581
641
356
8
158
777
272
726
50
325
261
546
515
348
657
633
467
634
623
472
241
284
394
353
203
154
215
181
49
211
346
25
479
349
337
665
354
604
133
79
307
182
423
297
622
210
219
5
3
516
166
36
693
19
441
762
774
220
190
270
685
161
656
573
244
661
225
157
658
234
775
35
469
650
580
273
73
697
637
213
51
755
632
412
33
381
655
569
493
662
127
360
598
732
593
17
21
748
167
615
440
600
78
242
60
411
13
187
683
189
184
178
613
684
414
245
156
696
331
129
438
671
32
554
572
518
601
471
108
458
260
268
208
606
276
304
713
464
373
603
430
496
575
660
426
112
413
326
663
517
429
520
547
599
128
627
212
608
193
550
126
185
597
318
667
587
410
489
293
101
384
64
718
626
375
571
61
27
235
217
574
2
577
150
470
631
66
725
523
659
675
104
415
1
20
188
497
701
34
783
698
175
758
747
468
760
625
779
294
296
781
711
596
263
630
269
84
159
553
524
403
54
579
46
568
57
113
522
209
466
237
552
401
266
765
183
180
37
311
321
644
680
729
703
495
55
97
582
22
728
463
769
179
246
231
56
710
753
68
749
548
730
720
186
65
138
653
490
425
404
437
238
382
0
132
439
700
476
265
673
281
153
369
216
121
253
332
459
478
100
494
532
782
162
82
624
380
29
355
602
236
250
652
7
629
592
91
557
226
761
521
28
607
124
609
757
636
712
230
149
542
259
398
739
16
714
723
43
4
141
295
491
645
24
457
594
169
578
52
635
733
366
507
431
170
442
151
229
248
418
12
86
377
405
681
549
383
621
174
682
115
654
461
95
131
402
421
432
89
364
385
499
94
69
433
42
279
147
393
201
76
647
93
292
163
449
529
164
123
92
388
376
616
628
450
344
460
724
399
443
736
223
74
702
345
704
67
541
379
72
278
436
130
90
173
361
409
251
122
773
649
735
586
291
397
709
558
695
282
267
336
642
306
617
679
591
152
738
119
264
446
651
486
766
737
125
407
310
194
741
408
514
75
70
618
742
199
588
400
146
505
406
256
506
563
378
678
525
746
120
118
227
473
474
477
744
254
343
221
200
435
197
143
770
589
772
222
434
535
590
740
620
619
371
706
646
462
372
335
396
370
768
363
228
767
648
362
676
96
422
745
171
334
731
333
743
142
71
708
771
277
116
677
114
145
117
707
531
249
172
283
670
559
255
705
485
305
513
144
