462
628
597
497
396
463
395
430
527
593
557
528
590
502
526
847
880
629
501
394
848
662
626
849
627
500
850
580
608
661
242
879
559
881
362
846
208
1005
427
364
429
535
393
694
913
581
207
589
363
1000
241
883
1015
503
236
836
392
330
660
329
837
851
693
397
206
295
209
776
912
1011
1013
889
426
1012
712
1004
1014
911
516
262
177
952
576
745
679
868
448
612
860
176
905
727
361
865
239
996
250
237
897
409
282
650
1021
914
261
579
243
683
945
993
998
775
577
556
808
229
360
695
197
1010
428
548
240
726
874
422
1022
582
377
759
144
48
999
203
549
1020
228
175
314
16
298
944
746
251
934
989
859
725
342
260
195
878
888
17
575
408
807
376
875
741
211
578
919
979
219
819
1016
956
977
817
814
445
800
9
1023
990
744
275
391
545
832
857
205
425
734
66
811
33
231
867
34
198
238
283
112
210
13
32
805
187
778
178
884
65
216
249
974
172
574
186
129
289
997
640
328
567
247
517
820
806
145
170
703
869
866
417
296
319
98
204
217
188
359
671
293
779
540
475
280
80
84
892
713
119
959
107
863
194
877
804
767
498
991
937
331
870
173
248
827
844
160
572
161
315
38
910
598
953
444
614
165
1001
659
326
818
605
49
263
79
294
603
758
477
894
716
925
902
706
327
573
700
696
57
539
351
353
6
267
218
764
791
816
230
309
37
64
18
643
135
441
969
948
111
728
23
31
858
191
747
157
978
900
235
274
196
773
58
995
792
227
793
150
221
71
202
464
647
890
845
189
420
544
24
861
609
120
299
709
762
833
547
174
155
672
968
182
938
735
853
673
920
682
796
615
871
828
67
760
507
546
602
123
310
876
346
970
134
193
89
246
476
125
777
794
279
22
297
607
308
258
286
7
325
1003
81
611
380
63
1009
199
12
824
856
515
681
447
151
184
90
923
955
321
541
154
139
799
973
102
815
702
707
95
141
320
140
185
761
738
190
388
385
25
53
220
965
56
943
542
50
302
461
947
509
604
543
41
964
946
266
508
142
15
344
232
70
634
641
118
40
901
864
126
909
610
831
156
147
253
62
512
55
413
442
74
994
122
899
88
478
158
639
332
46
668
821
159
418
842
936
124
257
343
39
350
316
91
980
105
470
30
278
153
75
270
130
356
613
318
354
697
692
114
347
739
962
798
571
213
839
383
942
931
93
412
670
929
736
214
649
731
829
838
862
795
748
852
440
887
729
8
87
345
96
162
341
924
1019
183
705
907
287
988
357
375
684
674
474
313
742
1
11
984
312
790
730
954
317
106
127
895
1017
922
215
967
223
292
633
893
714
774
387
906
992
701
59
60
143
446
42
21
483
630
789
171
307
665
78
224
415
254
841
138
737
113
802
277
97
751
664
2
192
453
164
374
110
769
479
926
983
103
843
222
99
276
226
168
636
830
708
680
699
61
732
957
932
45
68
1008
916
823
284
855
54
386
252
921
915
927
384
891
930
768
669
82
416
963
966
904
555
872
14
288
26
255
200
234
212
638
92
757
771
352
373
766
115
663
281
300
510
606
484
389
637
423
390
29
27
454
44
152
285
675
382
348
51
85
244
958
763
137
378
651
163
146
704
407
83
20
414
710
28
72
658
116
622
411
358
949
121
245
854
482
10
73
76
167
719
717
324
379
169
69
642
349
481
410
0
646
898
117
136
290
584
801
419
201
733
35
268
511
960
826
443
43
128
570
108
311
256
449
908
625
513
452
166
149
840
52
939
104
225
455
903
180
131
813
132
5
780
47
765
743
233
273
101
676
812
19
381
987
1002
951
3
554
451
306
896
421
935
259
133
1018
886
711
550
835
86
648
961
450
885
601
698
179
583
499
873
666
982
181
301
100
264
810
985
269
291
825
424
986
918
678
77
933
480
797
928
471
783
406
333
148
36
976
109
355
834
514
803
486
485
560
472
972
715
322
740
667
644
677
822
809
538
617
749
788
520
506
981
265
632
781
521
600
439
750
950
1006
340
271
552
616
473
365
504
975
772
917
971
770
618
519
537
536
787
553
635
591
525
551
645
941
323
4
303
405
272
457
720
585
505
940
431
782
1007
518
569
488
653
304
522
487
784
786
305
654
334
489
456
588
718
568
631
339
338
465
458
785
691
438
335
586
621
689
468
599
685
469
756
587
652
690
372
724
337
398
493
687
686
336
657
688
592
466
752
620
432
437
623
524
721
467
619
490
523
371
755
366
460
655
459
436
404
722
624
656
367
754
433
399
368
753
434
370
723
369
403
435
400
402
492
401
491
