307
253
530
586
766
114
363
310
338
222
145
769
199
366
42
558
502
504
506
194
279
765
750
739
770
678
772
448
559
308
676
81
749
281
773
711
737
712
677
336
254
335
351
767
305
751
747
771
743
776
738
198
282
640
390
226
534
704
132
186
535
531
187
86
748
741
250
325
768
721
744
774
189
164
693
544
229
752
323
216
572
403
417
324
134
779
362
252
419
525
396
714
404
280
255
777
201
249
571
424
393
706
725
718
713
775
311
579
651
471
402
412
507
734
745
588
55
146
742
352
746
184
300
182
599
692
545
612
477
80
703
217
778
177
616
26
598
24
83
447
185
627
378
764
384
183
740
609
213
391
389
720
516
316
562
340
344
624
762
342
576
286
318
136
285
289
452
291
621
295
759
29
133
196
116
456
587
313
551
287
180
763
317
441
341
781
9
82
173
522
227
395
687
615
368
672
112
756
754
339
643
560
319
622
480
27
367
521
288
532
131
314
394
729
455
111
524
585
53
533
293
30
21
577
671
758
28
19
8
476
727
315
593
454
129
292
290
10
20
649
11
644
276
2
755
503
17
645
190
486
337
135
630
423
701
780
603
168
427
294
483
500
202
140
484
691
175
191
225
548
101
613
3
760
6
364
414
539
487
699
32
161
453
641
485
514
722
575
312
526
666
479
103
422
631
482
540
511
602
542
512
541
508
513
674
481
761
59
365
420
309
392
106
105
107
