565
566
534
533
597
653
817
629
598
376
654
816
501
502
818
819
408
696
691
815
186
240
188
271
849
628
262
272
470
154
848
630
239
344
440
241
789
850
251
881
727
409
575
660
425
820
469
218
230
814
197
728
659
426
194
187
622
945
537
207
661
155
608
250
199
208
261
273
394
648
570
392
242
880
692
652
79
393
9
198
16
577
946
847
538
219
473
326
580
375
377
294
48
658
111
238
263
991
913
576
914
758
569
170
505
119
649
249
579
175
788
695
702
664
1023
1010
671
1011
959
153
859
91
882
790
66
206
282
977
611
846
837
856
703
875
151
888
196
319
229
990
685
787
734
396
925
17
665
195
578
295
574
171
176
445
627
927
41
836
110
209
506
32
900
877
609
231
874
697
2
142
919
314
124
870
25
857
125
447
767
761
686
851
541
546
1022
794
1015
545
130
581
872
395
98
784
1012
785
510
775
626
839
384
424
907
783
860
253
345
894
33
601
49
774
270
806
84
526
899
883
679
65
797
202
177
573
876
757
912
798
327
662
444
989
1020
962
808
82
93
1021
889
227
992
831
359
700
397
50
441
868
182
221
699
232
1009
584
1000
80
605
773
228
167
89
217
548
928
871
360
729
902
978
921
200
286
681
710
909
673
1016
313
879
838
867
283
317
380
684
669
858
826
293
457
707
7
643
639
1004
254
884
674
712
90
120
203
612
844
528
960
455
934
640
281
407
804
427
869
143
701
953
31
237
932
547
544
706
236
994
901
567
478
315
527
641
412
786
766
675
1003
892
828
733
1005
353
793
893
350
417
979
560
64
157
29
83
193
993
776
743
572
735
1013
832
970
481
897
829
150
1002
742
141
865
1019
651
843
123
516
896
646
680
891
178
961
802
861
508
343
99
672
737
637
226
145
633
1018
922
938
74
864
642
995
191
348
670
955
971
713
969
996
668
517
53
739
582
920
112
44
957
185
830
904
845
165
610
952
759
325
81
224
258
183
73
583
841
252
490
842
474
540
201
999
825
923
172
354
693
535
807
895
732
905
866
771
974
939
192
805
931
413
173
539
471
257
745
174
886
997
833
439
235
983
391
152
915
988
885
813
95
986
55
998
803
289
801
144
616
515
362
760
862
736
1001
94
164
604
57
1017
549
840
926
973
30
214
799
71
890
937
887
328
984
930
514
796
985
204
34
87
243
964
542
163
482
963
212
448
929
711
216
944
617
559
800
863
522
647
738
225
179
602
916
210
650
59
908
428
968
122
663
1008
704
678
76
762
975
316
855
503
54
571
1014
512
958
114
792
765
320
318
147
954
1006
205
513
291
169
811
763
791
288
6
924
189
910
312
951
159
480
550
129
966
215
741
965
477
211
543
615
296
956
135
948
972
416
764
476
731
936
614
835
386
11
933
139
358
878
827
740
980
523
744
21
106
976
181
248
459
213
494
631
591
27
618
834
623
520
949
264
987
422
260
458
256
935
824
852
390
677
769
347
853
705
269
1007
449
442
61
770
364
346
161
898
40
43
613
472
709
918
97
636
160
698
105
180
103
479
943
75
487
634
911
146
287
592
70
67
387
351
491
166
266
599
162
982
8
421
15
234
780
603
511
274
292
280
398
903
10
168
524
290
429
906
645
0
967
632
947
600
485
823
768
244
489
133
379
388
486
454
352
329
321
708
233
107
667
297
777
873
134
676
302
635
389
779
131
530
128
37
821
42
149
607
117
410
772
277
509
158
12
423
484
621
434
795
453
140
551
466
113
585
822
246
276
437
72
247
60
126
322
156
385
950
809
96
730
38
420
518
184
3
1
86
403
443
981
638
383
100
132
378
507
323
655
223
85
940
483
356
121
268
812
854
406
88
644
245
521
361
52
475
118
382
62
13
190
5
267
24
666
35
411
23
56
63
606
917
22
18
519
357
373
683
418
4
493
148
726
941
525
810
452
374
284
778
279
46
363
102
104
435
278
45
451
138
68
220
687
414
536
624
101
136
299
20
446
311
498
450
78
92
324
725
259
404
504
265
47
300
415
14
355
717
58
694
555
365
108
942
724
349
77
492
39
456
552
116
285
298
36
488
28
399
127
51
109
372
255
222
137
69
756
723
309
419
381
436
782
310
751
438
594
568
461
716
330
690
747
746
755
595
620
718
619
562
402
586
554
275
19
115
26
304
553
625
682
301
465
468
556
467
656
593
371
754
460
499
405
563
748
781
303
722
719
305
750
531
331
714
366
306
749
332
497
430
308
715
307
342
333
367
500
588
657
400
688
587
340
341
338
433
495
334
431
370
335
590
464
561
753
589
720
752
432
689
339
337
529
401
721
368
336
369
557
564
