668
741
398
572
399
737
219
638
371
747
715
573
707
78
51
722
647
178
673
368
421
53
248
397
151
777
396
714
637
12
175
190
591
667
426
370
150
156
123
263
148
247
666
189
149
157
369
583
571
338
582
720
122
589
305
609
466
174
574
277
530
705
177
750
206
202
191
608
465
713
310
693
618
276
283
176
391
117
531
581
783
712
218
362
203
580
282
493
717
108
710
467
506
220
262
621
147
179
778
711
121
171
158
520
610
755
299
300
770
144
290
188
172
205
41
59
424
718
776
447
454
614
308
521
559
769
536
55
116
129
127
545
564
124
570
607
86
611
553
264
130
192
22
125
646
612
173
439
438
709
342
649
307
494
507
544
599
546
687
223
201
152
24
255
343
1
56
702
674
79
757
155
636
543
555
63
697
547
16
114
584
231
126
394
233
670
635
87
19
232
298
719
393
159
754
448
678
392
692
412
730
33
600
5
230
736
663
634
44
26
280
759
294
548
142
478
642
141
199
321
31
128
554
109
66
639
165
84
440
742
204
89
726
700
146
30
348
411
601
61
498
427
312
695
64
43
252
340
640
361
187
532
732
613
665
749
708
344
593
118
256
723
70
120
739
99
664
738
222
103
251
534
145
76
485
694
309
765
688
452
162
633
594
661
184
484
186
291
686
585
745
385
102
696
425
744
474
660
71
119
94
164
297
107
329
390
403
542
185
265
339
367
492
575
292
471
328
598
96
644
134
313
513
100
566
620
538
773
740
472
25
562
565
327
413
746
101
483
451
480
234
519
651
482
758
458
135
662
557
226
60
341
691
443
224
510
525
453
526
73
228
766
97
437
444
680
541
95
296
418
88
537
384
701
229
416
650
499
227
82
606
279
161
679
98
253
449
676
91
357
317
237
685
430
410
217
671
619
561
77
481
104
13
196
497
477
83
402
727
669
415
768
80
681
659
753
495
193
558
316
511
132
729
652
258
35
579
207
169
512
509
375
690
529
540
648
198
423
334
235
131
18
236
315
698
617
539
112
552
704
699
734
782
29
140
200
756
597
295
706
257
250
682
160
760
111
58
7
470
588
475
535
533
496
748
0
616
301
772
303
314
136
622
62
505
503
590
15
6
167
420
137
311
9
47
93
569
689
326
330
395
527
163
514
272
450
4
500
774
383
623
502
75
306
560
761
563
216
551
595
143
293
331
72
677
105
133
106
74
549
735
238
764
586
183
781
683
336
8
596
261
153
675
615
602
34
641
11
567
469
304
645
284
318
455
767
524
419
52
522
154
476
302
486
725
225
259
54
57
197
254
28
491
388
356
752
337
49
325
441
626
568
360
442
751
479
468
445
771
273
632
518
113
215
45
23
578
17
605
728
271
214
657
364
473
195
110
716
684
365
90
523
417
414
624
775
266
50
779
14
32
332
528
85
68
653
320
508
724
239
182
3
213
625
286
37
358
212
260
487
241
435
382
46
780
274
658
372
363
643
504
335
138
556
463
139
464
170
436
401
387
209
550
389
246
422
10
703
359
208
267
69
592
428
743
211
275
180
409
115
627
168
400
345
21
67
763
2
460
268
515
166
721
289
20
654
587
38
517
354
285
48
319
245
36
27
604
456
221
577
762
731
488
42
457
672
429
576
733
281
446
655
628
244
39
240
270
249
210
630
40
242
324
631
603
346
355
501
374
656
353
459
181
194
629
243
386
269
278
373
431
81
333
489
349
381
287
347
376
432
322
516
288
490
462
408
461
407
366
92
352
404
380
433
65
434
377
323
405
406
379
351
350
378
