71
72
670
70
69
75
96
76
142
74
93
117
450
73
94
97
642
559
143
90
477
92
197
505
557
590
422
278
223
251
114
531
91
646
68
591
228
145
118
588
122
364
277
335
78
65
621
613
333
79
64
144
334
250
166
256
617
12
649
618
306
620
305
36
616
37
421
98
67
607
222
255
578
34
120
225
86
362
138
724
50
77
195
648
46
635
95
363
35
572
698
570
66
532
169
636
619
507
449
43
568
761
610
200
608
529
569
49
162
115
100
125
580
637
104
707
571
594
88
38
227
194
51
161
99
631
609
361
602
48
558
678
767
146
753
603
628
119
577
663
42
760
606
108
576
113
155
563
633
598
605
63
89
13
634
582
702
611
147
128
585
589
579
229
431
259
587
586
392
436
595
567
246
543
167
675
592
267
723
432
622
323
765
556
662
769
377
52
757
82
408
575
708
127
199
124
758
547
645
254
701
295
253
541
372
599
260
156
625
216
461
676
87
726
131
581
479
209
393
123
783
170
28
141
653
3
381
121
163
489
283
60
772
542
435
597
775
159
110
139
433
671
681
596
782
730
2
29
171
624
650
660
58
546
535
674
548
33
747
460
651
550
158
629
472
600
281
126
566
517
45
30
238
47
632
709
525
552
739
373
476
451
743
623
296
164
8
320
380
712
352
16
293
549
20
215
766
779
657
193
696
201
583
755
61
458
153
728
539
181
21
19
654
673
593
182
544
495
405
27
26
152
604
5
524
768
190
17
574
192
62
523
679
172
555
24
178
656
351
55
744
234
210
231
57
217
384
729
4
560
490
499
10
781
101
706
0
389
25
237
691
545
273
376
661
554
241
695
659
243
630
413
420
332
639
693
56
426
626
349
522
519
644
235
665
244
133
53
160
116
459
762
343
214
764
324
664
491
638
667
727
