539
186
350
396
213
157
417
460
548
201
230
621
324
694
759
174
288
423
388
160
552
149
11
680
411
666
492
65
18
325
575
576
730
22
757
545
205
301
241
458
119
463
514
517
296
147
326
433
262
454
598
484
92
594
600
436
599
640
524
627
187
412
26
490
399
432
155
352
159
313
217
85
122
651
284
410
637
273
260
624
189
506
478
650
551
15
53
300
639
722
29
562
232
229
356
721
328
534
339
384
272
5
625
720
79
161
287
378
314
554
395
572
661
406
601
491
214
267
487
188
464
10
605
518
660
570
17
493
540
257
729
652
323
629
240
426
634
636
351
584
299
619
723
377
555
690
269
266
692
428
83
455
182
633
382
476
512
608
488
635
244
340
489
150
527
141
31
4
431
271
645
606
422
734
24
623
496
211
541
630
727
595
530
93
456
132
52
245
429
153
596
504
298
586
0
438
501
592
295
481
151
202
626
609
32
405
616
579
465
511
756
513
33
231
312
265
699
677
7
459
28
571
195
2
453
577
354
467
752
203
285
663
486
466
215
111
615
644
521
66
550
662
427
485
258
607
523
154
176
200
224
70
755
566
216
185
439
494
259
204
58
364
196
735
522
242
567
270
385
480
643
495
94
177
430
255
578
152
61
403
461
297
146
316
533
425
37
568
549
365
668
500
762
286
371
227
77
591
172
736
569
144
59
763
732
561
509
740
374
424
537
45
344
445
309
330
508
329
373
64
317
67
51
69
770
243
535
725
565
87
452
308
507
479
394
536
60
347
696
387
372
49
751
693
13
774
36
166
563
336
345
386
68
564
731
357
771
38
139
451
331
34
135
116
50
358
167
62
47
35
63
46
332
48
359
360
