590
474
670
197
362
96
618
283
477
647
646
171
676
675
449
446
306
505
390
311
696
114
705
115
472
143
169
334
589
450
44
473
708
557
89
563
531
305
221
648
335
421
137
535
706
418
678
92
363
591
95
707
43
566
256
447
117
118
702
130
529
361
109
471
165
80
222
282
564
251
72
724
144
81
556
712
333
726
444
193
74
744
170
558
710
91
779
507
391
94
709
704
669
138
689
451
668
693
506
279
443
651
123
145
249
741
583
228
388
199
698
425
610
569
460
713
125
113
745
174
156
475
98
679
127
619
502
86
389
525
747
119
743
650
90
614
559
255
470
642
568
567
124
108
580
99
748
528
307
393
424
254
162
201
243
97
194
592
565
686
711
173
192
396
753
767
717
441
400
733
495
685
346
607
746
718
677
611
467
523
126
100
674
176
536
104
42
719
142
439
274
478
186
223
184
578
202
399
310
749
499
440
348
172
259
448
738
728
653
56
452
76
120
659
649
469
128
714
617
766
16
354
461
497
662
415
538
93
464
122
673
272
581
498
571
652
216
509
71
537
204
549
697
158
570
688
416
442
582
671
604
14
553
639
765
742
1
230
147
636
163
466
716
300
680
200
231
782
554
73
246
552
299
463
284
234
237
758
25
131
414
302
596
730
401
594
715
211
595
242
160
82
438
701
663
236
522
503
510
768
777
577
351
757
55
684
267
153
198
244
22
754
277
261
602
121
148
410
190
235
720
700
102
783
30
479
84
403
379
141
526
188
588
491
324
31
155
295
349
266
134
4
778
573
240
494
468
635
312
492
208
203
207
550
624
658
159
26
367
629
326
627
257
546
183
667
740
152
519
600
574
213
547
465
575
238
579
657
760
322
180
325
632
250
330
426
656
599
493
633
623
301
628
645
548
402
606
381
521
352
413
601
576
380
761
24
85
631
625
597
603
29
337
432
739
431
233
327
75
375
508
140
339
681
298
412
781
226
278
433
731
405
407
382
429
458
0
638
220
672
18
258
54
561
101
562
436
328
52
759
620
641
683
11
560
6
374
15
729
376
7
409
321
154
737
347
320
524
168
735
8
462
476
225
136
20
660
270
598
271
5
182
434
9
189
385
555
687
57
206
264
164
215
229
275
17
28
23
527
149
539
129
217
501
260
457
19
384
435
53
480
626
79
752
630
661
296
616
32
373
157
146
10
286
422
273
356
338
214
33
218
772
112
227
294
205
540
3
232
2
695
644
605
239
572
727
27
408
609
151
83
770
269
65
262
187
191
319
70
329
634
209
428
437
195
280
212
780
637
734
654
622
520
453
419
303
21
551
150
297
584
132
185
353
621
771
293
398
411
545
615
111
323
608
345
699
355
769
459
723
692
430
664
370
344
541
265
532
756
61
383
175
378
423
219
58
45
340
245
372
613
241
364
224
314
496
776
775
694
755
482
179
445
196
518
343
736
377
178
268
248
500
764
253
263
116
643
585
397
177
371
417
285
161
64
593
12
247
690
181
404
406
51
454
288
481
543
37
87
105
67
88
69
36
49
78
77
166
38
50
