565
534
533
597
566
502
848
501
850
847
880
849
846
879
628
608
393
396
629
662
727
580
626
394
759
627
851
535
395
364
913
362
242
177
409
503
883
912
295
881
1005
329
208
745
363
911
309
746
408
426
576
361
776
275
427
1000
236
298
695
1004
330
581
778
747
882
725
712
860
612
726
683
497
889
310
144
209
713
498
48
241
1013
741
176
775
650
461
428
554
679
779
716
429
820
548
1015
422
681
262
397
1012
374
16
377
693
267
206
559
516
577
129
331
441
952
13
112
207
425
998
308
17
602
579
1021
282
243
1014
392
714
956
944
807
694
237
342
836
808
758
250
791
445
811
261
1020
80
160
1011
107
145
814
582
314
178
549
575
98
229
475
859
289
260
299
914
33
448
996
905
1022
66
640
161
603
420
247
615
760
525
65
819
500
868
578
878
728
734
744
614
278
837
228
748
574
499
709
279
671
945
34
989
999
203
682
172
360
540
307
528
821
703
477
874
827
865
195
197
32
341
84
633
857
280
507
605
979
57
251
173
315
376
974
283
175
844
897
119
997
892
332
79
373
231
573
792
205
990
890
37
767
135
572
18
609
343
545
777
9
800
444
910
866
888
38
884
817
296
58
216
211
293
24
1001
23
863
1023
170
328
818
49
806
875
832
120
219
539
643
71
517
706
319
934
351
805
858
140
346
634
388
6
647
276
248
81
217
919
440
67
764
246
165
277
391
867
1016
31
474
157
64
210
134
993
22
696
321
191
139
258
555
567
824
845
661
953
607
894
442
762
735
375
174
198
476
194
937
700
969
417
187
102
853
89
833
39
509
991
613
70
673
221
861
705
12
193
923
189
123
56
274
204
63
188
385
625
380
877
649
141
796
973
942
357
925
150
527
1010
227
266
641
263
453
828
547
876
294
353
239
111
125
799
968
220
186
955
356
943
40
7
190
74
995
286
938
864
542
544
95
719
297
184
959
90
543
50
326
967
936
327
794
88
541
970
105
852
869
447
920
316
529
155
53
977
218
126
118
964
604
325
515
730
359
253
929
25
413
46
42
320
235
75
41
249
156
571
268
611
196
793
147
512
768
55
736
610
590
665
347
900
62
795
965
924
240
947
158
508
478
948
185
350
292
103
731
94
454
909
790
418
702
202
672
639
931
738
389
704
182
287
151
159
664
96
815
816
862
68
1017
930
954
966
773
902
162
831
122
15
106
988
707
994
980
870
423
804
383
257
8
978
483
387
717
30
124
138
318
154
238
91
668
412
769
751
311
798
737
963
871
21
223
446
352
324
922
142
416
390
842
739
984
127
561
130
164
378
670
823
87
895
992
213
230
222
484
99
114
887
163
841
410
302
69
839
697
715
560
317
898
1003
93
1019
829
1009
411
1
85
421
856
789
962
915
14
906
893
386
252
802
708
245
926
153
344
143
1008
354
254
232
546
2
680
812
443
550
899
854
406
636
701
59
961
20
45
584
284
60
72
891
960
54
382
901
255
285
415
763
674
300
646
214
183
312
479
199
761
916
78
137
244
757
896
843
11
26
749
606
907
384
97
192
92
801
957
405
583
419
171
288
113
638
932
452
482
596
61
663
855
115
771
830
699
117
270
774
234
921
407
729
215
946
51
358
349
513
168
110
414
904
259
983
132
226
935
732
345
5
838
224
379
449
28
766
35
10
840
872
958
27
927
666
121
669
987
133
44
486
116
593
949
348
494
780
108
290
982
136
526
601
903
455
564
450
313
510
73
810
939
256
76
481
340
562
291
742
928
131
29
985
104
365
873
166
803
212
101
594
83
933
149
676
835
826
485
169
570
480
86
496
637
167
908
675
514
0
43
381
511
36
951
834
472
651
1018
470
522
52
451
200
333
19
986
698
281
765
152
306
82
885
201
553
667
519
809
146
588
886
733
471
233
1002
100
3
813
355
180
642
600
128
981
518
750
622
1006
