465
433
464
654
622
653
685
401
686
687
402
718
497
432
466
652
463
467
369
651
371
590
719
623
717
468
684
370
720
434
431
657
403
430
688
655
436
498
683
621
435
689
404
499
471
469
619
751
372
339
424
591
400
620
690
368
392
658
656
470
650
659
750
340
425
439
307
438
503
212
437
885
173
336
267
716
666
338
982
726
795
749
755
983
335
825
405
791
334
360
853
204
852
794
337
446
415
721
602
462
496
456
502
393
886
752
660
511
722
172
984
542
856
618
583
624
831
823
762
302
703
698
715
725
205
1016
756
671
1015
178
301
857
269
763
40
777
822
682
365
723
268
691
950
472
670
941
39
457
648
940
211
308
748
306
478
634
702
827
776
72
440
238
883
972
647
383
111
912
917
887
908
550
500
933
1008
479
730
101
824
264
587
199
71
667
203
109
694
615
909
959
801
237
731
543
855
899
378
20
8
989
541
515
213
884
445
382
236
381
43
327
649
131
341
274
229
261
641
673
971
859
858
937
510
904
932
485
293
796
295
806
551
697
799
934
391
7
724
373
676
704
137
900
305
1007
233
956
570
21
487
423
19
294
323
256
601
387
6
192
774
481
13
872
968
828
991
167
328
41
197
757
450
833
891
198
451
139
349
414
773
262
263
538
700
292
419
787
163
919
838
640
517
981
219
161
672
918
38
313
625
186
33
579
345
969
711
931
808
410
504
110
952
519
914
123
160
418
230
764
99
800
775
926
124
11
797
544
184
988
980
547
243
949
964
290
973
135
181
275
366
930
484
1013
10
927
174
346
639
753
936
351
905
289
483
516
832
643
12
225
734
545
866
782
407
214
324
291
915
288
990
24
23
63
902
736
1002
769
218
84
226
159
126
830
224
447
320
187
839
140
420
83
164
196
935
14
350
185
53
865
128
864
102
244
807
282
51
860
512
911
768
52
127
928
112
59
1017
1014
475
743
130
250
76
767
122
901
975
47
117
31
939
32
348
133
965
171
710
162
168
70
251
281
549
444
377
25
367
18
154
121
188
513
16
28
60
829
252
413
26
714
228
223
826
27
709
840
642
985
929
406
951
708
125
741
319
255
4
958
967
77
870
898
216
386
180
206
506
871
182
169
314
611
79
231
148
421
580
482
916
166
220
155
190
9
317
158
193
253
896
1012
452
1004
37
805
333
257
326
480
803
227
873
924
995
1011
58
129
94
283
249
96
153
156
36
151
194
546
355
64
1001
254
222
1
61
449
882
897
45
35
152
30
138
535
242
91
5
577
854
1005
62
638
454
22
576
85
754
867
248
195
963
772
217
380
645
120
165
280
970
783
359
232
961
548
115
150
100
962
699
809
67
287
108
142
514
17
157
507
34
353
509
957
966
922
44
907
442
742
834
15
57
286
417
385
352
890
612
802
116
644
416
675
942
384
92
606
88
149
863
189
54
678
80
285
82
260
56
107
259
183
737
869
191
960
89
69
93
95
578
325
215
770
994
90
175
996
1003
733
113
732
265
705
906
276
938
894
354
321
247
221
136
707
50
356
2
706
835
925
296
284
613
668
48
876
361
49
65
868
119
42
55
316
0
388
1021
771
379
635
86
738
954
29
87
453
132
318
747
518
947
147
804
609
903
118
607
836
358
600
170
637
948
739
315
258
729
581
745
143
895
145
46
303
66
297
993
539
141
677
1000
674
679
665
505
841
740
923
979
760
411
477
501
837
114
322
3
235
97
892
78
888
582
974
999
608
299
1006
893
646
448
98
68
146
955
134
987
943
1022
921
1023
605
357
73
997
851
389
1010
103
245
889
735
610
426
571
744
81
75
998
347
104
443
105
270
177
992
390
976
874
986
234
476
778
574
810
628
669
409
144
398
298
304
821
636
680
861
536
953
201
202
573
862
312
765
790
106
422
681
412
273
781
575
179
614
486
586
266
1018
603
786
626
508
633
785
632
1020
271
397
200
758
629
792
74
784
616
399
766
913
455
712
978
627
176
780
798
300
701
474
920
241
759
793
246
279
344
408
473
820
779
604
572
944
488
1009
210
692
207
589
588
881
850
1019
239
910
875
880
761
746
441
309
617
567
811
788
877
693
568
842
977
946
727
540
272
374
537
329
713
945
695
330
277
663
569
584
812
599
209
489
394
558
534
813
332
814
845
844
664
631
376
815
375
208
552
819
818
662
520
789
342
592
846
661
843
879
429
278
240
728
458
554
817
521
816
696
555
878
364
331
311
630
585
310
849
553
343
531
557
396
848
529
530
490
598
847
362
597
556
427
566
533
593
522
495
532
596
459
363
395
428
564
565
594
523
561
595
461
524
559
528
525
560
563
491
562
494
460
526
493
492
527
