0.10946369
0.086547375
-0.10667896
-0.26751184
-0.006896496
-0.088627815
0.16975689
0.12494993
-0.05718088
0.18214178
-0.04103279
0.17093658
-0.88422585
-0.61327076
0.42426348
0.44964933
-0.105241776
-0.07909155
0.15006828
-0.014318943
-0.0074510574
-0.05274248
0.23526001
0.1056695
0.0560174
-0.10952711
0.027673244
-0.022211552
-0.08910465
-0.06508255
-0.123758316
0.17198324
-0.031857967
-0.146873
-0.82692003
-0.9230461
-0.9809408
-1.2132192
-1.0924444
0.49706602
0.43241835
0.12527514
0.07759762
-0.21642828
0.33362103
-0.3931284
-1.1945887
-0.8752928
-1.2137952
-1.099237
-1.163157
-0.690608
-0.2710371
0.053476334
0.027460575
0.056649208
0.058135033
-0.028821468
-0.2003355
0.38598108
-0.5360055
-0.28148842
-0.49049234
-0.67714596
-1.2959199
-1.8183508
-2.072969
-2.8134956
-2.0250115
-1.9650373
-1.8061123
-2.5673814
-1.8625441
-1.4329329
-1.6998329
-1.6469812
-1.589364
-0.8480749
-1.2937994
-1.0271864
0.35055208
0.3871584
-0.189991
0.16871357
0.08322382
0.07905626
-0.4938593
-0.53056
-0.73794794
-0.32788277
-1.4756312
-1.1527157
-1.3613172
-1.6043372
-1.3511333
-0.68316174
-1.4728713
-1.2459311
-0.5482211
-0.5281644
-0.594697
-0.22022009
-0.18982649
-0.19676971
-0.99541473
-0.083054066
0.48316956
-0.15174103
-0.5485954
-0.11425066
-0.181149
0.18813276
0.092520714
-0.5350518
-0.975317
-0.41999435
0.16365528
-1.340569
-0.84432745
-0.4361639
-0.6308098
-0.2252984
-0.8864794
-0.3594737
-0.44647264
-0.44407415
-0.48255348
-0.39724827
-0.5568371
0.055498123
-0.060124874
-0.33738422
0.27433252
-0.09561062
0.39253902
0.6862149
0.39523888
0.64894485
-0.63242626
-0.18781471
0.117136955
-0.17222834
-1.5318022
-1.1133761
-0.67046213
-0.79186153
-0.3610468
-0.3860135
0.58657455
0.037599564
0.18168926
0.37244654
-0.027249336
-0.0076580048
-0.29405928
-0.45146036
-0.42174673
-0.08095932
-0.14356995
-0.21954775
0.026648998
-0.5237746
-0.3412676
-0.034149647
0.0035328865
1.1203196
-0.90474176
-0.31556845
0.19613218
-0.65137386
-0.30283976
-0.09137535
-0.038629055
-0.15779829
-0.10935545
0.109512806
0.08557367
0.17212915
-0.0068211555
0.10493803
0.21560287
0.20580387
0.27903032
-0.32045698
-0.3174963
-0.34651566
-0.23024559
0.14261055
0.052076817
0.3338685
-0.16177654
-0.016106129
-0.21169186
-0.15793371
-0.2865944
-0.6449547
0.32150745
-1.2845206
0.4189186
-0.237041
-0.5506983
-0.49806595
0.060218334
-0.23931265
0.053876877
0.0696969
0.10915947
0.33033848
0.3102746
0.62730503
0.2992277
0.3296299
-0.38977623
-0.39415407
-0.16692495
0.037487507
-0.01833105
0.057733536
0.025622368
-0.11337757
0.7177932
0.6065321
-0.34983826
-1.0785747
-0.50908566
-0.77165365
0.14684772
-0.54787874
-1.0433364
-0.6156397
-0.1936593
-0.24507856
0.27485228
0.22531939
0.0018649101
0.0978322
0.15888119
0.13280106
-0.19419146
-0.3014331
-0.38625526
0.039219856
-0.096292496
-0.14229584
-0.091377735
0.0653739
-0.37670708
0.31812334
0.7857475
0.13777018
-0.6390414
-0.97873497
-0.0751853
-0.3484149
-0.23489761
-0.44200468
-0.88940287
0.37726068
0.21948051
-0.3009777
-0.2341733
0.05927086
0.38371468
0.28854513
0.29614067
0.46789932
-0.078743935
0.1354003
0.12631702
0.025601387
0.19629908
0.14878607
0.08675861
-0.36162376
-0.12380457
-0.03792143
0.37570095
-0.94142485
-1.1103511
0.27541018
-0.10563803
-0.46286535
0.56987
0.071094036
-0.13361073
0.41673136
0.27529383
0.24198198
0.2470336
0.29854774
0.11443186
0.42163372
0.4379511
0.0033073425
0.079156876
0.25702286
0.24655819
-0.005909443
0.181283
0.15705395
0.4102316
0.0008392334
0.06515312
0.091077805
-0.103065014
-0.64829874
-0.9053016
0.25330448
0.31315565
-0.13725948
0.34071922
-0.12605238
-0.09118271
0.05684519
0.556921
0.37838602
0.5653181
0.27178764
0.52706385
0.17307234
0.094110966
-0.0851264
-0.20652962
0.3066907
-0.06823492
-0.13155079
0.26560068
0.12979412
0.4317603
0.5159311
0.43544626
-0.30607748
-0.36306334
-0.8823137
-1.0486765
-0.8109722
0.3176384
-0.15986872
0.89938116
0.29217434
0.48994827
0.39919615
0.48670006
0.19578981
0.3837037
0.17381334
0.15855408
0.06658983
-0.0030937195
-0.09623909
0.4006157
-0.13016796
-0.0035772324
0.3619423
0.40836954
0.6012926
0.5443139
0.41009665
0.66229296
0.35739756
0.15488815
-0.5825901
-0.88999605
-0.33205986
-0.86062145
-0.100028515
0.247509
0.33004808
1.4572849
0.56878424
0.37499857
0.226264
-0.2241087
-0.18882227
0.29317045
0.37926435
-0.1758256
0.06808329
0.13379669
-0.0027608871
-0.07301855
-0.03474474
0.21895456
0.59942436
-0.0134902
0.1610508
0.27085924
0.14987946
0.09426355
-0.2858057
0.2274065
0.3439579
-0.56290007
-0.2297945
0.11895561
0.47202396
0.5549331
0.4513936
0.636611
0.443336
0.09678316
0.1791544
0.5461621
0.12562943
-0.09079981
-0.003534317
0.19772482
0.12563705
-0.08450508
0.24318838
0.36953974
0.2101078
0.37563324
-0.055830956
0.2367773
0.21404219
0.3949113
0.5501795
1.109709
1.019712
-0.2597952
-0.75197124
-1.3112965
0.49772358
0.87528753
0.5408106
-0.032305717
0.20798254
0.3104329
0.3407402
0.2881441
-0.2362485
-0.23987293
0.38428116
0.64480925
-0.03773403
-0.20492887
0.3524909
0.3015337
0.34748268
0.30604553
0.16596699
0.07603073
0.19885397
0.27475595
0.40088844
1.1166327
0.16531897
0.383111
-0.7423763
-1.1382732
-0.3525176
0.49806023
0.17159796
0.18251705
0.44544077
0.40010977
0.03302288
0.07001257
0.042404175
0.038327694
0.40113115
0.51279116
0.06293583
0.24903965
0.7262337
0.42606592
-0.029864311
0.1092515
0.09856415
0.24861574
0.39650202
-0.19775438
0.10785055
0.33539152
0.5275283
-0.15698338
-1.2657113
0.10639143
-0.5655203
0.04554701
0.1797986
0.14674664
0.2424984
0.10546684
0.23590899
0.07104349
-0.00026893616
-0.01832962
0.24836397
0.15629387
-0.07600641
0.2601366
0.4855652
0.33304644
0.0044374466
0.19666624
0.05162859
-0.12489462
-0.0809083
0.69001675
0.7303784
0.5037265
0.67466545
0.54568005
-1.2233992
0.02044344
-0.43194056
-0.18130445
0.22693682
0.21687984
0.020123482
-0.114011765
-0.3431468
0.03170538
-0.016057014
0.19085169
0.46540928
-0.023437023
-0.044817924
0.028297901
0.2953701
0.09472656
0.05111265
0.015298367
0.029078007
0.04742956
0.05293131
0.2694683
-0.6874232
-0.076319695
-1.1489072
-0.5442519
0.78663445
0.506711
0.017198086
-0.10126209
0.43307114
0.031650066
-0.2077856
-0.27274847
-0.62328196
-0.34320164
-0.58072567
0.23995495
0.4915471
0.19636822
-0.2801981
-0.24789
-0.27108622
-0.18321896
0.20547915
-0.04801655
0.096511364
0.12726164
-0.05603504
-0.23035336
-1.0731497
-0.63297844
-1.2391682
0.044079304
1.1850338
0.6412568
-0.1994009
0.58491707
0.94428563
-0.16768074
-0.3824892
-0.5647001
-0.45392752
-0.60672474
-0.34749937
0.6745095
0.13178825
-0.41195774
-0.34006596
-0.18856764
-0.41255808
-0.5479636
-0.14911604
-0.3544731
-0.11236334
-0.06691933
0.026505947
0.42167616
-0.23113585
-0.6189842
-0.20938635
-0.82244205
-0.23262691
-0.87277126
-0.7131705
-0.1251998
0.026877403
-0.35426617
-0.37662935
-0.09565544
0.0080599785
-0.24413013
0.12290859
0.20785856
0.112291336
-0.63663673
-0.5097246
-0.17232752
-0.5334878
-0.40382004
-0.55042076
-0.43202305
-0.17538881
-0.47089052
-0.15672493
0.5255394
-0.857512
0.24603271
0.3338318
-0.5558281
-0.5974412
-0.5324497
-0.14132214
-0.522089
-0.881865
-0.22668171
-0.12690735
0.0395236
-0.079099655
-0.029467583
-0.15878105
-0.30167437
0.030899525
-0.09510946
-0.5776439
-0.16048765
-0.46054506
-0.39888096
-0.5273781
-0.3380046
-0.40744638
0.11850262
0.16475391
0.25730944
-0.18552685
-1.2841511
0.57060623
0.00476408
-0.19859362
-0.8327794
0.4323268
-0.4638381
-0.55735445
-0.06959057
0.042459965
0.17427063
-0.23240948
-0.04190445
-0.07533026
0.13204479
-0.07014179
0.17308617
-0.09947586
-0.27947807
0.0042123795
-0.28353977
-0.36427975
-0.016550064
0.06841326
0.26850414
0.26459217
0.6334405
0.11453152
-1.9831643
-0.13457966
0.10859203
0.047071457
-0.36659098
-0.11101103
0.07529545
0.4178009
-0.11084032
0.21968699
0.36109734
-0.11983967
0.19798756
0.020971775
-0.05892563
-0.086806774
-0.102733135
-0.09781885
0.34228516
0.13901043
0.15257883
-0.10100174
0.24323463
0.14427996
0.69865465
0.22304821
-0.07865286
0.40158892
-0.617352
0.12900782
0.032857895
-0.17222738
-0.15368795
0.18025064
0.33613825
0.85184073
0.3282385
-0.08223915
0.07659006
0.13071728
0.34898996
0.44743156
-0.034962654
0.33470154
0.36883593
0.24183273
0.46245098
0.33846283
0.55084133
0.23343182
0.42955732
0.61395407
-0.14006233
-0.3094654
-0.7857528
0.2892313
-0.3274474
0.13657522
-0.14388657
0.013240814
-0.06404781
0.5995388
0.9551866
1.1808279
1.6417975
0.44218063
0.4837327
0.6312833
0.7736707
0.16075325
0.77490115
0.47650385
1.1399021
0.35467672
0.30350637
0.2639122
0.30070353
0.08790636
0.51762295
0.30410337
0.6836877
0.8326416
0.78632903
-0.5345092
0.1376872
-0.05389929
0.26602554
-0.1785698
-0.2438078
0.13795614
-0.7191968
-1.0001626
0.05951166
0.3401909
0.10195923
-0.008832455
0.21775341
-0.06980896
0.40612888
-0.17596912
0.5429826
0.43559456
0.060297966
0.07111597
0.56004715
-0.40926027
0.74076104
-0.08789587
0.35350275
-0.23642826
0.05955124
0.0041332245
-0.12339544
-0.1162858
