67
71
66
68
670
69
72
65
70
74
75
93
76
142
90
96
73
92
94
117
422
64
78
197
642
477
97
559
505
48
37
46
50
91
531
450
143
278
49
38
223
557
334
228
79
761
104
36
251
114
277
35
306
166
362
256
122
12
333
621
47
590
364
613
77
118
646
34
588
335
145
724
225
421
449
88
760
591
51
529
95
63
144
169
305
195
250
602
558
138
120
541
586
698
229
13
570
617
100
361
543
631
479
568
392
649
128
616
200
607
108
98
578
227
532
60
113
753
605
618
87
99
635
161
620
603
224
201
86
62
126
610
648
281
633
569
155
124
125
255
119
608
507
156
115
577
574
775
637
606
634
127
213
45
212
240
147
567
246
595
674
663
332
273
146
123
580
594
451
222
253
571
185
542
513
162
575
636
131
363
89
726
183
184
167
723
331
170
628
239
259
154
194
389
662
61
547
660
540
549
52
3
420
548
231
598
758
432
203
199
779
431
254
260
589
653
585
556
186
393
622
121
372
101
159
43
192
587
539
322
436
58
563
645
472
103
238
230
82
102
373
576
139
641
550
508
110
757
769
376
609
604
141
701
566
214
190
632
337
627
193
173
476
611
702
107
579
33
728
158
243
619
722
309
671
284
325
351
623
311
592
498
274
30
782
681
783
109
512
219
581
675
678
25
174
2
280
16
304
686
536
691
365
659
687
242
349
596
133
630
244
171
312
404
28
5
777
685
321
408
105
707
157
499
625
17
266
696
530
491
655
252
380
657
767
650
324
582
29
730
130
684
8
555
413
755
21
552
519
654
10
172
275
435
712
381
163
426
32
467
626
57
152
518
27
216
488
664
191
515
19
384
765
153
20
4
178
297
352
405
348
379
487
301
234
293
164
781
661
495
644
597
729
524
535
511
506
683
269
218
583
160
593
54
26
520
525
629
538
514
700
457
215
149
460
241
624
459
651
560
480
673
526
523
497
188
527
53
204
129
24
55
313
217
56
261
762
780
202
772
463
302
245
347
377
665
205
458
486
283
773
442
85
294
84
1
303
112
553
764
23
473
669
638
41
403
554
699
727
249
387
690
360
639
652
695
692
667
666
528
386
323
359
276
445
357
584
40
39
