676
708
42
176
272
747
320
388
522
400
235
469
179
484
478
672
206
468
0
175
601
290
140
394
599
7
407
268
327
709
573
656
237
378
267
754
759
689
187
693
482
226
271
18
490
299
346
236
739
385
116
447
441
83
6
11
453
31
177
319
658
345
401
481
703
298
150
9
454
111
516
343
168
270
546
496
406
682
443
551
181
600
427
411
415
180
510
766
382
258
679
233
371
509
390
719
22
485
414
544
715
287
483
409
614
296
288
366
489
470
464
307
295
640
492
745
326
756
317
132
444
232
286
279
182
430
263
725
339
374
521
264
289
210
746
438
744
749
440
208
428
308
336
247
196
706
211
367
207
494
44
615
189
713
474
704
717
763
310
429
688
391
439
710
80
437
778
743
680
353
714
410
151
370
412
257
315
375
448
344
262
433
59
81
134
416
136
471
341
456
350
461
697
768
354
300
285
677
198
291
14
466
720
328
647
537
330
771
292
735
399
455
711
15
397
716
517
265
395
741
106
736
493
342
340
545
423
452
502
534
462
329
748
612
318
475
425
770
356
504
402
417
718
396
314
774
316
369
282
643
564
148
383
731
355
221
721
209
737
668
398
562
434
137
358
572
503
750
135
500
694
220
465
501
776
738
740
248
752
533
751
705
424
338
565
732
419
418
446
165
742
733
561
368
734
