570
408
232
435
305
624
341
722
410
517
747
522
318
437
654
108
93
100
518
489
734
203
131
638
368
605
445
336
262
606
207
625
626
491
554
424
379
97
593
599
463
667
56
254
246
693
59
1
520
44
623
521
184
783
425
22
648
218
447
369
36
49
407
531
697
382
589
559
34
600
462
98
608
185
267
587
38
86
99
170
547
145
464
119
479
602
583
586
274
659
47
603
490
210
313
45
396
655
208
302
199
75
436
548
620
618
658
565
135
209
343
597
128
74
314
139
601
551
143
766
426
270
186
706
387
666
417
189
510
775
52
166
537
57
622
332
637
752
627
177
661
179
23
149
233
511
645
3
725
67
176
453
604
483
39
197
552
359
423
40
161
446
180
427
386
321
17
85
335
123
504
509
330
72
130
641
370
28
751
389
178
397
660
767
124
183
127
381
482
358
388
591
662
129
132
428
780
122
175
337
476
455
298
14
691
226
182
162
481
539
160
364
225
113
779
360
549
247
125
590
454
656
596
286
628
304
50
90
190
11
94
594
553
198
663
550
126
181
136
409
133
631
148
630
398
187
253
188
333
456
54
657
60
287
353
508
728
37
91
134
664
331
350
632
325
401
400
461
719
195
219
150
512
249
399
460
457
61
275
732
326
106
406
259
303
484
781
434
665
77
748
371
729
191
140
29
629
320
193
595
429
354
297
540
633
488
699
240
159
151
636
6
309
89
158
62
639
19
248
112
727
616
402
83
15
538
432
276
88
756
640
532
431
475
420
9
137
111
196
430
617
260
18
167
142
723
13
236
152
515
0
261
487
155
7
109
635
644
80
757
459
485
634
372
153
566
541
234
670
404
251
163
268
237
694
269
542
349
373
223
569
374
346
695
458
235
239
403
157
35
154
405
486
238
513
375
433
567
568
377
107
347
514
156
376
