493
492
523
586
490
461
525
555
618
723
491
460
554
524
458
722
754
522
724
755
587
623
494
588
556
597
591
619
654
622
459
585
599
557
631
489
592
617
756
596
753
620
691
624
526
559
655
560
663
598
786
656
429
527
785
650
558
457
692
725
653
630
371
662
370
359
312
651
428
761
246
518
495
629
245
686
569
793
344
570
711
679
213
728
787
635
538
482
486
506
566
265
565
843
327
278
487
993
601
513
474
537
345
180
505
4
757
514
313
729
992
311
603
179
212
680
649
224
876
168
449
771
553
770
664
441
207
310
697
181
483
743
397
214
348
577
450
721
343
404
971
240
286
959
789
167
296
837
297
234
378
377
52
1018
11
481
994
667
376
567
0
3
628
192
712
51
244
208
528
13
600
414
611
381
949
634
825
12
675
202
61
632
877
739
175
85
765
45
939
652
195
470
830
766
669
117
277
473
578
142
174
792
147
133
256
886
985
169
149
790
349
136
380
43
871
515
707
162
701
7
326
805
872
609
855
409
842
148
77
546
166
955
110
226
403
986
86
838
438
225
411
318
25
193
10
990
927
285
940
135
991
636
908
670
798
266
916
227
948
26
60
957
163
105
413
22
173
604
14
53
733
410
905
1019
255
442
201
54
857
382
917
281
512
443
132
826
637
862
804
44
829
998
284
57
29
960
677
995
408
668
416
987
89
83
323
961
199
595
59
950
84
138
861
143
696
835
91
574
909
870
956
322
170
605
478
19
154
972
20
970
958
981
579
5
160
82
21
906
638
885
803
387
106
863
924
644
772
875
953
867
111
46
738
975
806
231
543
1007
78
317
964
966
437
645
925
353
155
191
982
740
539
610
188
288
839
94
938
156
320
264
187
932
254
643
967
62
68
648
937
316
836
55
894
200
451
185
545
108
936
121
40
140
161
834
221
79
141
215
926
907
448
453
479
109
116
134
15
379
120
840
118
802
186
900
24
869
6
36
115
182
287
9
480
893
922
997
734
510
963
351
858
72
350
126
447
239
137
797
415
794
319
784
702
732
923
249
219
412
996
157
904
172
1008
150
954
159
196
887
974
114
983
30
151
325
165
774
383
973
93
41
547
710
28
222
607
253
767
919
895
676
941
279
33
233
295
294
920
799
700
874
69
194
788
218
42
324
27
822
831
685
1006
921
291
608
1017
76
968
103
125
868
50
220
962
477
951
358
965
890
575
250
67
257
918
571
90
873
946
1002
821
