493
492
523
586
525
490
555
461
618
723
491
524
554
460
458
722
754
522
724
587
494
755
623
588
556
619
459
591
654
622
597
599
592
526
557
585
624
631
596
753
691
559
560
617
620
598
489
655
756
630
527
656
692
786
653
558
650
785
663
371
725
457
662
651
429
370
428
566
312
344
359
495
686
245
728
569
278
761
518
679
629
483
565
771
711
506
246
992
729
787
513
675
482
570
635
487
601
537
311
843
265
538
213
514
680
505
486
207
611
793
449
404
180
481
224
474
4
345
757
993
208
168
327
697
960
707
181
240
343
348
721
770
739
179
310
971
313
743
11
52
167
959
286
712
649
377
212
876
603
553
192
296
51
837
0
3
376
1018
789
994
528
578
214
825
85
628
949
381
195
13
414
175
667
378
12
450
202
45
117
234
515
766
403
939
61
239
577
567
877
438
765
669
830
244
133
652
867
632
147
7
256
142
985
169
835
349
136
226
326
162
470
149
886
77
955
512
43
380
174
701
805
579
986
10
110
441
148
451
173
86
318
25
546
872
871
927
227
995
163
838
297
670
193
990
798
940
790
285
416
225
842
14
166
908
957
948
60
991
135
916
22
600
26
664
905
132
413
281
636
437
382
409
826
733
105
595
1019
696
255
862
53
89
57
648
54
44
323
201
855
885
829
857
84
917
442
861
637
284
987
199
998
677
604
574
453
950
59
83
634
138
803
958
981
29
972
772
154
668
91
909
644
322
473
443
478
160
143
956
964
605
170
970
906
19
804
5
20
387
21
82
638
411
645
106
932
410
953
46
94
545
277
924
975
863
543
264
353
231
966
317
982
609
1007
111
875
191
408
870
155
925
288
78
740
156
938
806
254
794
185
967
187
937
836
894
68
397
62
320
961
140
55
121
188
266
141
907
200
108
40
643
221
215
936
186
316
161
118
839
116
479
15
115
926
120
24
79
109
182
134
922
249
6
379
9
448
997
36
734
539
893
996
447
287
126
137
72
797
350
351
802
480
415
923
702
510
732
840
904
822
412
319
172
219
869
157
858
1008
544
325
983
954
159
974
900
196
150
887
151
774
383
963
165
279
295
294
93
114
30
767
253
28
973
233
895
607
610
27
919
685
799
710
676
41
941
222
218
920
103
76
1006
69
890
247
358
42
33
700
968
788
291
484
280
194
921
324
477
1017
874
50
831
792
220
153
125
509
918
951
257
97
1022
67
891
738
176
965
575
889
1002
90
856
731
258
158
251
250
773
946
1023
988
608
321
742
854
821
75
131
23
910
293
203
417
873
573
354
184
606
309
444
292
572
130
127
263
708
101
639
352
37
549
104
375
229
107
571
915
980
357
2
73
735
1020
989
58
289
217
88
282
8
446
944
198
841
440
979
183
290
976
128
568
868
541
859
952
775
817
252
678
384
232
356
769
860
730
66
47
32
760
984
389
1
95
56
355
699
1003
933
223
100
129
92
34
548
388
827
511
39
38
123
671
74
65
903
665
901
35
978
283
784
612
947
796
71
902
892
452
262
642
421
314
87
576
1021
261
146
119
190
70
164
102
764
828
542
152
550
969
139
248
476
445
122
485
1016
347
1015
884
1014
436
613
547
943
888
189
934
709
64
1000
171
519
1012
674
144
647
741
390
580
259
145
703
48
17
63
99
942
666
999
96
178
124
762
1009
206
112
517
1001
800
824
1013
271
935
540
912
763
423
342
230
488
795
673
695
475
705
508
216
898
16
18
98
260
1005
646
31
834
197
113
305
49
502
807
422
276
945
672
315
928
602
816
272
346
809
977
911
581
228
962
1004
698
913
405
81
552
420
815
386
273
811
238
455
211
818
848
177
660
616
737
551
241
1011
633
823
931
844
744
534
808
801
736
521
80
385
419
418
462
878
439
589
704
456
590
430
914
235
584
407
303
469
810
275
243
853
328
454
204
899
833
391
374
687
758
930
929
516
776
866
727
274
205
706
641
507
308
1010
237
768
845
614
472
813
849
520
304
896
661
791
270
820
471
306
832
627
209
847
846
779
780
814
897
752
812
427
269
864
583
242
759
582
268
640
536
865
819
681
690
300
425
883
338
406
402
298
615
783
880
504
463
659
435
747
302
424
426
299
331
777
341
713
236
210
392
879
782
778
852
693
