651
536
521
437
284
509
123
146
608
497
436
565
272
182
416
471
685
520
209
246
208
174
524
144
655
457
121
288
494
594
155
268
160
353
455
621
67
646
125
215
198
226
430
199
239
656
438
463
202
90
180
270
117
515
204
550
149
409
694
62
431
63
187
631
595
404
523
435
402
552
648
231
181
487
158
299
300
495
465
128
403
159
716
434
151
183
689
91
407
1
130
401
660
693
177
624
638
578
568
610
66
714
542
99
582
540
355
652
235
596
263
243
179
328
207
429
291
410
717
512
577
373
713
271
467
691
551
630
712
147
227
283
210
731
592
680
92
507
216
129
260
492
175
329
205
301
537
633
245
411
375
254
715
514
206
61
498
484
733
626
294
186
525
376
496
428
617
345
233
126
261
255
171
211
240
326
466
422
127
0
730
468
298
382
661
297
264
185
356
432
50
423
576
461
439
51
82
289
710
609
37
33
493
597
687
262
616
405
394
758
759
244
115
189
157
238
684
647
214
659
783
170
25
379
190
513
701
598
274
59
761
327
692
131
658
65
413
718
581
230
36
169
307
290
763
116
654
52
133
395
114
150
168
570
383
753
673
27
236
141
335
499
49
649
29
295
5
140
28
53
485
302
26
35
569
653
34
303
75
782
459
242
589
440
588
98
139
23
393
506
251
637
77
433
48
415
686
74
561
760
259
54
212
19
735
55
441
8
188
449
113
178
282
762
273
756
400
754
664
349
89
11
111
553
86
110
4
196
732
87
142
751
643
644
645
535
22
293
392
195
197
324
720
675
258
60
486
711
347
143
397
757
64
88
308
93
541
378
448
311
420
625
102
105
132
162
112
765
421
191
767
13
534
234
769
309
167
104
330
351
39
775
340
135
476
319
310
47
477
103
737
279
709
20
331
703
671
325
719
771
166
460
137
138
721
679
722
38
223
779
739
777
250
749
442
76
339
773
458
46
278
443
707
747
734
213
690
702
778
94
222
352
723
372
18
95
766
764
317
194
670
750
665
743
96
674
165
677
106
741
97
219
642
10
705
774
706
193
41
316
768
776
12
350
745
338
341
40
164
708
344
134
770
396
343
367
366
772
704
322
738
736
249
323
221
348
320
748
678
136
746
342
220
277
676
321
742
744
740
370
192
371
368
304
276
369
248
