96
117
283
743
770
165
731
705
742
646
125
116
456
335
94
484
74
443
679
704
145
771
123
362
184
525
544
89
210
552
152
677
741
320
774
75
124
95
193
251
363
42
118
702
483
482
678
321
460
612
153
517
675
747
388
523
749
490
350
718
267
239
733
576
212
409
714
256
578
748
181
624
386
137
655
282
719
708
436
122
652
333
550
656
311
223
511
601
434
641
530
713
408
346
533
497
575
594
226
126
717
639
43
172
495
461
586
524
696
740
71
183
471
610
510
685
1
322
433
62
603
667
345
186
0
77
213
522
334
294
435
180
580
745
455
138
500
107
56
503
343
192
188
418
462
310
209
410
668
726
459
347
712
224
739
680
579
659
163
144
676
613
185
238
348
518
14
241
457
446
349
450
707
425
617
97
225
629
504
79
214
549
545
121
684
577
744
63
319
246
98
730
724
146
217
293
266
7
82
769
584
699
686
259
151
602
415
449
711
65
767
407
344
240
279
28
164
492
87
627
54
600
108
93
113
558
683
255
373
211
307
720
444
222
220
248
428
723
147
31
37
158
625
581
187
527
23
297
746
198
86
752
574
374
284
700
416
543
757
422
609
701
566
441
458
754
