193
108
125
113
75
717
181
266
718
719
278
779
592
710
769
582
178
569
239
443
277
674
284
403
610
765
165
685
497
669
738
441
605
208
241
150
73
552
617
682
701
713
444
760
620
267
761
686
296
182
45
470
595
151
630
346
572
375
716
234
131
222
104
128
632
645
437
82
553
432
439
400
600
42
312
249
206
549
54
577
51
162
393
269
627
494
754
574
602
410
236
524
52
20
623
599
683
681
49
183
382
711
246
126
606
156
173
626
603
323
633
641
469
207
467
783
320
628
466
409
28
374
235
465
560
213
58
185
435
596
33
680
660
116
154
704
672
293
522
87
379
343
30
12
576
688
551
240
575
408
550
414
536
604
407
547
764
777
168
372
431
57
310
468
385
140
658
32
244
17
631
274
188
155
2
268
597
27
347
781
613
371
405
548
579
367
636
70
438
214
462
523
3
376
402
101
158
616
729
37
772
495
476
8
493
153
212
479
180
337
532
656
50
211
349
404
521
11
265
625
370
250
727
663
19
445
624
102
585
88
459
159
401
422
416
61
655
778
160
715
436
217
60
364
520
351
260
508
152
540
339
195
687
112
129
224
23
190
194
21
192
639
280
350
406
233
659
324
578
396
111
157
492
635
179
780
253
344
755
9
519
608
273
163
457
78
264
480
321
546
652
509
723
773
215
496
36
426
699
661
196
609
657
83
348
384
424
538
756
593
134
184
383
634
205
453
537
429
491
294
776
565
46
187
587
366
398
110
510
38
34
47
48
369
464
40
615
318
295
314
463
316
218
275
315
654
245
13
164
292
653
39
304
166
77
664
762
342
290
252
378
127
377
692
643
428
365
638
423
691
161
219
397
285
392
287
220
167
281
291
763
248
690
133
322
63
41
35
511
263
518
637
288
427
534
721
722
357
395
191
62
694
489
386
136
488
666
481
105
368
490
533
454
750
106
341
640
732
482
103
317
420
512
247
289
665
276
487
725
483
394
456
455
517
313
107
774
485
514
486
484
513
135
516
515
703
