556
491
523
588
524
555
492
589
722
721
490
557
587
459
753
460
522
690
720
564
620
458
719
752
689
599
688
369
985
554
751
754
687
336
337
621
367
111
368
110
862
723
10
586
600
344
750
691
11
366
718
631
596
4
783
755
565
920
399
400
43
570
305
619
598
585
966
7
381
756
921
656
489
785
971
335
457
553
784
376
502
724
830
5
470
567
370
14
521
60
786
648
534
566
349
338
45
577
601
584
995
449
1018
831
303
272
793
686
863
506
312
61
909
76
535
885
617
616
533
949
597
503
917
893
304
787
142
961
1002
630
579
42
1019
894
797
770
78
970
6
972
150
93
757
855
968
28
538
932
382
603
816
635
109
989
692
680
725
174
663
195
825
618
377
532
861
552
8
939
953
931
771
950
933
940
905
886
811
812
392
824
271
471
877
769
327
133
172
876
0
967
602
860
79
50
525
226
163
424
264
948
815
632
941
481
664
345
313
733
239
982
208
281
798
409
114
326
360
765
766
439
908
488
19
100
24
918
919
937
456
27
120
22
483
240
408
263
649
871
480
13
51
413
761
155
799
59
669
513
829
412
657
185
77
306
696
802
987
450
295
986
3
9
151
697
711
739
482
289
181
833
444
348
571
887
938
547
94
957
655
736
359
29
442
334
952
224
39
1
415
904
964
175
1008
23
827
984
69
255
1000
676
167
37
387
417
294
182
202
834
169
54
512
101
170
474
762
257
165
835
173
53
857
213
143
611
677
782
800
245
145
951
817
270
515
717
546
286
179
539
958
805
184
178
420
955
212
249
789
959
273
701
241
296
285
853
265
388
414
164
936
493
670
991
238
780
537
166
702
207
843
944
187
44
738
86
916
788
803
440
82
46
227
645
749
87
21
209
323
26
416
928
609
665
180
990
864
576
193
520
128
188
254
604
983
108
183
274
568
926
225
472
900
956
358
410
33
231
196
30
41
514
20
741
186
124
262
32
52
866
36
234
278
62
91
548
383
154
836
386
781
140
192
117
675
595
977
280
160
451
391
743
176
734
317
838
293
132
814
126
12
988
899
123
206
246
243
832
328
56
211
156
818
884
639
378
219
935
518
218
131
906
418
712
927
729
223
136
837
703
322
168
992
92
216
898
880
610
320
1003
666
282
930
901
64
662
215
730
747
371
748
152
509
203
544
425
772
452
981
25
200
244
969
758
256
978
897
201
728
350
135
228
121
998
318
695
740
2
351
99
447
642
214
578
129
353
125
1017
354
171
583
199
638
105
302
790
896
149
867
612
804
419
813
822
441
292
31
511
141
849
582
148
854
504
324
767
607
699
83
258
157
844
647
773
929
590
550
55
873
517
137
68
1009
868
954
637
840
973
707
325
774
870
438
144
923
85
423
210
636
229
485
288
976
903
993
119
127
198
924
118
810
339
536
794
942
319
106
806
314
250
97
232
710
222
385
89
865
478
484
251
501
999
197
275
549
355
407
102
826
846
629
823
907
138
146
519
220
891
287
581
487
380
945
915
205
925
269
1010
667
895
356
454
779
66
291
233
881
643
70
640
671
975
84
693
856
162
159
572
217
742
235
516
744
737
795
290
191
875
947
845
116
343
479
708
134
934
819
268
352
668
848
147
674
608
242
477
96
204
913
960
980
997
776
641
115
605
260
259
732
660
791
284
267
57
75
65
852
634
40
1004
107
735
646
112
384
266
401
615
869
277
778
673
393
248
346
237
706
221
614
912
777
558
878
821
902
801
1007
261
153
252
644
510
716
760
698
874
745
1016
1011
316
411
775
361
58
628
321
130
910
486
808
230
95
446
613
505
253
177
679
71
461
727
297
194
1014
1001
443
1021
759
379
73
1012
545
541
357
1013
88
158
963
247
700
726
279
551
694
828
705
448
946
190
580
731
943
672
962
842
63
678
389
681
283
432
847
661
35
965
276
839
764
889
685
704
90
883
104
453
455
709
189
38
563
1006
236
911
540
979
879
315
859
569
652
103
48
796
606
882
301
421
80
390
74
81
500
850
1020
820
543
473
475
858
809
1015
1005
445
161
422
347
574
974
792
996
542
72
684
651
113
633
1022
807
98
16
508
298
507
922
375
892
398
311
1023
888
890
653
67
650
872
34
914
994
310
768
531
715
18
307
573
623
763
659
683
624
575
851
426
476
713
139
299
333
308
841
469
49
300
309
122
714
427
499
627
17
47
330
682
654
365
431
622
428
329
746
15
468
559
658
340
403
402
406
332
527
591
437
404
526
372
342
362
467
331
495
464
436
429
405
374
435
341
496
592
494
463
373
528
394
397
430
433
396
364
625
462
560
594
363
395
626
465
434
498
497
562
466
530
593
561
529
