418
446
474
697
475
391
503
447
696
80
529
590
419
501
531
65
612
558
79
557
614
171
611
702
226
360
198
44
733
668
734
584
67
389
618
81
68
139
640
695
282
583
473
64
591
667
666
610
66
228
170
417
693
564
646
388
451
118
425
390
14
93
59
559
361
740
91
283
694
565
502
581
732
748
142
199
665
143
669
619
330
638
257
167
580
478
528
621
752
563
637
239
115
554
586
530
240
726
639
720
268
181
452
705
689
445
607
636
200
15
267
89
254
256
359
297
698
384
569
95
751
561
241
286
298
589
582
472
209
650
527
303
182
556
308
460
454
211
471
358
77
571
399
189
184
96
51
444
97
568
207
508
238
453
210
457
224
749
31
651
579
609
488
448
387
162
7
169
60
87
458
523
570
255
509
92
597
76
555
479
608
731
578
22
336
86
114
202
494
647
262
692
481
759
273
684
411
56
30
18
756
195
85
483
128
208
641
183
613
450
598
83
53
33
577
94
704
340
225
309
0
285
484
673
658
25
332
512
45
671
175
467
266
149
493
232
730
109
690
415
98
58
218
504
727
439
296
660
147
1
537
763
412
269
553
29
603
302
275
632
5
574
55
428
687
261
383
736
39
84
160
2
719
661
141
551
205
270
244
111
699
144
482
538
562
233
134
16
757
161
548
8
258
43
274
74
26
10
628
465
356
11
500
546
541
234
212
99
47
331
521
664
314
188
486
176
236
526
572
547
159
466
272
40
4
150
495
165
122
357
237
593
461
242
515
681
367
300
174
271
728
196
132
355
63
600
455
259
575
516
721
755
440
129
6
206
520
550
185
657
615
659
517
635
120
299
213
485
510
606
203
700
301
644
498
215
764
649
214
153
177
69
179
683
596
246
152
127
168
187
216
714
519
154
626
424
470
180
594
780
35
729
327
654
783
770
19
560
631
438
782
469
119
676
487
243
190
155
630
430
599
404
20
441
656
754
123
426
601
204
507
648
622
24
701
511
643
540
245
265
678
685
595
602
513
48
235
100
264
688
413
476
552
377
217
405
17
28
429
229
326
21
549
385
691
36
311
645
543
368
32
652
725
201
490
410
672
231
82
23
163
758
54
468
627
140
329
354
456
9
682
294
125
157
61
522
716
480
525
735
148
57
489
506
158
518
771
592
433
711
126
398
130
653
435
186
386
524
629
406
459
27
345
585
397
146
112
542
117
365
350
536
403
307
680
378
349
605
52
427
464
715
781
279
573
496
576
625
710
739
121
686
492
313
437
227
776
491
750
156
339
260
73
338
744
124
400
13
324
514
291
263
374
50
616
316
431
3
380
395
364
319
767
101
434
288
463
633
567
407
436
462
423
230
624
747
762
293
535
381
620
328
416
75
545
49
737
408
70
289
655
178
373
223
663
382
251
348
325
344
396
766
768
352
353
409
90
442
497
777
346
778
617
321
252
499
712
295
333
12
401
402
414
449
634
72
151
679
172
102
113
623
310
544
539
292
247
432
138
315
34
131
363
41
718
708
779
677
342
78
532
375
753
166
376
280
588
317
46
533
347
135
369
