743
709
490
424
172
677
733
746
173
396
712
346
399
711
448
465
440
685
348
415
310
766
259
442
198
430
466
353
414
323
438
688
408
680
152
410
742
163
226
768
406
299
22
295
403
738
354
501
200
710
493
55
212
148
240
349
404
260
182
242
296
700
720
31
715
84
520
491
213
257
4
134
382
436
687
778
26
327
287
322
463
428
603
519
206
575
407
631
547
233
211
458
412
15
405
352
409
374
658
632
375
576
29
739
561
266
459
140
261
18
24
457
402
11
429
460
7
562
326
737
232
759
548
0
325
660
380
180
781
740
381
735
54
258
339
672
492
207
264
518
731
433
729
324
321
419
320
385
20
434
476
235
220
189
373
205
267
347
271
28
9
328
752
217
462
57
209
19
626
23
270
604
236
238
214
262
298
53
146
210
32
384
435
351
772
265
164
338
411
356
437
401
269
661
445
234
112
227
644
770
551
379
237
727
2
27
734
695
432
208
83
771
741
319
132
239
609
280
187
297
780
355
400
185
423
21
61
288
293
398
464
714
111
489
496
263
383
175
345
330
191
699
615
659
370
372
241
756
692
340
713
344
417
329
314
776
461
755
500
245
736
196
219
694
343
769
253
723
268
116
686
397
643
454
285
593
732
371
542
690
511
427
316
504
247
248
133
530
612
488
59
365
366
691
395
369
60
252
290
292
103
665
534
483
331
721
586
587
291
722
318
640
387
750
110
773
315
106
342
762
456
309
763
336
487
13
455
341
289
139
357
304
544
368
386
317
533
34
512
308
39
358
332
40
313
420
41
725
517
484
167
281
751
276
485
62
774
486
35
48
360
63
394
514
516
513
107
359
515
135
703
