493
492
723
655
592
624
491
524
523
623
724
460
559
722
754
598
755
618
591
630
404
403
586
490
525
599
371
631
459
654
461
560
656
619
397
691
662
692
555
587
458
180
756
437
527
617
686
494
526
402
370
663
585
428
753
429
556
4
213
436
181
405
168
246
622
286
396
348
239
265
214
685
192
438
588
52
653
597
167
312
245
179
785
489
725
12
224
650
85
651
554
61
3
786
256
57
207
45
359
149
148
240
0
11
381
26
414
311
959
147
620
761
13
51
227
133
162
711
169
59
284
25
495
89
435
60
117
226
278
142
234
457
202
296
483
313
652
84
136
43
971
195
380
201
513
486
481
427
135
679
728
163
518
327
349
29
469
470
318
212
91
1018
154
323
992
344
285
939
77
482
449
225
199
949
793
316
991
266
876
44
478
506
743
993
450
522
281
729
166
635
7
538
843
15
487
960
629
46
322
505
320
908
317
413
787
611
514
990
372
221
132
395
955
792
697
570
528
994
927
343
215
468
121
173
453
760
297
255
957
138
569
479
193
675
872
83
645
141
271
877
680
20
14
649
19
5
474
950
175
233
353
105
958
886
825
288
160
701
6
185
238
981
924
667
253
982
677
159
291
707
974
326
94
669
837
543
416
174
170
985
670
110
940
678
378
86
938
600
350
137
510
871
986
926
515
766
961
784
254
365
574
842
916
668
644
512
406
870
537
917
62
972
987
765
411
822
975
115
932
382
830
643
430
1006
907
970
905
40
885
922
771
875
937
712
387
637
53
126
869
826
451
379
157
79
244
855
153
264
390
948
578
1019
973
188
455
182
605
838
857
704
925
603
733
672
1007
829
794
21
705
998
660
75
906
604
577
636
739
798
638
544
757
423
867
134
279
58
840
447
324
579
821
839
208
247
143
740
519
161
550
804
222
702
805
909
116
790
900
858
647
546
928
806
109
770
696
861
956
200
967
953
106
673
664
473
634
111
797
874
384
772
863
191
862
936
854
904
700
835
710
676
894
310
941
47
738
734
601
27
799
823
549
398
962
272
803
910
68
836
767
648
287
816
632
817
72
194
54
732
930
769
383
919
737
887
351
831
964
36
443
788
358
576
606
573
28
995
609
856
802
627
773
30
488
800
90
731
868
545
456
628
796
646
610
642
196
442
834
551
859
140
946
319
219
155
187
893
789
82
730
824
815
422
608
426
118
963
774
965
895
575
736
891
206
156
78
742
873
186
735
768
568
918
708
639
607
448
890
231
252
841
889
844
898
55
801
375
833
951
827
709
979
270
866
860
666
828
439
1022
954
10
968
1008
698
103
232
983
923
441
920
764
695
674
557
613
539
807
706
220
997
410
775
978
73
762
848
929
131
108
795
9
97
480
283
921
896
809
976
130
580
996
354
125
966
374
899
391
699
933
616
832
980
741
249
484
1023
352
571
763
24
67
641
915
547
440
321
612
845
1002
892
541
342
1017
1009
41
306
1003
273
912
671
303
884
818
104
572
943
203
88
158
376
122
408
913
902
811
931
888
412
853
558
901
93
305
33
65
415
280
452
810
945
984
566
417
944
934
744
659
120
357
1015
172
258
345
897
988
446
8
127
903
813
542
165
1005
791
846
69
309
37
485
1020
548
292
640
229
864
282
151
251
454
261
808
294
35
477
2
517
176
865
184
947
95
977
74
76
665
237
581
277
942
300
878
703
584
602
407
325
520
509
552
128
290
952
250
969
198
421
409
444
583
389
363
425
293
42
295
814
217
257
139
847
687
1016
304
911
364
377
32
511
248
462
22
189
424
1014
34
1001
914
302
467
48
331
989
66
615
1021
776
935
123
150
263
633
849
190
100
614
38
107
582
355
338
259
386
218
471
16
308
129
1012
820
39
183
328
241
536
418
235
540
289
596
356
472
101
681
1013
567
223
661
999
1000
1010
92
114
779
752
373
1
393
164
780
419
1004
883
783
475
819
812
476
332
314
152
504
50
262
347
274
385
693
388
713
301
1011
146
17
269
64
758
341
392
721
330
171
299
590
70
63
23
56
778
346
727
205
445
71
880
782
333
49
112
99
516
144
124
759
881
211
362
882
230
850
307
852
96
747
102
276
394
781
340
553
565
339
178
777
260
315
275
434
268
501
113
243
507
508
119
879
745
694
746
87
298
204
209
98
361
621
684
145
197
360
18
595
690
216
502
329
31
236
714
177
80
521
420
726
463
337
682
81
228
503
658
267
748
466
626
851
500
336
401
334
534
751
369
715
242
496
210
593
366
625
683
594
535
749
717
750
718
533
689
335
589
499
657
716
431
719
564
688
720
498
464
399
561
367
433
368
563
529
400
497
532
432
530
562
465
531
