474
590
696
446
362
390
197
418
449
675
477
311
306
391
618
81
115
80
109
676
171
557
505
472
670
169
44
114
668
137
669
450
646
647
143
451
693
502
307
447
96
421
444
564
475
138
565
726
689
708
283
556
452
589
712
563
705
558
531
779
335
363
678
479
43
748
537
282
279
509
710
724
583
165
104
702
170
507
528
536
503
389
698
641
274
89
719
86
535
747
686
471
312
709
222
713
749
256
424
199
733
697
614
98
367
482
529
650
706
704
744
516
419
685
136
655
286
508
95
162
268
648
612
711
221
473
210
662
118
192
277
591
513
506
717
478
361
604
470
518
716
640
425
99
305
193
715
514
74
687
113
480
42
515
651
777
134
765
340
441
92
653
408
498
462
688
238
459
439
302
486
510
198
681
285
469
264
682
663
353
718
495
246
692
275
659
174
448
393
258
236
750
30
584
209
152
544
481
409
633
666
310
683
542
543
381
674
259
454
490
160
463
154
437
741
671
453
485
145
261
72
707
212
607
239
440
694
25
766
237
14
202
194
218
728
94
491
517
404
654
204
673
592
327
684
288
632
190
636
464
572
435
269
753
487
778
56
339
467
247
436
234
108
184
679
208
639
16
497
380
720
225
314
350
764
597
254
257
680
611
661
664
512
714
758
55
97
203
249
511
263
296
657
231
667
598
235
577
738
1
189
216
443
240
754
739
388
634
272
301
180
525
262
526
489
183
743
338
783
8
426
628
554
18
483
468
226
701
734
730
355
233
759
82
173
613
123
416
244
153
417
660
585
211
658
22
9
406
201
168
85
603
606
84
11
782
576
53
140
6
652
442
602
15
232
337
191
414
415
91
501
119
547
228
399
5
303
605
31
402
527
29
83
575
629
665
630
412
413
780
729
428
250
0
79
619
400
396
121
699
756
395
429
32
401
220
562
7
33
615
245
346
375
348
333
356
644
496
533
643
423
695
500
732
65
740
403
430
561
427
445
175
330
224
677
200
61
329
365
251
59
374
398
45
309
40
387
39
386
357
397
60
358
334
360
