334
306
642
670
46
675
72
71
193
73
647
74
75
38
450
96
92
78
449
97
723
47
104
79
277
37
251
94
422
41
276
724
197
45
477
305
224
223
43
192
76
48
669
472
591
392
505
91
590
646
49
42
420
592
50
166
648
63
98
444
34
36
108
613
585
248
35
674
536
105
247
722
93
304
421
138
619
110
333
761
12
51
40
64
77
362
595
538
275
249
221
158
578
635
87
580
567
416
169
603
637
99
95
636
106
566
602
146
631
605
107
323
44
411
102
606
649
557
641
156
39
618
634
608
122
161
174
650
473
609
364
353
568
324
572
633
160
113
191
250
190
485
577
753
13
278
607
703
681
136
162
596
195
581
312
202
123
62
159
157
663
284
565
220
575
127
709
165
70
704
514
150
322
103
696
167
632
393
653
432
335
573
549
109
508
219
684
765
316
552
58
620
376
764
513
133
548
564
556
445
593
210
352
443
100
412
451
652
243
574
713
550
163
365
662
495
383
494
215
589
274
664
244
594
426
676
145
128
576
546
67
143
217
130
668
741
325
604
90
3
218
137
155
354
563
661
537
587
732
715
139
579
119
783
319
617
547
154
712
295
710
625
698
231
427
337
702
33
701
747
726
645
523
542
685
682
121
520
164
601
126
382
30
82
187
246
222
484
194
679
678
479
349
283
273
125
344
760
124
769
780
175
532
510
671
230
711
101
214
456
440
461
321
318
294
52
529
345
699
553
216
186
521
743
1
707
149
404
768
263
23
729
467
782
535
241
453
57
311
140
182
85
203
207
19
168
482
509
9
56
779
367
754
750
781
522
414
415
615
749
424
135
398
11
728
208
235
6
20
425
748
643
240
84
560
481
239
423
492
673
238
740
614
213
55
272
396
134
680
756
493
651
370
397
279
706
561
394
395
363
708
309
270
339
777
205
773
534
310
766
369
466
172
307
285
778
452
465
562
281
677
533
776
504
705
282
366
611
338
