530
531
532
564
562
465
563
589
497
498
464
432
463
499
368
533
433
688
590
529
719
431
720
400
716
683
657
535
714
749
718
726
715
746
621
748
242
717
557
558
335
689
747
534
307
500
503
369
750
210
758
745
361
367
462
682
339
561
334
340
336
759
392
658
594
496
588
360
851
781
777
401
399
275
751
727
341
466
778
337
521
472
713
779
393
690
626
502
596
267
684
595
308
553
274
780
268
633
209
424
565
989
808
408
420
471
687
883
1000
516
625
23
504
228
177
276
178
832
236
1011
204
602
852
795
782
507
425
216
440
882
338
243
1021
721
501
18
864
911
71
70
583
329
547
665
10
999
145
694
640
776
620
22
880
197
812
601
1013
211
230
298
567
615
445
269
988
935
1004
681
554
914
1012
801
301
415
879
407
703
952
741
827
1020
763
912
330
1016
881
31
289
508
807
548
345
1008
833
81
419
87
299
102
99
119
171
947
865
828
1010
144
64
1014
96
969
856
884
8
38
205
39
943
218
984
257
114
333
366
966
80
942
791
933
98
1001
124
762
223
128
944
101
32
641
931
24
824
260
50
671
172
475
409
983
42
901
56
262
566
113
1002
773
850
1
151
774
888
295
129
511
964
314
517
897
123
541
542
376
666
198
860
764
1015
996
819
112
995
446
1017
540
915
63
250
184
241
146
21
552
186
34
441
485
902
20
249
820
107
164
383
934
377
903
899
309
571
263
980
388
892
612
593
152
783
520
536
580
373
355
229
582
418
385
752
217
9
69
293
176
439
161
100
120
33
968
40
165
509
1023
219
410
467
203
476
237
929
545
66
430
628
572
956
923
382
921
699
484
954
150
346
72
853
963
614
386
775
190
53
800
417
480
261
292
607
92
362
768
155
82
831
41
259
49
866
76
412
187
17
351
976
873
444
183
19
584
158
127
698
802
477
294
581
111
890
451
319
193
78
965
887
156
736
174
674
803
454
642
328
898
290
37
769
930
313
609
54
1003
356
539
391
708
951
896
130
282
1022
315
997
277
125
834
251
473
378
235
859
893
1005
806
188
706
936
302
676
306
442
945
160
280
731
918
913
889
941
587
977
67
550
110
325
634
673
287
139
515
421
796
175
447
231
2
909
109
248
639
189
522
608
811
191
891
108
206
732
836
744
452
55
16
810
575
805
349
1007
95
576
900
904
709
222
