524
492
556
523
491
555
588
598
460
723
587
722
493
754
525
630
724
566
599
490
459
597
755
692
522
631
557
554
461
458
586
753
691
565
596
534
620
589
585
663
619
527
567
756
489
559
721
526
655
240
617
662
786
595
623
553
564
618
376
785
344
239
629
428
728
457
521
533
494
816
696
664
624
560
817
592
725
208
752
656
51
761
272
787
848
278
600
971
343
271
312
815
584
22
45
849
632
793
789
179
114
757
180
213
616
54
245
771
591
558
11
181
207
311
1018
82
784
552
488
528
86
992
680
246
568
843
0
993
377
998
877
52
286
949
837
110
635
61
4
985
310
648
78
765
739
729
506
345
513
359
348
535
766
10
1019
697
77
948
29
150
649
50
326
862
474
313
970
770
847
570
669
805
986
502
202
483
85
569
449
409
695
876
53
701
603
214
798
3
939
381
456
195
482
712
281
978
577
788
711
327
977
285
743
966
168
408
224
537
835
349
322
142
601
920
305
89
106
997
169
520
318
961
783
147
60
175
604
414
200
93
909
265
830
117
5
249
960
149
861
609
167
802
495
955
994
871
917
55
303
120
111
855
170
610
296
878
136
842
733
105
304
174
987
675
442
611
118
514
215
959
133
270
905
201
953
894
679
957
938
677
166
176
944
563
804
863
546
231
155
738
846
480
227
12
814
538
94
836
416
1009
26
921
893
234
1002
995
43
284
518
417
886
182
226
44
578
707
62
412
255
811
512
413
148
151
481
448
193
636
916
740
772
818
875
803
608
273
829
967
427
87
844
163
579
486
132
280
834
143
317
254
950
238
191
908
91
358
906
812
46
825
1000
826
97
645
539
294
258
867
380
19
25
156
185
7
838
42
353
797
388
925
638
990
57
382
940
885
24
146
919
165
68
218
354
241
665
958
991
945
134
424
14
637
59
257
119
154
1003
505
999
30
316
996
186
923
895
287
946
450
927
108
387
135
918
263
262
157
571
870
320
972
954
670
209
56
279
9
576
28
769
411
487
880
188
924
936
225
668
968
857
69
183
192
162
277
981
2
605
1006
976
206
100
138
221
951
1017
410
887
1
956
141
532
429
6
282
187
868
734
36
109
66
264
384
295
674
840
667
266
572
323
160
76
319
872
443
79
612
607
790
196
23
644
325
889
904
453
975
937
140
13
27
37
297
451
447
250
222
767
792
75
547
145
963
910
92
375
854
926
444
839
903
642
860
90
874
614
357
962
153
1008
386
212
104
574
898
128
900
702
845
922
907
391
74
289
172
736
515
964
103
125
41
1020
858
199
164
647
144
540
121
379
219
356
378
32
107
742
544
415
337
732
932
251
217
799
352
699
116
628
389
126
455
95
478
890
223
643
350
952
509
519
891
324
824
1022
974
88
705
678
744
198
129
33
982
873
741
800
256
477
869
232
737
293
774
710
441
288
452
901
806
866
833
646
988
64
328
314
708
549
928
137
220
152
355
941
545
831
639
194
65
173
884
989
965
881
321
735
253
1023
385
423
810
510
548
543
690
70
73
233
101
896
676
794
1010
392
913
479
929
892
127
1007
351
582
973
550
292
115
83
827
575
773
347
634
216
102
8
730
420
203
484
291
159
822
864
418
935
422
259
760
247
983
158
383
390
130
915
34
