418
590
447
531
475
614
618
696
65
503
44
474
96
391
256
79
646
283
446
80
702
228
95
67
267
557
198
226
93
697
559
651
419
558
282
266
589
169
698
255
239
114
64
89
92
770
740
726
591
68
81
563
676
86
390
97
752
225
455
483
94
91
655
766
678
771
510
257
178
525
14
309
181
199
484
363
200
389
748
425
482
240
268
307
254
361
538
311
238
66
648
209
502
624
448
59
523
586
512
115
736
619
573
298
668
611
653
294
231
511
440
623
126
460
450
522
564
269
176
654
574
7
127
210
371
370
130
441
530
328
735
625
427
201
174
545
749
15
498
609
227
677
31
335
526
572
608
208
467
76
177
297
56
296
4
544
704
216
16
671
398
336
415
207
705
693
360
202
229
232
695
454
734
241
179
410
451
359
747
74
139
43
469
25
689
543
99
662
327
234
767
561
299
466
295
259
270
180
98
350
26
542
421
575
565
521
549
465
461
457
416
576
635
656
470
246
659
730
55
551
182
779
550
156
468
412
411
700
426
189
29
413
684
203
237
759
387
647
782
728
293
85
0
261
236
273
495
578
657
1
329
452
775
22
645
673
652
109
500
644
158
100
211
471
658
758
439
141
733
634
128
579
186
279
720
11
378
434
556
84
540
125
185
30
524
300
520
131
769
548
552
760
547
381
5
235
714
478
729
504
286
458
374
190
6
87
262
596
33
613
60
265
18
206
757
53
58
612
10
308
233
546
51
476
132
562
32
134
430
519
437
2
727
508
640
355
756
555
49
83
755
111
17
45
129
196
159
780
205
496
364
8
187
699
615
264
490
492
494
489
3
459
167
518
751
19
69
285
666
464
61
643
488
224
429
50
12
218
491
75
160
36
77
70
275
39
463
762
694
40
536
13
47
664
763
35
48
517
725
365
423
514
161
403
487
732
73
395
63
34
314
394
78
291
263
317
37
665
691
486
287
195
133
289
516
690
41
392
288
515
46
38
103
774
420
191
62
166
313
135
105
703
107
