488
31
251
562
320
152
701
686
38
389
502
261
535
157
153
259
258
85
218
88
400
29
594
514
304
414
180
628
726
558
688
586
1
486
759
758
274
224
307
428
466
717
680
434
563
220
629
715
761
260
427
301
703
318
456
54
774
322
284
133
763
475
242
109
185
366
526
330
291
487
524
610
700
292
20
125
110
279
667
89
529
289
684
161
585
48
341
275
349
323
188
160
319
314
516
757
766
683
273
580
367
630
662
36
595
648
550
350
399
183
205
19
312
193
429
191
13
783
691
338
461
334
331
41
49
241
591
657
659
248
435
531
398
272
670
293
473
305
340
755
132
518
408
462
528
491
60
187
423
92
84
339
59
2
288
641
685
78
492
706
479
18
58
687
376
666
407
231
618
513
42
285
485
537
166
134
451
396
445
11
309
215
113
77
211
432
772
771
245
711
270
170
192
302
720
79
652
214
28
510
333
123
572
313
640
500
501
493
298
262
409
672
64
247
195
21
779
223
660
43
80
458
459
233
86
702
217
665
391
228
297
504
639
472
401
769
709
760
599
571
638
51
617
287
544
121
358
557
359
764
234
76
559
515
534
303
45
545
722
263
35
55
337
52
69
768
159
731
609
621
450
422
168
606
65
482
204
489
351
753
40
299
57
780
62
581
540
756
179
200
227
397
661
236
230
10
512
369
653
777
237
119
131
365
549
773
490
582
264
663
156
481
196
171
413
541
202
478
643
53
281
463
449
363
689
348
548
421
395
543
198
775
178
721
255
328
519
627
658
24
539
542
12
776
63
265
381
210
390
380
634
182
181
225
393
151
430
751
664
411
371
354
498
135
25
254
222
503
22
206
651
235
729
229
345
162
364
368
438
148
767
607
579
392
140
355
308
108
93
564
511
150
336
655
568
189
199
103
16
114
737
343
614
596
149
681
122
669
115
431
252
573
176
26
177
698
342
455
271
477
439
90
654
623
592
207
6
372
326
619
593
15
216
102
635
569
169
782
243
402
536
203
27
5
611
194
373
736
370
631
505
332
387
250
420
385
587
597
509
353
600
327
693
375
517
538
637
384
130
589
447
244
622
465
112
356
201
17
601
269
426
7
325
765
645
476
626
374
448
605
608
675
620
707
83
712
547
673
735
97
566
91
127
382
682
352
632
208
44
81
311
72
507
625
646
695
506
67
603
3
280
197
567
268
357
649
754
344
232
212
442
379
378
570
253
128
8
483
383
633
95
99
394
32
403
186
636
50
674
671
446
650
727
464
546
616
329
9
4
453
56
257
61
728
523
286
723
752
692
710
527
173
484
733
561
141
105
741
294
746
739
142
708
467
457
256
101
129
745
34
575
419
471
553
104
781
71
295
190
532
147
23
724
175
377
14
441
221
560
647
604
405
278
33
346
615
588
725
699
154
583
644
520
417
533
98
778
404
144
470
238
454
37
668
499
552
73
0
525
494
750
713
565
386
82
120
213
694
174
94
209
296
310
266
406
578
249
740
75
410
730
602
574
762
66
172
624
306
100
362
521
577
107
440
469
146
744
143
239
747
155
452
70
68
480
443
676
425
697
276
412
437
74
554
277
324
283
96
436
424
444
770
508
118
749
679
732
497
696
705
743
163
267
418
522
677
415
495
282
555
145
678
496
468
576
748
117
734
704
742
416
116
