670
362
334
96
197
590
474
306
335
724
171
696
477
89
115
92
114
618
283
143
646
505
708
44
449
676
95
91
169
705
251
390
256
363
557
90
94
529
117
333
311
305
43
744
472
446
707
118
473
421
591
589
743
531
450
255
642
144
74
221
675
93
706
745
648
145
709
747
138
72
418
712
741
647
361
137
668
746
678
97
556
719
282
563
279
568
130
80
170
767
702
766
619
228
583
81
193
447
199
566
307
718
388
86
710
567
753
651
535
120
650
717
177
278
503
277
109
726
669
653
748
174
769
119
108
502
685
654
742
98
779
679
649
471
525
698
770
142
284
76
71
464
292
127
79
689
569
752
592
113
713
223
475
176
614
749
582
610
580
499
674
693
594
682
768
733
64
641
738
99
686
208
652
607
559
684
451
771
677
230
528
249
75
310
495
56
716
165
507
558
186
711
201
156
595
241
42
147
655
172
350
492
443
100
714
765
209
740
460
731
611
571
128
148
391
467
639
659
243
667
739
588
202
554
782
498
268
16
526
720
573
440
231
441
681
564
728
701
339
296
700
778
548
318
570
323
367
254
617
463
1
400
704
497
237
523
4
581
162
178
777
760
216
444
662
448
673
200
146
552
671
688
65
225
576
761
259
229
300
621
572
633
222
45
730
204
104
439
758
265
303
754
415
312
141
269
234
274
630
31
413
520
620
82
14
452
345
578
624
354
596
680
585
625
470
173
73
389
577
683
737
645
210
227
623
521
213
246
425
270
236
575
85
211
438
393
735
84
272
547
506
636
408
54
622
375
131
7
248
257
25
149
207
436
6
26
723
442
301
0
553
493
435
302
55
373
250
404
30
326
501
20
67
298
628
140
465
168
328
33
244
695
380
527
407
715
356
626
198
405
555
158
757
661
242
522
632
434
432
606
52
235
672
185
764
613
374
660
603
601
188
605
461
379
214
22
410
574
331
32
663
560
783
658
376
28
24
57
121
729
12
629
550
469
371
190
381
325
203
155
297
536
11
466
327
261
330
549
189
5
524
29
299
10
399
15
258
644
53
332
329
18
759
412
232
352
271
340
353
458
504
338
561
539
286
541
500
551
226
545
736
262
430
175
584
697
309
543
411
775
478
355
562
530
542
734
139
69
132
419
59
612
336
544
68
308
387
66
417
358
586
751
360
359
