465
464
433
432
401
687
622
653
424
654
688
689
657
497
369
392
402
686
685
20
720
690
652
269
425
719
718
370
431
463
468
371
415
212
658
659
400
691
302
19
717
684
301
466
383
656
621
651
655
21
267
268
368
173
360
467
590
457
623
722
39
660
469
456
403
795
619
8
620
334
393
470
683
172
349
721
256
336
502
471
40
434
238
219
515
335
186
339
123
972
264
13
436
498
184
7
503
583
933
499
381
723
387
751
192
899
382
481
313
131
111
204
703
124
511
435
6
327
750
762
430
323
307
940
676
776
941
337
794
295
831
178
213
378
982
801
11
24
404
109
885
23
293
294
338
289
438
641
199
673
446
648
579
10
550
825
229
372
205
932
43
451
671
160
931
263
755
345
485
262
282
542
366
450
185
261
218
274
774
964
983
833
587
968
33
211
806
126
724
930
971
163
702
101
53
749
439
984
763
418
340
650
704
76
937
886
59
367
716
483
852
161
28
908
270
904
351
137
500
900
437
281
670
827
187
128
773
197
237
1016
934
14
12
800
290
725
624
159
853
864
31
909
306
226
516
305
60
164
420
484
547
72
225
41
224
736
950
419
857
856
63
52
27
110
203
832
666
959
84
1015
756
799
647
715
730
243
797
79
917
513
346
928
615
121
198
640
866
288
99
769
752
71
969
872
478
517
51
365
1008
618
726
292
328
303
796
167
698
324
775
391
223
672
887
649
233
989
1002
350
250
838
855
905
122
45
544
808
496
748
275
83
117
320
127
196
38
865
377
512
731
26
25
206
154
251
326
188
479
973
348
181
824
926
333
643
667
936
4
919
32
535
807
935
216
823
777
625
918
135
405
501
840
1007
753
639
591
787
956
912
414
929
399
754
551
939
965
767
602
734
541
859
361
174
139
949
764
255
741
519
991
140
952
410
444
782
839
171
884
77
249
783
981
692
682
1013
291
100
985
988
927
898
61
907
891
830
860
858
445
543
423
828
449
642
125
252
130
30
236
958
883
271
1
901
768
314
94
16
510
5
545
951
482
967
386
308
873
791
487
47
242
195
133
480
155
112
902
549
1017
896
230
990
18
829
1014
244
150
980
227
9
822
897
37
942
1004
129
452
70
915
317
413
214
546
231
628
709
193
182
757
916
871
1001
257
970
300
805
359
447
803
995
711
153
162
64
826
699
580
220
472
576
700
914
975
876
710
747
169
44
142
924
304
957
175
232
645
102
733
299
870
694
166
966
440
921
948
890
1011
1021
708
634
228
586
863
46
834
922
168
854
548
1012
190
509
254
894
638
253
514
963
714
421
108
22
156
165
911
62
867
151
180
577
475
36
69
611
152
888
1005
96
906
158
635
629
58
442
954
882
319
923
938
42
772
454
398
265
889
920
507
1023
1022
35
802
947
539
925
417
742
961
222
668
1003
91
962
148
570
143
588
953
835
893
245
138
745
78
194
892
296
589
0
616
607
770
612
732
913
273
409
781
987
2
874
217
416
697
538
283
861
241
170
297
571
955
355
276
504
868
1018
380
986
771
903
943
120
626
145
80
141
862
637
895
976
786
785
869
353
1010
234
235
506
743
600
107
809
737
1020
388
851
680
85
92
518
738
606
601
669
979
157
67
836
780
373
627
298
841
406
477
778
675
344
810
1000
341
603
735
534
681
407
34
115
462
944
411
960
82
784
488
325
215
17
272
358
248
881
207
202
54
705
729
489
426
996
613
678
65
136
177
793
508
974
132
476
48
644
605
259
408
765
636
443
287
68
113
804
739
706
758
567
665
978
286
352
260
582
837
790
179
632
910
821
385
779
1019
707
994
239
877
66
73
880
266
875
536
1009
578
820
760
285
581
280
93
56
75
701
850
149
379
945
693
999
609
354
50
183
453
946
15
412
95
474
1006
176
792
144
617
312
116
57
3
677
599
766
49
788
740
993
505
604
356
568
573
811
89
584
744
88
210
90
633
812
258
575
977
554
134
574
201
321
761
572
376
679
798
189
992
646
29
455
746
674
103
712
146
555
813
147
441
397
114
473
246
97
87
221
998
997
608
384
105
119
842
191
247
815
663
631
814
316
537
844
104
74
200
357
209
86
389
818
759
322
284
486
592
540
318
713
819
695
845
458
789
55
531
309
98
614
610
330
558
374
448
569
390
375
727
521
81
118
552
664
315
422
106
208
661
490
843
279
817
332
816
879
520
277
585
846
662
532
329
849
522
630
342
553
557
728
878
429
556
696
240
598
533
394
597
459
343
848
566
427
278
347
593
530
564
311
847
310
596
396
364
565
428
523
529
331
491
460
495
362
524
525
559
595
594
461
395
563
492
560
561
363
528
562
526
493
494
527
