815
874
438
1005
46
663
371
259
458
266
258
148
705
793
875
938
939
353
784
843
598
95
998
57
910
993
959
352
819
869
163
594
840
265
310
818
105
625
737
333
679
169
711
846
2
678
761
798
870
490
850
136
104
845
760
180
315
849
168
284
654
283
908
300
226
814
755
613
239
297
389
994
841
17
303
452
106
991
347
149
658
134
6
788
820
453
878
246
455
672
215
907
611
416
740
766
481
58
330
646
270
786
599
837
367
422
844
316
278
753
194
518
273
696
742
743
877
707
710
89
513
809
221
448
279
375
973
709
61
830
977
523
147
926
386
581
961
379
677
829
644
486
645
248
473
876
922
122
706
627
792
90
132
765
797
789
498
59
98
505
524
247
27
578
309
970
487
350
252
113
735
296
1009
768
26
872
166
821
519
318
159
189
153
573
62
810
139
606
142
358
253
304
538
264
896
979
868
356
162
245
536
796
167
5
804
913
799
924
60
302
88
945
325
329
181
643
346
701
946
306
962
614
604
675
653
235
736
569
131
286
729
919
895
483
725
385
656
1003
958
421
192
93
744
647
978
324
157
85
927
639
91
787
950
214
925
568
668
81
610
575
510
839
920
37
685
739
813
138
326
826
506
220
823
540
591
183
282
470
207
411
771
712
1018
441
31
551
537
137
256
320
1004
514
928
450
767
867
859
301
126
118
182
981
94
680
135
28
317
702
222
208
121
299
582
700
328
811
891
92
865
549
574
476
525
580
479
84
423
667
68
772
955
674
934
285
982
987
697
894
152
544
889
854
738
949
1022
1019
190
1001
730
576
861
572
603
918
975
1010
790
251
851
217
77
508
953
951
866
280
261
664
957
731
294
488
629
695
858
834
341
967
892
185
898
879
501
577
63
125
734
822
504
942
605
474
732
673
637
14
990
638
359
635
903
708
888
929
0
86
608
67
277
158
764
857
143
698
1015
281
932
55
997
154
79
640
722
863
25
116
825
676
699
539
443
937
562
733
444
195
570
254
971
930
600
893
862
543
897
348
290
124
807
902
380
440
66
298
520
497
917
694
890
206
418
407
906
115
477
921
800
634
244
886
146
836
899
442
391
775
213
965
860
669
855
263
783
439
612
312
986
305
871
828
150
904
1023
478
127
179
976
262
550
900
1013
509
412
686
571
1014
542
52
188
607
802
641
260
752
794
642
887
112
433
231
882
475
873
117
237
449
636
703
684
314
954
914
388
472
923
853
83
447
776
632
881
216
184
916
288
541
109
763
831
885
187
269
205
835
119
985
327
250
387
123
156
880
413
355
670
769
615
671
757
791
140
56
409
249
344
782
176
120
219
507
1016
155
241
1020
609
941
762
417
238
915
454
936
12
511
1017
579
151
54
980
935
410
377
583
400
87
803
164
824
984
901
230
909
173
943
741
376
795
512
666
770
616
130
838
963
308
236
78
517
430
952
806
905
912
1011
969
378
944
274
292
255
633
628
911
968
1012
456
1007
186
1002
856
827
812
808
956
223
175
484
212
546
225
108
218
548
381
931
652
947
465
648
76
948
1021
445
191
883
408
489
495
933
204
53
852
340
267
713
287
552
114
999
781
988
780
243
370
983
276
313
211
334
485
779
229
602
617
209
295
805
18
82
996
601
177
940
801
482
107
972
864
203
884
665
759
171
419
24
165
275
100
349
584
393
773
446
361
401
197
471
567
268
530
1
777
774
289
727
21
516
597
323
43
293
778
832
451
19
144
681
72
649
1000
833
174
178
414
102
64
145
13
257
431
34
502
23
1008
51
345
69
41
566
338
420
545
319
964
758
32
496
989
500
228
746
101
715
585
96
690
360
751
716
307
745
995
50
682
714
9
22
38
210
748
33
242
335
966
726
749
198
110
99
20
425
750
336
687
515
747
480
337
721
111
351
339
595
457
424
503
7
565
651
553
432
392
368
717
534
522
657
160
70
42
622
683
521
547
650
533
499
129
128
535
689
383
71
718
618
415
40
369
193
8
720
224
161
11
382
719
172
688
596
464
39
563
621
462
620
532
619
586
531
554
463
590
564
555
558
10
589
556
587
557
588
