639
182
156
223
404
286
695
435
542
761
179
229
277
208
409
767
41
742
367
656
151
403
183
640
716
631
237
686
180
659
145
480
662
585
125
421
181
428
376
139
184
570
642
284
166
650
588
569
633
87
178
607
753
766
450
623
769
717
253
347
473
580
375
748
340
708
702
602
666
463
541
401
51
195
374
75
255
760
45
153
582
104
684
566
746
312
685
669
687
429
109
712
472
39
128
491
613
455
98
739
610
333
775
657
307
47
360
36
100
70
744
456
555
595
86
49
48
121
667
745
611
43
99
81
124
747
118
622
117
614
127
591
77
764
719
594
568
752
449
120
641
505
584
169
567
670
50
228
126
303
646
770
528
225
40
78
668
331
335
477
76
37
122
72
250
256
123
621
586
556
332
451
306
171
80
618
71
97
479
389
69
475
583
138
89
95
390
391
251
44
362
74
114
68
143
278
142
361
94
197
90
115
529
79
66
503
91
92
64
334
724
96
65
93
558
557
67
590
696
