403
375
430
376
402
432
401
404
400
431
405
191
206
408
429
203
591
433
374
580
157
377
235
637
707
205
610
231
219
635
232
178
638
608
644
362
342
581
388
618
656
167
636
175
756
609
83
705
467
655
727
611
423
207
420
140
204
273
137
62
729
111
681
6
9
234
7
620
654
13
607
684
112
18
617
258
434
15
274
685
553
616
579
80
229
29
88
699
196
246
253
486
177
653
233
176
198
247
315
494
475
0
710
678
682
226
35
683
257
181
634
584
309
360
202
275
60
158
708
506
709
723
179
213
737
156
109
186
236
468
228
711
639
651
532
332
766
514
163
369
442
413
183
606
142
582
218
652
732
223
704
379
741
583
680
341
159
251
406
134
552
666
180
211
414
757
578
354
287
184
735
407
734
185
662
649
589
665
650
440
621
670
241
373
390
713
469
663
300
657
534
301
679
89
627
151
640
439
19
182
686
667
370
612
646
324
230
714
326
507
210
530
441
664
208
380
61
421
451
447
135
187
132
259
412
424
133
531
352
677
148
715
471
695
648
783
200
712
245
590
628
282
192
270
351
391
59
559
474
353
11
86
738
359
694
385
378
108
209
107
554
482
647
748
237
302
288
307
75
355
626
396
593
160
91
361
697
201
227
658
348
777
372
43
56
629
1
411
550
470
548
555
600
22
472
576
314
347
16
141
630
661
687
284
130
262
453
313
770
214
487
767
152
74
193
706
337
551
113
325
280
364
331
446
513
382
297
371
566
519
641
445
744
212
298
750
725
327
269
495
549
383
54
633
14
143
728
252
645
44
751
131
28
527
485
575
623
263
564
498
303
476
466
225
769
504
601
599
338
188
425
752
155
220
195
594
602
779
358
330
368
129
778
308
525
384
624
776
668
23
522
755
538
197
174
161
499
481
286
389
775
116
52
17
500
497
51
305
416
622
387
780
57
632
521
625
444
85
528
452
417
310
739
55
676
3
340
335
50
106
289
614
586
336
720
285
483
154
149
526
254
238
166
603
722
524
484
415
170
139
87
691
631
24
520
53
278
702
753
496
256
168
8
717
114
136
260
34
72
565
164
311
399
171
598
764
448
479
37
510
33
146
393
41
304
759
754
71
30
659
173
419
730
49
150
394
47
536
736
747
79
240
674
660
537
726
381
688
700
397
248
5
740
392
693
509
119
84
162
587
194
692
26
597
32
264
31
117
153
742
577
346
63
45
642
724
144
283
333
36
689
103
265
386
277
443
605
478
523
118
38
718
719
596
690
138
261
438
329
39
493
410
296
40
480
215
556
716
349
604
328
366
76
104
563
422
272
673
147
268
518
356
172
488
105
165
746
743
395
547
323
239
115
221
363
10
490
249
128
90
595
12
435
312
242
102
749
508
110
189
643
244
343
299
64
771
21
367
216
276
66
94
67
539
222
560
567
517
569
