405
342
363
683
590
362
533
911
557
275
308
555
626
534
361
1014
589
688
329
721
331
879
725
944
1013
912
716
714
717
340
427
406
778
1000
279
307
747
727
682
527
759
847
242
144
608
942
475
332
587
278
650
428
393
526
695
267
310
445
627
748
998
299
956
1015
309
996
588
580
477
612
750
507
177
889
554
693
351
247
974
715
807
883
448
749
905
1012
751
13
409
880
860
516
776
779
625
967
745
58
461
509
999
426
260
846
112
741
800
603
420
863
913
1001
191
979
709
597
107
997
333
161
31
145
897
865
574
836
936
758
160
24
548
540
827
57
1021
422
283
63
501
775
993
157
973
315
868
17
937
23
339
274
319
607
346
980
441
565
444
602
357
713
39
549
752
476
37
681
1022
411
289
16
910
129
866
18
890
808
573
295
172
22
791
385
243
943
968
140
1020
805
38
134
220
705
377
189
306
102
388
246
228
190
98
321
67
764
34
718
80
633
851
56
277
671
347
634
768
216
576
734
280
953
356
84
947
236
135
572
605
276
453
221
614
703
581
832
640
126
821
730
892
311
314
178
120
324
337
777
418
139
483
250
184
336
282
969
767
343
965
814
241
69
123
833
300
989
397
824
442
934
302
71
6
874
68
443
579
173
425
924
12
65
66
70
708
229
795
334
389
268
613
119
744
446
88
293
137
735
62
796
33
115
1016
46
811
582
966
769
81
378
543
165
615
539
850
292
929
417
643
96
219
156
452
799
195
867
380
738
995
32
95
138
125
266
474
118
731
217
89
64
964
258
954
861
248
792
301
40
419
884
923
948
237
504
251
878
103
542
158
352
704
259
42
857
127
706
938
105
512
150
853
762
649
9
320
193
14
1017
1008
231
383
935
955
484
636
502
141
898
736
316
553
848
286
567
806
203
209
894
837
147
75
515
176
888
781
854
413
920
984
387
517
828
547
74
665
864
859
53
48
90
353
544
454
261
55
545
162
7
45
666
823
450
170
610
760
20
187
604
421
862
804
222
1011
858
174
79
325
106
930
914
257
700
297
8
205
931
94
903
78
810
988
447
296
26
15
820
906
410
508
970
990
1
113
963
284
668
51
335
159
773
227
638
85
757
578
50
114
982
245
379
945
577
416
641
288
386
368
72
253
672
664
287
478
116
108
21
763
915
49
185
922
270
101
262
541
375
712
739
164
122
290
415
25
639
919
163
571
606
223
41
136
869
412
451
133
132
651
30
97
673
350
909
197
285
737
1023
104
812
882
728
676
211
87
895
117
35
670
771
5
902
794
887
256
926
647
36
99
111
987
875
338
354
981
801
802
19
355
780
876
168
198
536
855
793
849
11
349
679
372
472
829
60
916
841
192
994
155
1019
609
130
707
214
318
831
365
871
54
151
146
449
772
844
958
408
663
559
204
701
196
182
519
149
10
789
213
226
486
798
328
76
667
957
584
482
255
790
124
183
873
891
143
382
925
390
142
893
601
92
423
93
834
294
194
414
991
904
959
2
732
835
360
224
842
629
91
263
702
697
210
188
252
317
218
166
128
513
44
381
0
568
131
59
674
202
121
1003
521
644
43
3
479
830
232
852
600
100
839
611
110
900
485
291
877
815
809
699
632
392
840
28
818
908
169
432
73
322
52
225
153
819
407
175
901
546
933
696
962
907
61
1009
86
774
384
896
244
899
845
552
109
234
480
783
215
171
47
843
83
870
481
206
813
740
269
675
657
856
642
766
148
932
770
961
265
637
235
838
983
440
782
803
180
680
669
254
872
186
917
391
698
181
348
82
985
822
167
465
550
326
986
992
765
742
77
583
154
208
520
230
152
273
358
249
514
950
570
233
960
978
586
881
27
201
825
826
1018
617
312
646
618
323
199
939
921
885
886
677
585
455
566
200
303
684
817
816
661
488
733
635
788
424
29
551
212
518
976
687
951
264
1006
729
327
510
927
761
471
525
645
511
376
918
928
506
522
359
616
473
1007
787
179
4
456
972
560
344
439
537
538
487
977
207
648
786
678
398
784
710
1002
505
281
489
313
797
946
305
345
569
1010
238
658
743
367
756
975
457
240
304
438
711
599
631
941
940
239
369
271
630
272
622
458
785
621
493
591
971
724
524
399
598
690
523
470
619
400
753
366
620
371
460
433
490
592
459
755
401
370
656
466
722
692
468
652
404
467
623
437
660
754
469
624
492
686
685
654
653
655
659
491
402
434
403
723
691
436
435
