96
590
670
197
251
71
143
646
115
90
708
557
618
91
171
89
362
334
72
92
477
144
505
707
114
745
142
94
255
591
696
333
283
350
746
744
95
473
706
474
44
335
93
43
529
74
619
767
117
531
278
741
249
450
221
169
449
642
76
742
138
306
277
363
97
250
556
724
583
743
193
738
768
75
582
256
589
64
648
406
702
770
594
771
667
739
378
223
70
127
620
676
695
647
559
712
86
705
421
377
361
472
228
434
709
305
130
222
766
588
747
322
126
611
653
507
652
592
67
79
621
184
567
737
321
332
731
710
563
405
649
740
617
460
748
125
433
654
610
69
616
735
595
566
622
128
462
390
639
98
753
65
717
80
525
584
195
555
580
186
320
108
675
684
212
678
461
682
183
311
528
714
199
170
719
100
765
447
679
535
685
668
468
259
554
651
113
698
155
636
99
718
118
713
663
165
624
693
568
109
216
683
331
42
81
156
736
662
749
364
650
345
162
752
208
349
243
499
608
558
496
408
175
655
51
432
581
623
380
323
230
343
726
451
346
471
194
435
173
681
12
37
407
303
78
411
373
234
383
723
772
36
689
532
282
73
217
686
371
475
388
188
439
628
166
119
587
609
297
200
720
82
246
400
16
700
436
50
381
716
227
241
760
159
372
680
229
446
645
379
254
541
141
68
319
730
782
225
764
758
328
158
54
596
701
351
355
635
687
14
4
56
503
656
260
384
172
211
160
185
137
284
783
757
688
265
613
52
27
448
671
240
307
711
347
28
244
467
214
45
418
564
715
348
8
673
324
669
31
2
625
269
376
728
57
1
131
552
551
242
382
549
0
458
87
672
629
213
26
604
187
231
7
24
542
526
274
20
391
279
431
235
440
356
116
605
413
600
410
21
553
572
139
674
236
599
264
575
577
163
327
524
84
389
733
574
352
393
754
603
34
353
607
634
576
202
10
29
479
293
522
58
189
727
55
495
360
48
326
3
664
30
154
104
644
33
5
49
658
85
502
527
22
215
112
550
409
370
25
261
88
585
207
239
779
769
385
325
571
299
476
560
201
148
396
632
66
17
296
661
23
204
539
192
412
206
459
759
203
298
129
547
691
13
60
626
523
548
579
606
404
301
729
598
295
46
149
781
77
312
168
268
120
304
124
164
6
638
35
497
677
399
422
540
657
438
19
763
238
374
182
480
248
262
466
32
174
53
275
704
344
614
630
597
755
573
47
302
176
340
300
61
110
780
121
272
270
233
38
157
354
190
315
761
641
398
15
602
426
280
401
441
498
692
161
273
536
83
111
286
150
140
425
506
601
245
316
258
593
367
501
209
443
627
543
18
637
491
690
342
538
271
659
102
101
9
196
452
520
762
699
220
494
633
232
445
180
631
132
430
292
218
290
226
470
756
665
545
11
660
339
464
330
63
205
219
732
122
442
519
777
465
437
493
463
578
318
570
310
402
586
375
369
775
510
191
414
341
337
276
252
253
569
776
778
288
133
151
317
366
721
287
368
773
534
107
247
338
722
136
106
281
105
750
533
394
703
