446
697
734
418
561
732
740
336
59
704
703
501
135
612
419
562
677
308
374
167
456
429
423
643
396
282
445
733
615
226
338
478
694
725
394
614
309
157
731
465
637
368
647
447
466
521
198
428
564
520
310
347
565
475
172
494
721
593
774
638
424
283
39
611
640
331
472
420
469
666
365
46
417
473
139
220
695
665
651
773
412
15
430
14
401
595
257
493
468
756
60
189
190
496
705
457
237
116
486
440
134
63
485
474
720
148
533
504
158
266
346
47
132
224
395
187
11
375
41
154
441
546
22
267
619
7
729
275
35
212
348
234
373
484
699
568
366
150
522
290
247
510
644
315
245
218
156
288
594
759
151
567
0
79
18
400
634
232
87
491
499
83
492
609
467
31
196
525
463
61
702
173
273
159
40
163
29
750
503
527
580
402
658
149
355
509
80
751
111
635
681
236
409
301
369
526
437
297
217
566
383
55
476
780
523
610
215
243
690
650
164
254
661
191
85
208
45
268
298
459
202
343
518
175
563
320
519
664
458
201
133
711
439
260
285
514
84
538
129
1
33
548
438
56
498
470
32
755
299
227
689
506
9
269
13
385
287
155
667
53
778
185
572
776
153
152
411
435
403
188
652
160
648
574
140
337
181
205
392
165
58
263
645
547
727
103
242
203
543
654
571
490
512
200
602
573
261
356
276
219
471
544
183
345
316
607
4
168
5
655
636
206
328
302
552
633
25
781
442
524
264
487
569
16
631
24
623
292
233
360
464
258
2
327
581
482
184
554
570
26
391
6
186
44
578
757
550
673
210
656
318
28
235
121
671
497
413
296
314
214
397
660
768
244
549
404
30
589
216
684
19
659
274
460
112
52
598
241
141
238
410
48
448
34
57
349
539
376
662
324
51
575
515
676
754
608
553
730
414
679
551
542
601
508
342
596
319
675
782
209
649
537
531
657
691
182
540
326
317
653
678
481
300
62
632
605
513
680
511
180
597
668
672
372
663
536
606
54
560
23
599
714
483
162
231
749
630
161
213
286
82
131
529
783
125
577
682
748
246
639
723
453
728
500
293
353
303
178
495
626
357
354
534
20
10
17
27
692
431
700
295
339
262
422
279
462
516
21
211
130
384
624
248
752
255
579
8
763
388
592
582
239
228
272
176
291
38
535
688
591
3
771
49
381
382
36
620
701
772
693
545
683
407
289
576
107
722
715
174
12
436
736
204
489
555
124
461
119
600
669
432
452
488
304
584
106
240
517
271
408
81
265
530
585
270
256
330
758
118
364
329
123
102
199
541
170
762
628
371
280
625
380
627
603
426
359
613
455
618
179
144
454
502
358
735
528
192
42
325
321
434
393
386
352
207
252
332
433
726
622
716
443
77
50
777
379
621
126
229
378
629
646
110
604
101
405
105
367
259
687
230
127
305
406
779
764
583
559
686
685
294
377
765
64
344
177
743
767
370
766
387
146
698
719
120
532
696
43
710
444
171
221
88
313
284
95
415
674
68
98
590
737
122
351
427
86
713
617
718
147
78
587
739
770
65
641
128
97
307
99
416
311
169
341
616
389
73
113
450
108
398
340
760
281
75
480
753
109
451
769
37
166
747
76
333
709
225
142
66
744
421
100
350
223
557
712
556
425
507
136
94
741
323
761
363
195
738
137
93
249
706
91
586
117
312
399
322
717
775
742
588
92
89
707
115
449
143
67
145
96
193
70
222
74
558
746
708
104
361
390
69
642
194
479
335
72
277
505
745
253
251
