565
561
473
614
647
446
445
416
425
444
564
387
611
474
39
694
415
59
666
399
224
501
165
424
704
429
220
398
503
329
397
47
388
44
79
667
419
330
283
428
386
638
80
151
40
46
697
150
257
309
562
443
401
610
148
612
475
619
470
391
418
87
60
325
423
447
500
400
469
643
41
45
471
346
668
537
369
357
702
483
554
207
455
11
18
453
581
275
639
282
690
454
134
481
441
615
511
381
358
664
699
395
63
414
427
190
14
365
440
61
158
356
218
431
553
360
456
720
271
247
529
651
420
563
597
689
135
523
652
233
15
31
468
484
345
496
374
354
85
485
293
237
368
232
732
33
625
139
51
300
432
149
591
272
650
294
266
721
56
457
1
353
661
160
359
606
640
212
426
382
7
22
780
326
539
482
58
189
527
285
654
681
669
0
198
410
478
314
569
626
756
729
159
634
733
632
644
759
727
344
84
48
153
515
128
695
181
175
262
152
573
655
53
509
740
121
546
328
731
154
319
111
551
596
155
202
291
533
214
593
32
385
566
140
269
168
734
9
373
656
648
320
355
264
631
5
538
191
396
578
547
6
412
196
662
602
188
35
508
476
684
289
327
605
580
583
321
394
705
624
55
236
552
589
550
623
129
574
544
167
519
2
542
636
467
460
296
570
411
268
688
598
439
637
383
711
673
245
417
776
402
430
201
303
677
25
409
577
512
543
510
370
692
83
13
607
242
750
371
488
244
186
548
302
691
755
645
567
316
19
183
487
4
213
286
206
582
757
208
492
437
572
217
663
29
184
665
30
263
187
592
141
235
203
238
608
730
748
635
54
754
292
524
413
659
16
112
660
57
318
601
781
23
671
185
498
258
657
261
28
26
516
205
172
392
584
338
513
163
599
404
536
24
62
526
452
210
215
342
270
630
376
349
522
714
472
528
603
693
696
458
782
173
438
682
310
783
497
633
514
324
672
317
778
618
299
133
459
103
52
442
680
20
560
495
34
658
239
499
161
549
728
627
162
752
571
10
653
463
763
301
8
226
178
204
241
700
297
504
209
448
274
17
64
403
180
579
723
575
243
21
679
540
219
339
176
609
347
372
288
749
132
377
82
315
27
216
506
119
464
337
106
600
675
182
125
715
130
683
124
287
248
595
535
568
123
276
231
716
332
676
174
246
179
367
773
366
768
758
722
221
273
534
331
