253
281
338
769
502
366
310
418
533
390
530
307
773
705
446
504
558
279
198
394
282
363
199
677
361
778
335
389
766
750
506
145
676
362
114
448
330
254
777
770
81
308
776
228
752
733
252
311
779
771
368
336
503
734
419
708
775
226
534
280
257
171
174
200
285
328
173
678
170
442
256
440
433
146
432
737
475
299
751
774
747
202
339
772
255
411
559
309
305
709
269
765
134
412
704
735
749
462
736
721
358
137
575
474
586
326
231
297
258
707
417
434
468
718
205
712
329
631
459
738
452
410
744
294
745
531
283
270
711
227
742
429
293
337
136
144
148
242
132
213
367
340
177
525
322
480
395
424
415
460
26
176
232
86
301
746
760
703
651
302
216
300
4
447
439
461
438
55
194
271
761
443
272
179
80
748
679
230
469
456
287
42
722
391
512
641
115
414
135
515
393
203
470
286
109
229
754
246
724
206
640
382
421
241
133
117
477
313
16
560
441
131
11
545
201
781
178
762
259
9
214
53
517
764
505
532
140
284
693
312
497
739
273
225
758
544
588
514
204
541
496
498
729
101
6
274
455
168
782
10
585
149
454
25
32
728
551
482
413
717
671
143
30
655
17
483
701
82
453
524
522
650
719
85
617
215
540
526
780
674
587
753
543
169
118
190
243
486
481
244
689
621
507
698
484
197
628
3
579
649
622
516
675
523
573
129
726
485
306
625
600
278
598
571
138
539
633
613
444
513
113
479
103
247
416
487
106
420
105
40
