703
396
397
135
423
677
422
172
774
370
116
173
338
562
567
394
704
220
368
773
443
534
369
336
310
566
725
416
398
424
399
164
427
128
136
506
561
643
318
305
732
184
420
344
395
133
442
371
103
468
615
455
366
372
393
734
106
346
772
496
107
414
183
308
400
191
343
470
469
324
721
594
317
342
194
539
156
731
219
415
163
337
276
266
248
425
365
42
392
192
776
478
535
428
440
291
722
249
132
705
59
373
289
110
167
279
134
211
239
434
238
433
461
778
247
175
494
497
723
604
504
740
750
287
245
426
467
441
533
679
781
729
11
273
379
756
9
316
190
196
675
351
205
263
777
24
476
148
111
768
711
131
285
112
83
221
779
281
676
233
29
339
55
635
288
84
681
203
280
754
235
680
202
743
218
4
213
207
26
23
232
694
215
341
323
187
189
672
771
751
21
682
82
609
16
258
231
718
277
217
252
244
206
302
661
275
707
188
765
242
269
214
137
709
741
713
769
301
715
253
274
246
766
659
767
145
307
335
