492
493
460
524
491
461
523
560
592
785
525
459
429
624
786
428
490
662
655
458
398
661
784
397
363
404
395
754
437
598
527
427
974
755
723
599
630
528
756
396
787
555
623
489
724
631
939
559
692
971
494
722
366
877
1006
816
949
970
977
691
303
753
240
597
436
522
788
908
876
789
938
403
660
663
978
343
1018
311
1009
526
201
728
793
693
208
331
992
265
783
180
656
245
817
29
875
679
600
278
629
843
766
234
272
910
950
399
435
973
815
61
4
761
202
310
993
959
246
878
848
149
365
344
438
798
227
960
486
771
752
678
711
57
286
266
181
1005
215
3
75
725
945
271
920
371
0
168
765
312
518
919
93
148
981
45
60
830
991
604
617
513
739
697
469
133
847
975
167
487
405
710
296
907
701
284
89
26
842
470
585
200
359
232
322
829
142
696
961
364
1003
760
664
998
917
169
426
59
611
239
568
632
985
483
281
179
953
136
922
416
170
318
647
326
488
5
285
214
740
376
797
213
506
195
390
926
645
455
677
994
233
909
221
905
481
814
538
757
297
85
94
675
317
861
811
742
147
958
707
106
348
635
226
868
406
327
1019
30
680
862
163
569
804
924
591
279
27
105
422
273
91
316
362
153
927
353
669
982
505
28
141
743
705
384
134
90
925
737
199
577
58
375
166
644
379
578
946
264
44
519
449
6
894
537
357
886
381
62
566
46
358
185
354
157
844
874
818
849
610
955
196
258
837
132
482
192
15
836
895
646
448
450
182
855
514
97
733
603
987
74
957
389
835
554
799
918
2
729
810
86
863
704
885
712
668
738
282
118
65
772
586
88
68
121
512
304
320
154
253
972
342
834
990
614
845
867
162
570
453
143
986
906
150
135
283
790
643
846
744
183
95
103
565
52
350
231
567
248
735
937
468
126
411
12
967
352
616
702
321
347
579
581
386
43
77
893
452
667
997
294
792
256
36
549
104
414
255
291
11
736
767
73
638
138
857
254
637
349
25
546
639
380
220
921
55
734
802
770
37
456
48
613
14
576
891
672
417
35
962
225
92
137
152
474
948
840
889
932
280
47
413
259
457
423
222
100
306
608
247
387
122
544
249
854
79
584
263
605
252
54
520
916
191
951
870
194
442
721
84
976
654
551
928
391
536
979
805
110
821
454
7
896
572
117
913
941
412
803
66
224
328
377
539
323
609
540
709
300
574
898
78
904
730
439
125
140
573
869
1022
207
473
51
872
315
900
510
217
165
324
447
356
313
111
706
479
858
388
82
1
866
69
636
575
244
480
287
582
188
670
189
769
674
235
9
155
159
676
16
796
409
241
251
606
49
83
374
109
385
890
732
443
550
800
903
116
648
17
700
187
19
642
444
173
13
319
164
42
288
206
936
434
115
32
441
120
478
394
515
813
146
923
1010
292
826
262
929
277
451
607
612
571
892
76
108
859
156
887
421
114
128
193
127
53
332
151
543
809
831
940
618
418
708
64
819
131
699
509
160
695
477
871
219
305
50
355
257
130
56
176
476
67
31
968
659
1023
634
930
731
351
823
325
33
41
552
410
81
382
897
825
38
190
123
184
186
545
175
346
899
87
553
250
407
98
860
10
290
34
129
822
171
270
8
289
223
80
72
768
158
218
295
63
174
119
580
203
372
309
944
640
107
124
24
198
101
112
212
330
484
139
1002
517
954
70
820
548
508
703
966
873
841
40
293
956
172
113
511
314
260
965
999
99
963
888
541
1020
96
839
996
20
475
39
686
690
378
402
102
1007
995
671
216
229
408
440
865
931
673
345
853
935
547
419
383
641
934
850
794
145
988
942
741
228
1001
812
209
144
420
666
161
649
879
21
653
370
880
775
230
764
1000
299
261
833
521
902
601
806
1021
71
22
238
471
298
485
542
969
501
18
502
507
373
901
302
583
828
933
698
801
827
824
838
467
762
472
23
415
197
615
504
445
333
367
1004
424
237
751
602
915
446
516
989
329
556
774
832
1017
881
425
964
807
856
337
864
204
211
243
338
177
393
782
791
773
178
308
392
633
269
267
205
912
360
884
301
503
952
911
534
236
361
943
665
685
914
619
763
851
627
980
852
1014
882
947
274
652
587
276
750
500
776
1013
628
533
983
210
984
883
336
275
795
341
1015
684
268
681
694
340
1012
1011
1008
307
1016
747
369
535
780
495
727
334
808
596
620
687
779
781
242
758
713
595
621
778
689
558
532
658
718
339
622
759
588
719
335
593
777
650
716
401
400
496
715
589
720
749
748
745
594
651
464
726
466
368
626
590
717
557
625
499
430
688
564
746
561
682
657
714
431
683
563
529
432
562
433
498
462
497
465
463
531
530
