218
341
78
394
133
192
392
427
510
511
488
41
518
164
745
365
288
420
732
139
428
224
538
544
62
289
533
273
509
417
142
35
245
195
104
40
540
537
163
369
612
534
763
395
50
96
287
416
56
38
39
423
508
123
453
285
640
429
49
490
546
762
291
342
263
489
13
115
397
593
426
281
314
95
34
190
545
308
205
457
290
565
536
445
422
639
744
69
653
23
36
480
134
51
696
752
309
724
403
111
539
478
519
637
761
83
398
332
210
664
772
375
160
68
665
187
756
638
541
402
169
318
666
159
608
302
21
124
126
771
364
0
53
215
266
141
692
196
609
430
383
274
303
47
125
691
312
717
406
238
494
315
12
292
286
542
102
613
632
476
694
337
132
37
401
3
84
376
636
317
641
562
271
88
635
74
59
424
233
718
94
175
262
128
773
260
206
404
70
158
577
66
471
746
367
755
156
630
779
605
442
434
182
127
239
29
699
203
687
223
60
532
324
660
9
547
548
154
464
585
663
355
339
413
643
331
153
441
520
11
753
204
603
628
500
183
722
174
184
67
10
202
496
681
775
727
584
316
301
28
661
336
280
452
212
688
32
241
729
101
75
265
293
611
297
575
459
240
162
435
491
750
264
8
5
715
340
384
33
602
20
633
329
272
578
587
669
689
629
27
232
493
560
634
576
492
599
211
129
667
777
268
783
396
213
189
581
157
527
642
644
759
781
697
414
237
778
695
551
662
579
604
185
524
615
6
431
85
194
61
269
348
437
244
721
720
188
550
45
776
716
693
754
89
349
168
672
521
757
553
173
610
499
468
366
17
298
73
458
572
674
469
748
671
631
749
100
368
782
229
393
24
356
270
680
470
347
52
379
586
747
606
443
87
2
344
498
122
504
780
25
261
409
152
549
743
719
201
412
552
214
351
658
607
352
230
296
54
523
625
385
462
30
686
465
726
242
15
555
326
432
65
207
338
22
419
652
7
353
774
723
751
257
151
466
451
407
758
372
97
530
596
19
300
770
444
438
299
55
730
325
236
294
713
463
99
235
561
181
595
571
526
319
701
31
574
217
377
320
580
327
374
683
690
284
193
764
98
522
381
725
668
330
209
4
370
600
682
714
82
684
108
405
408
626
411
598
436
601
116
582
768
673
698
554
558
433
57
495
570
267
528
150
382
26
440
58
645
760
728
231
16
623
371
140
246
769
556
249
321
64
243
399
439
425
18
685
656
472
323
616
146
400
72
345
373
731
343
711
654
380
659
734
614
410
740
250
180
657
14
42
461
742
573
415
583
378
622
670
467
501
131
346
597
503
700
208
186
234
79
90
354
741
71
559
525
76
295
739
147
149
259
624
557
569
506
227
112
531
627
502
617
421
277
767
709
322
222
179
592
449
328
704
121
710
225
148
712
93
564
216
448
310
109
178
253
119
176
765
118
566
117
507
620
165
278
460
567
226
172
702
450
145
675
137
200
350
588
650
311
535
655
736
568
529
46
177
473
130
594
279
649
619
738
251
91
198
679
621
591
254
43
138
170
307
737
733
766
221
647
563
44
475
391
474
735
389
306
477
120
651
505
81
80
143
708
228
618
677
92
334
590
199
646
648
282
589
678
256
707
305
333
197
144
388
706
447
446
335
363
255
676
283
361
171
390
705
418
362
