896
797
583
627
883
29
988
171
27
636
674
222
406
94
421
919
843
250
38
641
364
601
1004
987
446
125
385
910
93
210
11
254
827
519
130
142
886
876
913
419
640
110
851
605
864
266
844
40
223
438
958
259
144
912
1019
667
195
23
678
635
662
673
370
346
785
90
999
1008
124
455
155
873
196
897
1022
927
386
911
898
828
296
145
702
345
187
832
280
668
123
359
154
33
437
763
508
92
482
265
217
551
633
706
580
936
836
412
854
865
796
211
908
204
696
514
91
966
665
778
704
976
944
61
119
644
97
411
924
925
133
860
299
752
630
120
939
286
634
60
837
126
954
297
322
103
41
762
800
520
578
188
19
363
277
956
994
76
989
952
131
506
82
347
143
28
943
998
248
903
805
401
707
982
279
859
129
47
933
115
354
417
14
1023
21
88
2
167
74
7
104
576
789
257
380
863
798
376
203
705
8
995
893
727
175
726
1018
905
37
901
294
260
709
318
968
332
874
316
540
278
515
328
186
381
861
132
871
679
986
62
867
786
711
312
289
488
840
721
166
547
261
158
358
9
77
769
940
539
275
584
391
918
140
620
1020
950
742
197
233
1021
192
680
122
900
645
174
293
53
405
579
731
738
938
212
34
283
570
868
194
185
970
862
255
170
992
996
235
568
922
415
887
317
513
276
138
202
213
445
892
991
450
980
895
229
164
811
810
676
607
499
959
327
268
384
842
54
26
287
423
972
628
448
45
453
238
162
24
979
189
1
311
934
904
443
49
728
373
534
947
571
245
281
963
906
169
788
518
263
149
730
179
875
390
509
224
157
485
758
178
218
920
615
643
227
408
1014
790
351
20
288
234
960
549
0
99
541
89
669
422
841
348
921
517
664
343
481
478
1012
153
295
772
141
872
237
113
807
542
182
377
56
973
504
795
926
387
759
675
163
180
139
320
479
198
902
471
135
770
413
833
416
581
475
1013
773
87
930
48
409
5
732
451
375
116
473
670
383
146
967
356
161
981
193
512
50
264
1010
225
632
914
440
932
58
961
310
735
962
63
457
246
974
993
18
206
256
372
43
148
374
648
253
173
697
480
953
486
414
787
284
136
106
156
147
319
236
476
929
251
899
741
964
474
109
205
96
507
948
550
616
858
231
247
31
83
252
582
637
382
949
342
672
95
552
75
647
410
86
536
821
614
378
694
221
159
511
740
355
352
588
907
324
955
349
1011
85
544
379
510
214
606
441
108
292
757
975
181
51
611
107
597
889
734
566
219
915
15
55
767
931
137
766
839
454
25
447
799
695
838
350
84
118
291
890
771
739
230
64
638
543
806
1005
128
6
442
134
449
823
444
708
52
1007
826
57
722
725
891
857
44
729
32
774
870
220
3
199
928
127
600
269
613
916
646
42
323
532
598
649
502
117
856
753
831
671
168
17
267
4
590
917
470
16
723
794
663
575
822
756
651
160
561
703
824
855
760
528
761
1006
503
755
754
825
791
687
653
494
724
793
639
792
631
458
489
553
564
625
459
686
461
617
587
650
521
586
619
585
531
593
567
595
558
599
596
460
563
622
557
535
554
618
527
656
526
522
490
555
654
493
559
556
560
655
491
591
624
523
492
623
592
525
524
