418
446
474
475
531
447
697
391
419
198
558
226
80
503
590
171
557
529
501
228
696
65
389
559
282
170
702
417
618
142
734
586
81
614
118
200
473
199
646
478
612
698
733
254
388
621
14
530
726
604
651
584
257
283
502
143
563
360
68
457
425
564
640
256
390
144
566
225
565
15
67
156
693
454
451
591
539
361
695
79
448
44
330
662
623
589
611
740
93
458
115
450
158
95
399
508
705
607
624
736
554
7
59
759
583
308
267
485
484
748
86
567
576
493
29
22
650
634
132
527
469
31
383
286
528
25
207
438
632
96
671
663
180
147
328
157
605
150
255
483
189
329
126
525
756
114
655
296
262
55
162
751
511
83
212
97
453
606
382
30
18
26
215
629
159
757
732
358
243
98
336
730
5
0
459
169
470
261
155
752
325
668
76
452
16
179
99
53
498
326
149
562
664
56
633
622
678
673
435
426
444
139
11
644
259
526
266
492
183
214
428
216
455
630
433
354
441
85
205
123
619
460
66
689
440
152
635
186
648
720
461
125
749
729
175
176
84
704
728
184
94
540
596
755
462
667
727
439
494
141
4
204
472
649
593
161
111
552
653
1
218
213
476
445
456
524
272
236
608
507
264
430
235
187
463
234
555
412
10
265
134
603
495
636
628
409
8
735
196
148
69
496
100
33
645
2
206
208
201
127
146
613
467
436
725
625
190
577
602
599
117
631
758
64
656
560
387
415
258
231
434
260
658
119
782
19
431
174
509
515
271
237
244
381
154
513
512
783
91
285
615
437
17
627
242
229
28
153
327
699
302
543
481
411
246
582
553
82
413
694
609
506
238
24
681
427
464
129
660
70
58
665
124
188
274
52
594
270
89
217
654
120
479
491
77
6
301
575
172
233
74
203
537
160
355
700
365
429
626
701
407
404
570
182
616
359
380
378
487
109
408
299
211
780
659
482
595
177
410
643
468
202
210
657
32
578
754
504
600
122
405
352
21
168
232
620
20
471
781
245
486
61
163
652
683
687
597
324
269
519
465
661
500
406
442
240
684
309
536
92
598
230
128
9
514
497
384
357
423
672
568
140
130
185
3
547
300
763
195
373
209
151
521
551
518
546
676
60
374
764
638
385
27
601
400
356
51
561
57
275
101
268
572
573
544
263
403
466
714
54
377
639
571
303
227
556
364
298
178
121
414
520
549
289
112
731
569
23
666
548
311
574
516
488
432
489
131
167
535
87
424
617
762
771
181
73
550
353
350
517
692
711
669
340
314
43
480
776
313
72
316
541
398
691
679
737
291
396
592
395
397
647
345
239
770
241
295
739
690
522
775
542
680
344
416
401
279
379
538
523
682
224
677
13
767
297
499
317
338
319
490
510
768
331
103
113
637
386
588
579
545
294
164
348
102
721
686
288
641
779
349
287
367
290
346
36
715
71
307
532
580
685
351
688
375
581
372
443
280
716
75
747
252
293
12
376
753
332
191
421
402
774
585
273
777
363
223
165
719
392
292
49
744
347
337
712
765
133
766
322
323
760
710
339
342
610
35
750
706
333
45
34
50
370
108
145
315
368
708
37
78
320
449
778
343
166
310
135
772
318
47
197
219
173
138
321
39
420
63
587
247
312
675
366
718
674
48
116
505
104
393
90
713
192
738
284
251
62
371
341
38
40
742
743
477
110
220
41
369
745
105
222
746
707
88
46
