392
538
679
669
688
102
288
107
73
750
711
284
295
682
287
371
535
46
130
333
219
160
753
78
638
133
267
346
291
74
135
40
92
37
289
768
75
681
38
223
370
685
263
485
678
103
443
721
641
495
552
494
314
158
499
369
215
510
401
164
163
398
318
564
311
342
779
732
659
652
12
34
173
190
337
650
9
217
471
400
680
244
692
162
168
62
653
426
214
619
701
344
593
587
186
124
101
749
290
441
427
470
567
159
438
646
740
23
126
591
430
1
684
187
182
273
512
3
394
636
414
125
694
292
213
429
134
310
767
661
428
235
403
6
155
207
129
151
776
613
720
607
315
63
210
268
584
237
323
250
746
561
729
691
762
782
484
748
94
671
482
439
281
206
116
637
161
374
508
57
152
523
112
601
440
236
121
658
468
188
90
457
148
548
526
460
224
350
413
166
178
549
431
131
453
399
33
625
36
553
554
467
550
452
95
84
383
11
412
590
154
458
54
576
339
660
49
560
498
579
758
372
322
656
456
180
365
266
153
157
265
246
55
627
286
611
763
185
61
673
245
555
496
777
634
0
487
343
635
522
233
20
612
382
476
524
13
469
189
8
731
557
687
181
205
626
241
203
100
239
177
547
756
618
128
693
285
364
47
563
633
16
405
345
728
22
727
677
319
122
320
481
386
25
18
556
540
519
577
179
238
258
317
262
261
759
757
663
628
455
272
5
242
532
2
294
209
316
644
730
581
204
629
183
53
280
234
184
377
598
596
211
578
283
385
349
594
624
533
29
50
404
99
705
605
608
664
755
24
232
373
415
397
10
341
597
551
662
141
338
96
240
313
21
230
445
700
83
580
17
378
111
583
571
76
442
500
726
340
651
127
347
562
321
51
271
568
575
35
507
432
91
196
4
573
657
451
368
231
123
483
31
302
725
156
353
384
77
504
115
86
491
425
79
665
252
774
454
366
26
326
696
89
60
609
461
300
7
525
409
149
463
175
606
375
480
303
436
600
632
528
48
623
479
324
515
376
631
640
478
167
14
733
698
543
15
539
622
348
212
379
301
195
402
506
572
259
352
599
201
473
351
325
488
145
569
269
588
410
381
734
174
132
117
702
411
616
298
355
603
97
752
380
296
407
143
737
527
511
227
253
433
437
408
202
147
435
256
293
81
582
518
59
462
118
545
309
544
327
297
150
464
229
586
139
490
775
98
282
357
387
93
610
70
336
434
614
225
735
695
448
489
502
120
80
64
299
517
257
146
771
390
308
770
329
332
751
170
255
516
114
474
736
388
585
621
529
254
199
331
171
417
328
69
358
391
501
359
330
503
144
142
447
419
200
226
198
67
697
228
446
68
531
530
65
361
559
475
389
66
360
558
418
