281
253
773
366
769
533
394
338
310
504
530
677
279
307
778
363
750
336
766
308
502
145
776
335
771
770
199
506
676
752
368
534
777
198
173
448
775
252
779
309
774
257
442
690
282
605
280
411
254
285
751
662
703
440
330
311
174
772
468
678
362
146
736
737
704
412
443
200
735
116
114
226
549
135
329
328
415
337
743
202
358
81
134
299
256
417
228
503
734
688
305
721
633
137
765
172
339
660
395
232
255
227
708
231
525
578
419
132
747
634
351
148
562
456
170
424
414
586
469
258
577
561
632
512
661
742
559
576
439
515
323
761
326
136
518
689
705
738
548
176
389
500
270
340
370
470
452
26
287
733
369
320
175
300
711
722
429
749
707
467
760
4
341
725
709
441
651
301
396
762
489
319
496
346
55
271
209
242
679
133
196
397
390
15
480
302
203
373
272
11
213
497
327
517
519
367
604
393
355
177
385
717
643
230
24
455
354
131
201
283
194
423
342
229
343
361
514
313
520
401
344
700
615
550
754
781
435
416
560
706
298
544
712
140
225
237
498
486
345
86
9
402
407
216
315
454
284
483
574
545
675
149
42
516
495
444
482
6
32
53
729
764
273
524
490
413
286
546
101
551
168
214
541
532
543
526
758
453
245
782
485
27
246
185
755
25
312
204
641
10
180
674
484
103
59
671
371
476
644
701
780
481
421
85
621
427
585
30
219
82
724
628
386
640
650
190
262
587
600
109
645
314
153
187
