544
543
572
568
517
569
489
106
516
571
249
570
72
74
545
461
248
567
65
67
37
195
542
573
39
193
75
333
541
40
38
166
68
221
366
163
728
780
139
23
36
219
133
54
191
50
557
515
335
28
476
751
774
389
254
752
433
113
225
135
276
168
725
560
364
779
3
85
767
337
197
529
17
634
14
595
93
504
502
284
587
311
52
170
190
222
590
645
156
57
775
165
94
641
615
339
596
558
446
606
635
417
143
768
540
390
449
599
671
753
556
11
47
488
676
306
169
601
584
610
600
129
773
566
334
605
134
132
782
285
192
136
445
613
669
209
597
561
675
633
585
157
562
220
418
82
479
598
188
602
611
155
620
474
636
781
189
514
772
161
257
765
158
451
648
607
200
279
721
160
98
736
612
588
159
508
639
58
282
146
119
760
578
227
608
698
162
528
533
181
130
761
25
126
769
118
477
505
450
577
670
4
44
278
527
223
758
534
677
739
307
746
361
109
503
770
43
125
757
646
247
740
743
127
1
187
554
16
224
107
506
251
640
701
630
142
229
447
507
154
22
19
487
745
592
609
56
280
267
141
194
86
252
663
286
486
581
697
696
288
309
340
61
59
258
490
622
637
89
148
559
694
625
122
513
532
314
688
580
287
732
579
499
180
644
549
531
97
80
723
218
88
594
92
574
553
124
783
662
13
526
362
650
550
237
83
196
749
727
228
295
464
217
589
539
210
99
624
518
664
626
475
128
9
695
546
260
259
617
618
290
35
341
367
29
666
203
112
216
0
15
62
111
292
420
123
18
315
629
742
616
756
551
289
638
175
512
661
7
538
552
379
716
623
699
186
140
226
6
501
492
582
253
388
491
729
349
238
387
658
665
686
463
537
231
351
652
313
706
167
555
331
198
291
520
100
182
766
131
452
232
250
176
460
360
304
522
565
523
215
71
137
152
321
261
690
689
236
395
471
316
521
70
496
627
96
525
481
497
511
208
150
687
60
204
413
405
264
435
495
312
704
317
377
593
667
414
628
436
95
303
205
233
246
275
442
685
77
524
359
277
443
519
121
153
659
108
424
332
458
407
185
323
262
103
441
712
509
81
177
149
245
691
459
653
734
265
76
724
548
412
8
468
384
679
101
230
104
151
621
102
583
467
469
440
672
470
591
680
415
385
234
485
586
764
510
423
684
207
34
235
439
738
214
713
32
419
500
483
336
747
484
206
657
263
735
681
305
73
318
69
719
711
91
472
184
494
731
46
654
274
42
183
683
744
281
256
714
682
457
138
482
178
656
432
105
27
710
383
49
244
649
748
66
498
10
319
21
563
115
302
164
283
715
709
762
717
90
705
473
239
422
202
201
693
462
444
722
368
692
268
48
2
363
763
20
179
547
255
382
365
678
660
651
703
655
273
708
718
241
45
604
643
64
401
771
293
301
416
78
266
431
453
396
408
173
425
110
631
438
145
344
342
243
632
79
733
172
535
386
737
493
759
466
147
296
120
707
310
87
392
576
726
30
320
536
63
430
41
240
429
702
24
393
730
26
324
642
619
394
603
345
564
400
411
456
720
84
700
428
741
114
480
406
213
373
199
55
478
31
343
338
33
116
575
674
455
174
448
5
614
51
348
754
777
322
271
397
330
421
410
426
378
778
668
391
755
144
673
404
402
308
354
776
750
53
117
372
369
272
171
242
294
530
269
376
297
454
346
12
427
326
380
358
399
381
270
353
347
300
352
374
325
356
329
403
350
375
434
398
212
357
409
647
211
465
371
370
355
298
327
437
299
328
