562
594
530
563
534
531
564
495
595
532
561
529
596
527
463
526
566
533
558
462
565
394
494
502
497
362
597
393
430
593
395
628
364
559
662
1005
626
627
363
396
1015
746
496
847
848
1004
1012
1013
913
501
1011
629
528
880
535
849
330
503
850
747
713
361
500
590
881
883
557
912
392
1000
694
177
1014
681
661
426
846
1010
580
425
295
329
208
745
879
176
242
429
498
911
882
712
779
851
814
693
952
914
817
144
807
241
608
996
727
775
714
397
808
874
575
427
207
650
239
262
178
726
314
776
1020
579
679
445
175
1016
377
725
206
615
695
556
945
998
875
589
612
759
282
360
748
172
741
1021
889
209
944
884
956
280
576
979
409
574
48
250
428
860
999
145
237
240
567
236
516
475
734
819
716
816
977
540
836
818
173
649
251
682
683
112
671
953
283
203
577
247
1022
16
703
778
572
582
275
444
319
905
974
315
989
868
57
837
857
31
170
261
859
17
188
274
603
477
910
865
888
191
448
66
248
919
647
573
197
578
80
897
298
219
581
294
299
229
119
