565
533
566
534
597
659
653
598
660
629
502
849
654
881
848
850
501
691
1010
880
207
208
913
692
376
685
240
977
239
847
817
661
1011
818
882
206
846
679
819
945
630
327
628
238
408
652
816
360
396
914
359
209
344
581
712
392
241
470
345
851
686
48
879
561
696
175
580
946
608
176
658
577
440
262
837
377
328
326
529
877
313
883
875
978
295
271
761
729
710
526
844
469
627
912
391
820
236
576
711
282
578
845
743
242
648
870
249
177
272
622
314
582
1012
397
775
395
1015
394
186
237
261
579
815
626
776
611
609
194
684
900
197
250
426
878
919
728
210
1009
230
662
294
281
647
204
680
836
409
1000
235
859
393
49
251
188
203
876
992
205
745
545
263
546
646
79
744
312
808
425
550
899
852
154
874
358
888
424
842
211
742
229
811
16
296
218
196
814
212
868
195
198
111
594
678
455
843
789
871
790
697
549
760
548
673
614
962
872
199
517
1004
178
527
170
1023
925
928
1020
575
273
219
991
1016
707
867
902
202
907
860
990
187
806
583
174
171
80
934
427
243
884
702
839
889
567
615
774
960
856
422
838
151
155
445
959
538
734
901
869
227
921
570
1021
804
182
142
375
228
932
797
9
674
153
989
1022
700
706
927
979
17
994
793
537
423
66
641
82
773
444
727
516
832
119
671
473
794
612
213
909
173
390
244
384
231
953
1003
699
798
541
315
110
970
130
270
217
828
767
319
32
703
234
574
407
283
643
640
143
857
894
897
865
50
1002
510
41
733
91
1005
831
317
547
559
232
447
65
380
605
1019
98
539
701
2
215
675
713
993
33
572
896
996
669
83
125
664
858
961
84
124
841
25
193
353
350
417
829
695
286
293
892
649
253
544
769
