-0.21492624
-0.022048235
-0.06320739
0.2981205
-0.19220924
0.21178031
0.008181572
-0.18863869
-0.0011000633
-0.09047294
-0.0207088
0.07097149
0.69416666
0.6680285
-0.37816954
-0.36455274
-0.013281107
0.18404865
0.15663338
0.073462486
-0.08793378
-0.088876486
-0.18212152
-0.016852856
-0.25372386
0.30870605
-0.22630453
-0.20310187
-0.04720807
-0.015621662
0.08557701
-0.23415136
0.15922523
0.2832861
1.0002857
1.1520247
1.0009824
1.971367
2.1923676
0.519094
0.79775083
0.8193643
-0.89876723
-0.19596529
-0.22166562
0.94815767
2.314954
2.0044346
1.9685457
1.6177683
1.5615656
1.1254287
0.28950262
-0.08245468
0.021557808
-0.2058022
-0.016903162
-0.05404377
0.4067719
0.16884303
1.0651034
0.7800206
0.98984313
0.88851047
1.6877811
2.483718
2.7205896
3.704916
2.4068341
1.315872
1.5382016
1.8525078
2.0418036
1.8858026
1.9619262
1.5093985
1.6862538
1.062454
1.49483
1.2426435
-0.3917129
-0.8796742
0.0001449585
-0.25929856
-0.12538767
-0.028793812
-0.2087934
0.985302
1.1285537
0.6620306
1.7890723
1.6927626
1.7192698
1.6183804
1.4340822
0.8990283
1.2672311
1.3182678
0.7081307
0.8048935
0.8970121
0.5290785
0.94951105
1.0533988
1.6096003
0.9973378
0.46888375
0.6291363
0.94176435
0.26592875
0.44040608
-0.18738556
-0.1505208
0.75302196
-0.14940953
0.19329023
-0.48026872
0.8530967
0.607429
0.56121206
0.27030873
0.1754632
0.5813242
0.16235042
0.41686678
0.14880633
0.42107153
0.30862236
0.704602
0.124524355
0.12963843
0.44863892
-0.31497717
0.12394762
-0.31486797
-0.06706023
0.44314003
0.13367629
0.1640141
0.08902073
0.07881403
0.04860115
0.76993823
0.5999398
0.021656275
-0.56103706
-0.29489493
0.27500796
-0.6877456
-0.02140069
0.05002904
-0.5029559
-0.29447556
-0.22958899
0.23130393
0.2324121
0.68061125
0.2895825
0.26861644
0.3601985
0.14462209
0.52851605
0.19541717
0.10878754
-0.048572302
-0.2824247
1.0422482
0.4081986
-0.09066033
0.7423017
0.53194785
-0.11602473
0.17066455
0.5272783
0.23588896
0.16271639
0.056262255
-0.22423959
-0.23368955
-0.43214393
-0.64228153
-0.61886287
-0.8944092
-0.62690616
-0.31739664
0.80580926
-0.58354044
-0.5491612
-0.18808913
-0.7204368
0.3140285
0.59234035
0.8206098
0.76856697
0.10911846
0.96213436
-0.3666966
1.425513
-0.18712568
-0.67756295
0.472893
1.1244407
0.08572626
0.6021178
0.2703526
0.0983057
-0.1750896
-0.4438498
-0.6390815
-1.0476665
-0.63738585
0.6440886
0.9138341
0.69054925
0.5645795
-0.272146
-0.5947702
-0.44488263
0.18436933
0.05960679
-0.0077421665
-0.6036444
0.067376375
1.4105474
1.6927727
0.54107726
0.029363394
0.13676858
0.64875627
0.64630425
0.1754899
0.22207618
-0.25980568
-0.0463295
-0.13695884
-0.22307277
-0.35664845
-0.41068172
0.66511965
0.64255965
-0.42517567
0.0010242462
0.3171718
0.14563727
0.08943176
-0.06922054
0.08277345
0.24060893
0.18349624
-0.6218102
-0.2988484
0.5398326
-0.29312038
-0.67499614
0.040807962
-0.6564045
0.4796841
-0.068918705
-0.25754595
0.12238145
0.06347203
-0.04599309
-0.5616398
-0.20414686
-0.13605762
0.1741643
0.53956723
-0.24447799
0.04963088
-0.069005966
0.055318117
-0.0046110153
0.21960664
0.5759078
0.17241836
0.10086608
0.48988128
0.4103155
-0.07967305
-1.052702
-0.12656808
-0.09232354
-1.152663
-0.42843962
0.39577436
-0.26857543
-0.37262654
-0.07861829
-0.08633542
-0.23911595
-0.08728504
-0.28130865
0.194561
0.52950776
-0.31626987
0.06298113
0.044217348
0.03413868
-0.17015529
-0.013149023
0.20246887
0.25770354
0.18987513
-0.14909863
0.6776645
0.090792656
1.0895598
-1.1148837
-1.002635
0.44449425
-1.0693166
0.34186625
0.28801775
0.00032496452
-0.44492316
-0.59023213
-0.64306307
-0.23101568
-0.24642396
0.45924878
0.6570169
-0.24632525
-0.28557587
-0.08944535
-0.03040576
0.23363566
0.4036684
-0.072244644
-0.59498787
-0.098180056
-0.22337008
0.11974335
-0.15111446
0.29929566
1.5046674
-0.2688961
-0.8745439
0.58873916
-1.4143355
-0.35165477
-0.8048892
-0.55947256
-0.8265765
-0.5580919
-0.5565858
-0.35366368
0.022201538
-0.033795595
-0.4525671
-0.09205198
0.008597851
0.42496514
-0.027025938
0.5520164
0.5634794
-0.23225093
-0.37607002
0.015778065
-0.3333943
-0.30798578
-0.0029847622
0.17210579
0.39612055
-0.9487133
0.46372724
0.78027797
-0.7763877
-0.4665854
-1.6143177
-0.31539416
-0.55297065
-0.53799295
0.04805875
0.120313406
0.100150585
-0.40426993
-0.6634953
-0.117134094
0.30930877
0.03502059
0.26542974
0.3101368
-0.009139538
-0.32097673
-0.093847275
-0.069003105
0.2525394
1.0289959
0.6192801
0.506135
-0.055556536
0.5080273
0.97798693
0.39727855
0.52680933
-0.22311282
-0.6105137
-0.00532794
-0.3534112
-0.13692188
0.074965715
0.31931448
-0.11303806
-0.55453277
-0.81081986
0.082401514
0.09609985
0.11970353
0.38372064
0.12642002
-0.33002663
-0.023060799
-0.36561632
0.16628909
0.40659714
0.30145168
1.0318807
-0.13530302
-0.86561656
-0.5214753
0.67365074
0.685176
1.6607609
0.25647497
-0.40913773
-0.015771866
0.30310583
0.16972733
0.2617898
0.308285
-0.04393053
0.038058996
-0.29525542
0.011014223
-0.4346435
0.16881204
-0.050803423
-0.0971725
0.11527395
0.1227293
-0.30711412
0.28590584
0.28716445
0.48126578
0.80289316
0.73224294
-0.73664045
0.33878922
-0.74825597
1.0085393
1.3597853
1.3182908
-0.25711536
0.19181514
0.5193362
0.25472546
0.12895489
0.36590672
-0.081118345
0.19742942
0.08061695
-0.23776293
-0.39836502
-0.15837097
-0.09022617
-0.14847708
-0.22273159
0.37131596
0.31637955
0.506685
0.29587317
0.24579597
0.9877763
1.2532536
0.25157118
-0.31192517
0.19617486
0.91360974
0.61979246
0.80575955
0.02597022
0.6389427
0.80554366
0.5360781
0.56571853
0.3425336
0.2911911
0.42687678
0.02433443
-0.36795187
-0.51850057
0.04165387
0.30603576
-0.009608507
0.2693224
0.26421785
0.23585773
0.340523
0.6431844
0.39933348
-0.4280188
-0.23328829
-1.2569737
-0.48282242
-1.3174465
0.90758765
0.114362955
0.5584028
0.82364047
0.82047415
0.55268896
0.5825826
0.66464734
0.51695585
0.030709028
0.23550701
-0.89749837
-1.0186064
-0.40591598
0.2349143
0.4992931
0.10868049
0.09629369
0.21952987
0.09882736
-0.19149041
0.21769524
0.6081252
0.56861854
0.906826
-0.90560436
0.9945761
0.110192776
0.076259375
-0.425524
0.048907995
0.7824478
0.6642636
0.5218165
0.32893896
0.4758203
0.81760657
0.42218137
0.3455937
-0.31382155
-0.65325713
-0.25242996
0.5109668
0.58973026
0.76803243
0.49099398
-0.19937229
0.15494251
0.34197402
0.016476393
0.30877376
0.61868834
1.0248079
0.008702517
0.44211936
-0.08307099
-0.65950084
-0.20693684
0.60997224
0.14783454
-0.13122034
0.5145414
0.5794631
0.45632482
0.49976993
0.5927268
-0.06055832
-0.83686924
-0.042248487
0.4074359
0.532689
0.012835741
0.54069257
0.73410666
-0.106202126
0.49808884
0.26418686
-0.44718862
0.19580841
-0.74676585
-0.4601724
-0.25822186
-0.48727274
-0.031919956
0.36728907
1.6105043
0.98282254
0.15932441
-0.10700154
-0.31315827
0.31165957
0.116371155
-0.11358571
0.19850278
-0.27840233
-0.41302156
0.21143675
0.6135632
0.48415232
0.32396102
0.6794722
0.391706
0.4027233
0.08545637
-0.42059374
0.7244817
0.50959396
-0.9634292
0.2827952
0.9963845
-0.24140882
-0.05714035
0.19291425
0.9795228
0.03514576
0.091804504
-0.09892464
-0.4018097
-0.09647775
-0.40303326
-0.011562109
-0.017937422
0.00860548
-0.12152529
0.21070361
-0.044467926
0.49958277
0.08026123
0.111118555
0.14234328
0.41421795
0.0390172
0.61135614
-0.19820213
-0.49251294
-1.0547919
-0.17822504
1.0396484
-0.37868977
-0.0019805431
0.09681964
1.3735207
0.76346505
0.65829766
0.13020849
-0.047327757
-0.23866415
-0.3760059
0.050173283
-0.008955717
0.33200216
0.16151714
0.07613158
-0.00859499
-0.07233
0.026349545
-0.44685507
0.09244776
0.102311134
-0.028466225
-0.23981667
-0.4848261
-0.6896596
-1.0023265
0.0898962
1.4882008
0.13413262
-0.1901555
-0.12287688
0.7078353
0.75210345
-0.5985346
-0.73660994
-0.23957872
-0.51000786
-0.60452485
0.06005764
-0.217165
0.08092165
0.16469026
0.47101855
-0.18832302
-0.1381259
-0.0024836063
-0.15435171
-0.28474474
-0.06562209
-0.5843489
-0.3539865
-0.7656419
-0.93403697
0.13189864
0.4176836
0.81676364
0.007603407
-0.18599033
0.08680701
0.37527895
0.28611922
-0.42135286
-1.9410932
-0.9231794
-0.85078526
-1.3506145
-1.1302233
-0.51367664
-0.26594758
0.6196939
-0.04921651
-0.6612594
-0.32324457
-0.60885596
-0.54331994
-1.0757539
-0.7826004
-0.99025583
-0.9384005
0.42133474
0.22457194
0.28434443
-0.48334384
0.99380493
-0.1874764
0.37285638
-0.020894527
-0.039033413
-1.3080175
-0.9228387
-2.1351354
-2.270328
-1.3628883
-1.6159432
-1.9828908
-2.0887
-1.3630459
-1.7839992
-1.4366715
-2.596937
-1.8652408
-1.635648
-1.523391
-1.402036
-0.9723134
-1.3300505
-1.2624907
-0.9211981
-1.5611327
-1.4269767
0.48682284
-0.19588804
0.008336544
-0.2544043
0.16467309
0.18835044
-0.122779846
0.66934156
1.4336407
-0.5021088
-0.83141184
-0.6037817
-0.790035
-1.5730805
-1.0770407
-1.4654005
-0.5327463
-1.9559376
-1.8273518
-0.6343415
-0.30475593
-0.48441863
0.24028254
-0.8889775
-0.11866665
-0.31674862
0.39353085
-0.033677578
0.01558876
0.04998803
0.16339731
