114
46
161
77
48
304
762
133
381
386
387
124
220
195
219
171
39
248
708
766
139
78
741
678
118
255
282
192
410
756
409
68
104
421
770
148
164
668
181
169
218
707
275
323
461
467
448
360
34
767
742
115
176
345
651
358
450
768
236
142
357
256
311
710
170
295
73
143
50
199
740
706
92
373
102
40
438
761
163
417
755
725
679
711
612
650
495
294
86
655
228
198
352
144
374
594
41
49
709
157
433
83
35
346
51
207
254
23
273
445
253
245
771
568
111
643
621
714
582
723
743
416
506
322
637
310
567
353
615
134
666
654
226
225
653
744
160
466
624
652
101
13
699
69
573
722
53
190
408
613
507
350
574
56
36
694
536
580
146
751
406
524
601
261
200
145
19
587
682
745
569
21
187
659
585
439
462
172
432
351
780
665
627
657
159
332
434
622
45
685
783
597
215
18
425
67
641
729
727
405
113
129
492
65
570
132
227
174
746
223
649
1
750
464
271
383
302
500
4
625
382
400
747
680
117
577
772
610
718
158
0
623
552
721
303
553
626
320
378
325
9
686
274
656
31
296
598
119
17
571
399
600
344
683
379
257
141
451
520
284
781
297
259
70
584
677
595
596
562
12
75
719
343
717
116
84
396
355
372
548
681
338
319
463
759
371
658
689
370
10
349
493
504
393
608
331
229
29
636
716
201
347
606
773
147
384
407
11
202
20
27
301
631
28
162
230
437
272
634
203
775
748
642
366
605
458
173
329
561
669
713
7
644
231
572
527
431
414
635
348
692
175
411
8
579
189
61
777
576
778
720
604
6
662
85
664
599
244
194
560
549
468
776
188
494
578
667
629
550
633
265
258
377
5
33
521
581
663
602
452
712
697
356
298
688
575
630
459
280
168
603
336
32
185
565
286
628
547
611
660
15
376
232
270
715
24
693
661
469
532
52
749
385
672
30
754
491
684
551
687
89
315
607
25
705
57
774
140
64
398
330
3
2
419
545
217
300
592
695
58
757
457
526
214
522
620
691
54
326
204
340
22
339
779
367
555
337
354
287
404
554
155
299
498
293
87
242
412
312
424
246
674
476
586
211
209
60
539
632
413
671
541
314
444
342
196
537
426
542
59
593
112
318
154
440
364
436
42
327
442
14
193
690
519
648
55
16
291
153
88
108
480
369
609
285
292
764
508
401
397
543
478
470
415
428
269
435
82
309
243
368
430
99
583
268
249
321
98
734
213
260
281
540
71
429
441
528
100
131
546
26
782
308
737
534
264
156
427
240
726
453
76
465
183
241
736
479
544
128
753
728
90
252
341
556
328
262
324
79
509
237
72
422
212
499
316
564
423
443
375
638
277
216
66
696
471
496
74
250
127
510
206
186
538
698
454
733
395
511
518
184
535
530
313
588
267
43
126
487
523
619
233
456
701
501
614
647
482
290
165
485
616
224
758
109
481
591
512
91
455
730
514
365
483
673
402
533
486
645
704
389
760
517
137
640
394
516
513
97
700
563
515
222
488
403
490
238
484
639
489
130
266
138
765
239
125
182
44
617
278
392
391
675
388
472
752
735
557
503
558
559
502
333
317
334
676
420
221
263
279
96
306
305
251
724
307
670
529
80
210
81
475
361
205
473
731
589
447
288
531
390
363
446
362
335
590
474
418
289
702
618
646
