562
563
530
531
532
564
595
523
596
594
533
522
565
556
589
561
491
555
527
367
534
588
597
566
529
557
554
521
399
490
535
553
459
362
460
528
368
593
567
408
847
376
746
848
500
335
210
879
661
375
758
849
492
688
819
526
366
878
343
427
310
501
361
342
209
721
727
363
759
458
818
552
693
720
242
598
1019
689
779
395
789
520
713
540
331
999
329
499
1000
584
745
208
812
880
977
524
817
568
1020
997
846
428
747
330
944
508
81
881
690
495
893
719
344
780
336
585
572
1021
114
1010
309
920
177
923
145
146
816
347
400
337
778
998
503
87
241
1009
726
304
332
945
781
814
278
472
176
614
502
714
862
696
144
750
119
275
633
504
311
892
494
783
571
409
978
298
441
537
280
412
50
921
507
277
489
699
407
695
811
953
216
844
966
461
850
996
665
558
610
802
986
628
861
851
952
394
22
664
1011
98
946
895
604
834
183
989
632
56
536
903
888
749
228
992
582
626
560
993
954
860
315
93
988
388
741
1004
377
118
249
943
976
835
273
86
106
55
935
788
1017
897
987
845
609
608
476
200
913
942
448
113
150
1003
420
54
877
739
674
947
836
843
260
360
80
911
894
603
276
345
1023
863
910
569
440
385
612
258
581
1001
97
777
356
616
813
74
864
152
92
66
49
42
539
1012
191
889
322
82
752
151
120
985
299
748
744
961
217
1018
548
389
607
882
738
314
312
1022
29
417
995
782
798
274
820
740
178
104
1013
357
509
875
600
770
279
354
636
107
832
318
1014
64
215
701
105
165
493
681
1
102
575
257
646
516
475
955
386
615
477
96
868
78
88
963
828
444
134
669
948
248
706
962
95
18
601
100
259
287
70
765
733
23
808
480
285
2
189
803
994
69
355
677
890
175
577
901
474
262
810
1006
764
31
815
155
824
925
103
735
325
447
68
240
218
827
231
10
640
599
90
1002
805
951
915
17
384
804
712
392
171
884
263
75
473
250
129
613
914
48
170
358
422
321
445
883
197
547
223
319
842
352
784
116
443
37
967
156
898
65
865
164
896
143
918
772
732
99
326
316
771
906
73
201
580
9
546
32
578
62
182
737
334
34
757
807
766
108
708
1005
416
694
230
938
157
5
419
254
970
132
112
751
703
379
202
364
221
236
979
576
0
442
736
36
281
243
909
873
639
3
833
294
630
769
960
969
1008
742
89
284
282
110
573
657
541
115
449
488
190
902
289
71
136
753
94
128
174
452
919
30
479
195
867
454
125
874
912
235
35
24
353
642
67
101
866
76
374
768
929
193
198
267
482
141
418
707
247
272
222
251
787
196
53
916
255
629
166
158
317
965
968
511
891
637
638
841
605
391
61
188
295
887
194
800
512
767
232
140
671
124
980
413
734
28
147
292
41
220
138
644
91
38
328
411
179
514
127
645
153
602
187
169
149
583
359
709
545
46
854
185
211
675
855
871
207
936
549
705
786
390
286
905
33
63
27
627
917
455
517
931
773
142
111
678
453
234
246
77
133
206
51
293
239
974
130
44
934
486
421
266
380
859
797
668
837
186
574
809
801
856
58
484
79
14
154
324
320
956
296
776
579
774
964
1016
123
227
172
229
60
57
513
45
606
775
728
410
203
351
483
350
16
253
184
15
958
544
283
11
957
710
876
382
680
313
451
715
109
290
135
498
349
641
635
121
139
762
291
327
984
43
870
126
387
611
799
858
393
8
72
83
163
904
225
252
160
122
510
450
117
676
907
226
288
6
137
839
297
796
85
869
39
643
