418
446
474
697
473
475
447
590
391
529
501
531
65
614
419
80
618
696
611
702
171
646
67
557
226
591
388
198
44
503
564
68
79
445
478
170
91
425
647
563
583
558
565
528
451
472
360
726
389
417
619
139
610
283
612
66
89
118
14
64
566
228
584
282
589
734
698
471
444
527
59
580
559
581
732
95
554
200
81
733
96
387
93
695
637
460
390
142
667
450
668
143
399
607
693
144
651
224
254
648
257
15
76
115
165
571
167
97
509
379
51
297
454
556
92
553
508
561
662
520
470
465
60
361
537
298
169
555
458
669
256
185
664
181
195
22
638
636
665
87
31
7
18
415
650
239
56
543
453
562
623
498
241
740
452
416
459
666
621
214
694
545
25
759
582
631
33
1
526
573
61
5
756
720
704
159
207
0
58
85
634
29
11
547
536
544
73
572
365
160
30
77
424
488
546
53
426
423
233
84
519
481
635
491
286
640
83
238
510
727
111
47
731
699
6
218
132
397
492
19
463
240
500
262
45
482
608
644
211
490
189
729
10
609
232
464
161
2
574
398
755
487
518
122
615
493
190
359
196
140
134
168
593
32
48
643
780
264
314
486
265
336
690
516
285
308
124
517
725
35
46
751
514
309
263
36
395
763
63
13
50
49
291
103
166
34
292
289
39
392
515
317
721
313
38
110
62
