523
785
620
493
656
599
370
753
816
240
239
305
619
690
631
371
470
630
817
505
466
797
345
724
456
940
786
569
238
743
401
711
313
756
815
366
303
207
537
1002
344
281
928
616
273
648
376
488
787
438
510
4
658
782
941
487
621
179
710
566
439
511
729
433
264
473
818
591
975
538
327
761
678
359
212
1010
783
424
635
585
199
972
400
617
788
946
1007
825
312
200
927
733
230
167
881
696
269
684
992
826
813
939
551
977
471
323
907
886
932
899
29
506
399
885
77
522
960
326
849
407
514
208
249
645
455
872
369
918
201
961
570
233
838
27
680
480
765
962
518
933
766
358
976
661
618
206
1018
819
154
481
742
900
82
677
520
803
698
901
896
181
440
180
770
908
47
270
384
391
235
265
152
669
1006
637
856
392
186
870
348
646
586
225
583
699
840
367
322
552
809
263
921
986
560
951
171
148
169
546
513
917
842
697
109
215
234
642
166
398
128
845
740
632
774
244
843
254
822
175
0
830
550
83
479
687
852
839
110
52
43
210
224
100
232
3
86
61
153
904
44
835
73
950
877
622
675
978
294
121
1009
28
521
702
611
291
949
202
732
798
360
485
991
131
218
674
1003
188
2
834
194
584
848
59
381
994
985
983
204
663
959
213
252
414
667
644
192
317
793
91
328
873
142
925
93
482
629
168
365
149
76
841
182
214
831
408
226
855
382
893
449
701
196
143
390
780
338
146
651
124
957
609
198
183
891
423
92
130
256
844
871
10
354
829
772
255
875
211
707
958
60
54
155
11
902
151
794
781
657
802
486
19
355
568
801
302
372
35
318
876
647
111
5
670
1019
36
987
882
97
771
375
679
349
99
887
519
737
30
926
600
916
87
981
223
895
728
197
451
541
673
379
133
136
412
296
789
639
909
41
25
536
606
117
676
104
850
132
712
101
922
122
49
288
1023
963
739
262
290
869
763
915
415
416
285
919
164
386
649
163
672
21
990
577
185
571
205
508
50
790
108
982
350
245
297
116
823
478
578
72
812
159
668
472
253
187
227
8
638
945
854
502
664
114
113
1
51
718
641
325
287
26
85
700
914
931
79
810
773
78
858
15
988
970
284
170
930
94
257
425
106
604
301
862
906
853
237
450
814
421
222
567
174
20
601
903
53
547
48
55
90
45
804
176
515
447
1011
984
353
162
209
610
203
74
760
878
545
387
955
828
7
888
241
147
231
306
484
864
859
261
410
920
300
544
413
666
9
894
286
125
383
75
316
127
517
141
1017
884
454
1016
150
757
251
857
938
706
368
248
736
762
282
274
40
105
1008
512
158
259
266
217
948
336
643
954
335
95
452
419
156
636
792
42
320
935
704
14
820
615
219
898
193
837
292
861
119
542
89
731
64
118
258
806
738
665
62
582
923
334
352
337
799
32
708
744
195
314
851
417
138
752
380
553
126
953
33
613
446
250
579
103
397
81
293
115
389
280
995
88
165
543
96
769
243
184
236
796
68
483
137
795
811
12
929
173
735
964
123
66
924
268
46
229
6
730
443
947
539
65
465
867
989
71
943
824
120
178
378
969
767
333
432
69
418
973
614
216
474
221
833
324
442
581
139
70
356
246
874
966
750
1020
751
277
426
339
605
67
764
84
56
734
453
347
965
504
80
135
319
220
572
892
934
576
777
640
22
343
311
388
189
98
634
34
228
968
703
832
980
377
717
768
315
979
140
18
808
910
705
23
190
157
283
276
501
172
549
385
1022
295
573
476
709
444
890
38
671
63
16
102
357
548
57
17
37
411
693
321
145
821
428
974
129
775
39
846
937
422
31
346
805
24
913
134
191
565
741
827
749
880
516
107
713
863
936
574
289
681
540
427
420
791
1015
112
993
260
58
1021
866
776
942
351
607
897
1001
883
865
160
836
161
575
587
868
627
612
603
509
580
247
889
800
650
745
177
602
441
997
554
406
13
633
299
725
779
860
807
1012
242
267
944
625
144
393
956
999
688
912
597
695
507
475
448
967
721
445
847
715
405
758
952
409
716
461
278
477
329
682
332
683
361
879
279
331
778
555
905
534
608
1014
996
588
309
340
662
310
1000
1004
396
275
748
525
362
719
998
535
1013
626
1005
911
533
364
503
363
298
747
307
689
394
431
429
727
308
714
498
759
330
373
628
559
726
374
746
499
395
342
341
694
720
464
556
528
497
589
430
500
590
527
593
526
496
529
557
530
494
531
561
463
596
564
495
595
462
558
563
594
532
562
