529
561
497
465
530
362
498
466
363
434
562
395
433
394
593
399
427
435
331
467
436
396
341
428
342
398
626
373
397
364
374
528
330
625
594
332
560
333
658
437
367
340
716
661
468
400
366
432
365
300
406
431
504
309
693
469
472
301
372
299
334
684
850
329
308
659
536
715
851
403
375
499
1005
402
847
819
307
440
1004
361
405
315
531
347
501
694
335
404
749
426
16
879
407
820
660
1006
302
714
974
429
500
878
274
846
581
508
781
232
275
80
473
357
346
662
748
269
540
726
310
248
910
882
809
389
306
49
746
17
845
298
113
31
343
368
48
848
683
776
849
283
304
273
818
533
865
977
844
942
768
913
782
613
813
81
816
189
814
476
464
122
808
15
401
385
