493
491
525
492
623
523
524
723
618
591
461
592
586
724
655
494
754
755
654
459
460
555
587
624
619
722
598
622
490
559
526
560
630
397
756
371
631
599
458
404
653
429
556
428
403
785
662
617
656
396
663
692
691
651
786
437
527
597
585
650
405
436
1018
753
370
554
725
402
686
528
588
427
438
489
971
761
395
629
495
949
557
728
246
435
793
245
711
685
974
312
981
1006
679
311
487
558
955
213
469
180
843
787
278
652
620
986
468
975
518
240
457
743
842
486
939
506
430
1007
729
635
992
985
538
959
825
344
950
179
265
982
837
876
993
348
4
792
474
343
406
816
649
570
168
181
771
680
766
505
569
994
987
286
372
192
872
784
214
359
697
611
815
207
667
830
212
279
960
817
675
266
1019
948
239
991
224
244
85
924
167
886
574
52
3
765
826
414
256
378
908
957
297
147
707
284
61
603
513
922
522
990
310
483
916
12
927
970
57
271
381
26
148
0
798
455
162
871
701
973
25
712
149
875
227
870
13
481
380
838
45
829
411
226
482
514
840
296
543
670
877
938
117
605
234
857
202
869
363
133
60
874
247
51
11
972
169
760
142
136
453
958
318
669
59
84
195
327
365
89
794
201
163
470
839
804
449
940
634
15
537
443
644
668
135
478
739
578
426
29
379
953
44
907
926
322
413
132
77
91
199
313
628
637
221
998
166
636
677
316
349
323
43
643
917
855
285
906
961
450
770
277
515
225
138
867
905
645
638
672
353
805
740
105
705
806
390
925
423
364
46
7
604
937
704
512
733
288
86
384
710
255
544
519
141
326
193
479
678
858
83
174
170
772
932
154
14
510
320
291
159
233
253
861
160
317
841
577
696
281
416
863
822
441
116
173
956
215
121
115
161
821
387
106
175
20
579
700
573
272
157
910
398
200
442
110
647
854
137
79
546
191
422
946
936
350
702
194
410
900
862
143
358
62
103
5
222
447
473
254
40
673
47
904
962
134
72
68
606
58
21
19
451
6
382
140
967
835
75
94
53
118
188
321
287
90
55
126
36
109
757
738
731
324
979
448
108
550
67
54
182
264
836
732
790
797
82
734
73
153
660
351
283
27
894
156
231
928
357
909
78
742
488
609
30
767
130
352
97
545
803
575
868
220
325
608
610
885
919
576
995
111
104
185
887
963
648
737
873
319
549
187
232
155
964
354
28
158
893
196
131
125
88
41
788
642
252
627
74
139
484
774
664
9
480
799
1022
895
890
421
477
539
203
965
65
389
676
258
601
120
809
290
280
33
208
35
769
219
412
930
10
889
997
735
122
708
646
24
775
383
446
452
456
229
261
76
859
566
69
941
34
293
127
186
165
251
773
189
2
996
37
292
607
674
95
417
93
823
22
347
48
172
898
1023
730
295
107
891
198
831
294
345
356
802
698
485
709
151
8
42
639
551
391
16
789
257
848
796
834
190
114
150
666
66
184
101
39
800
38
50
462
699
856
409
541
444
128
509
355
923
32
613
129
902
706
377
17
183
249
918
248
517
303
547
100
929
259
263
844
92
217
49
896
866
56
282
901
736
571
112
171
123
218
454
978
920
289
415
250
146
71
580
966
206
1
641
376
328
388
418
235
933
70
375
164
612
768
385
102
223
374
954
903
572
262
113
152
23
542
230
827
314
96
568
119
632
176
934
64
833
671
445
386
315
764
63
476
511
87
600
824
899
419
260
744
921
581
860
124
845
548
828
915
99
144
616
695
309
18
931
273
346
892
878
98
897
807
801
197
762
888
913
945
342
741
951
988
811
810
81
640
968
80
884
1020
661
475
703
238
989
791
408
145
943
305
1021
865
976
980
540
763
983
216
31
818
864
228
832
516
846
944
237
270
420
440
204
552
1008
205
584
614
665
1009
520
847
602
425
795
912
596
331
808
853
211
935
947
178
508
582
914
276
243
813
814
849
942
439
687
241
304
820
300
969
776
1017
1003
659
633
507
911
693
424
681
306
1002
977
236
583
302
407
177
615
332
536
779
1015
812
590
274
952
553
394
298
269
778
268
883
880
308
567
780
393
984
275
881
850
882
1005
299
360
713
879
330
999
209
329
267
392
373
852
819
472
434
777
471
1010
1014
565
727
362
338
504
783
301
1016
759
1012
501
1001
851
752
467
595
758
521
463
242
502
745
694
721
496
333
684
341
747
682
1000
1013
361
782
746
210
1011
1004
781
690
714
593
626
621
625
534
658
307
726
337
340
401
339
748
594
715
503
751
683
466
589
369
718
431
366
717
336
535
334
689
500
533
750
657
749
464
688
335
719
561
716
720
433
399
497
498
529
367
499
368
465
432
564
562
400
563
532
530
531
