249
250
278
359
745
107
360
332
194
195
742
341
193
331
69
166
358
746
222
357
221
738
70
90
667
695
584
555
248
277
343
586
251
737
384
165
220
328
223
408
110
706
37
315
572
528
434
316
369
62
717
368
313
736
136
665
356
616
48
303
651
639
587
751
774
371
691
479
735
510
147
304
299
664
191
480
164
620
657
380
731
317
556
462
569
625
507
353
290
407
342
318
241
688
120
329
568
383
345
355
386
89
35
710
122
330
36
692
78
314
144
13
387
50
23
435
464
583
66
372
152
91
34
398
732
714
436
361
21
128
47
112
327
54
163
38
116
230
151
385
51
463
527
687
410
608
68
63
690
64
8
57
229
370
663
500
509
245
326
672
554
619
300
437
175
301
409
727
455
273
451
177
365
700
196
24
660
17
389
139
685
499
471
126
2
119
445
10
636
630
111
39
20
684
218
83
637
611
61
141
400
553
233
417
481
155
52
757
148
60
755
41
124
40
658
662
644
581
395
302
476
204
121
666
5
31
87
18
53
167
728
388
607
22
562
202
200
7
67
473
232
454
174
15
14
172
478
257
702
