590
474
670
446
362
197
96
334
171
696
283
306
390
618
676
477
705
646
114
724
44
335
418
449
647
675
89
708
505
115
143
311
92
391
557
473
472
531
305
589
169
363
517
95
669
221
81
251
744
256
91
529
668
109
43
563
707
503
117
80
450
333
144
648
743
138
451
94
90
641
706
307
255
591
719
747
745
118
137
558
74
535
145
642
123
93
556
502
447
421
282
741
709
746
693
479
583
614
678
444
312
769
97
475
712
726
104
361
702
79
98
650
279
222
767
544
766
619
752
99
748
764
452
389
340
710
507
86
518
170
698
742
130
528
199
225
655
718
228
471
181
651
491
677
388
779
770
749
753
278
120
100
506
151
177
65
580
525
679
208
178
125
119
127
498
124
738
768
142
653
174
559
126
771
733
349
204
649
76
480
179
67
739
419
740
526
697
460
153
64
176
172
425
121
152
731
555
499
523
303
198
657
234
652
254
440
56
296
180
554
6
201
714
230
297
149
527
231
257
448
1
148
25
147
302
782
14
667
673
730
700
501
728
413
261
301
16
300
737
232
354
84
4
202
31
672
26
298
200
735
551
345
15
326
0
759
54
356
229
500
524
7
22
553
319
417
695
626
226
24
299
373
325
331
442
328
736
734
196
412
355
405
343
435
329
330
327
175
385
324
132
357
358
359
360
