464
496
395
462
364
622
650
394
363
467
682
465
528
627
468
683
715
340
497
529
373
341
433
396
714
429
374
426
430
401
704
365
561
716
466
402
372
626
593
574
499
653
498
332
737
436
530
651
397
435
362
406
371
625
654
705
331
463
673
346
652
1015
319
63
252
560
475
405
31
575
684
543
594
220
590
342
434
768
446
591
1005
48
251
431
370
432
911
283
1011
672
628
437
1004
411
16
425
189
333
781
649
469
748
403
1007
15
736
606
308
91
127
562
315
158
681
90
912
1006
802
17
592
983
623
447
314
95
122
445
1016
573
747
212
347
763
500
879
984
428
404
494
510
204
287
157
857
221
443
979
1012
542
875
685
1010
706
427
58
247
476
769
301
300
477
942
222
159
284
188
309
914
26
393
123
316
658
89
605
629
318
485
856
775
398
881
974
882
946
943
638
1014
453
236
235
874
233
351
880
161
929
495
808
541
438
1009
850
137
244
800
455
731
211
378
174
607
717
841
59
203
851
232
888
125
264
57
1003
840
85
509
205
191
807
973
978
339
116
699
640
479
79
980
545
843
375
700
472
780
248
126
507
66
710
913
864
852
508
686
25
444
659
865
139
820
746
975
179
40
923
776
517
129
246
162
280
234
832
897
115
98
677
863
539
261
581
67
330
231
952
836
713
809
279
34
237
898
641
140
853
735
117
642
260
35
167
65
764
307
774
828
71
732
423
329
838
138
163
172
1008
922
871
674
657
478
1023
473
154
96
293
107
39
454
291
901
831
72
320
76
190
676
679
121
829
148
229
655
193
991
859
709
889
353
80
136
103
33
854
292
38
837
8
540
827
299
796
321
230
160
130
298
869
262
173
873
324
131
988
268
694
6
839
845
644
795
643
902
636
868
7
422
164
618
70
49
52
407
516
253
361
355
421
180
797
484
228
135
323
612
11
147
900
513
354
1022
325
69
322
678
806
99
12
442
549
195
165
964
814
141
738
519
708
108
579
379
823
171
518
804
166
933
194
452
81
548
1020
956
883
177
278
812
773
847
169
128
101
801
739
861
504
860
290
997
965
275
32
386
1001
156
255
577
957
243
559
930
83
97
47
646
416
104
102
707
384
88
830
799
767
894
1021
892
675
265
168
206
487
578
210
42
474
580
924
547
267
200
417
197
390
84
805
637
202
945
143
740
352
216
932
201
196
185
546
133
226
37
798
611
610
968
418
876
544
893
36
41
1002
178
112
846
5
967
870
259
257
1013
296
934
134
772
486
944
266
951
634
858
741
506
712
227
389
810
862
819
356
198
794
926
645
44
225
199
245
514
927
100
2
966
695
791
224
289
214
742
410
648
192
258
609
848
132
360
64
0
263
727
925
326
114
958
68
175
998
3
219
357
9
824
821
256
441
698
385
969
288
10
481
448
777
43
254
908
833
989
647
571
269
903
891
383
576
959
276
73
744
50
537
505
990
223
213
24
811
501
743
294
760
938
270
866
511
878
27
849
218
184
483
872
75
56
999
726
670
782
45
450
976
343
955
661
608
895
994
297
512
550
482
996
582
569
766
813
604
449
515
826
1017
1
149
919
111
74
962
867
419
420
77
935
217
711
170
209
668
970
701
176
834
680
86
4
388
155
842
186
941
109
947
311
61
480
151
124
345
277
387
312
451
338
762
887
424
697
51
328
250
669
667
603
844
106
792
921
456
778
215
208
150
238
693
920
790
18
910
119
310
884
953
915
1019
92
987
327
985
152
633
899
14
931
415
551
13
274
392
639
602
663
377
937
855
391
613
624
728
615
285
660
758
181
78
82
142
183
53
286
20
822
207
118
187
583
779
666
770
971
242
348
729
93
890
771
295
885
616
630
153
144
145
105
940
759
734
239
995
905
982
570
981
803
358
313
146
835
749
62
948
950
572
907
877
30
302
87
761
954
538
702
662
110
671
55
382
635
359
939
718
909
21
745
60
317
23
614
1000
409
665
789
904
793
488
240
936
733
94
906
825
597
22
113
408
972
350
249
241
818
440
916
765
896
918
993
725
730
692
120
54
886
928
46
344
470
703
696
369
349
558
182
414
376
28
961
816
412
601
306
963
815
334
687
271
303
986
282
281
817
413
536
788
533
598
783
19
380
526
527
960
617
273
656
664
949
568
724
977
691
566
461
1018
784
917
787
272
520
565
531
534
305
631
439
688
29
757
366
502
532
750
992
619
304
381
584
756
632
335
552
690
599
337
786
567
400
719
336
600
621
457
785
751
689
720
471
755
368
723
399
753
721
722
752
459
458
595
754
535
367
503
563
489
596
585
525
521
553
620
493
564
460
557
586
490
589
522
554
587
492
491
524
588
556
555
523
