0.078017
-0.096503735
0.12864327
0.063593864
0.075633764
-0.011484146
-0.03995514
0.10453367
-0.056344986
-0.029299974
0.006068468
-0.056215525
0.48524117
0.63197994
-0.22197938
-0.06007266
-0.10442972
0.030675173
-0.0733459
0.0035851002
0.08514285
0.13518405
-0.067139626
0.0044789314
0.09318638
-0.18627477
0.004003763
0.15663767
0.1431067
0.021108627
-0.19749236
0.020813704
0.121299505
0.08678889
0.7390866
1.0138206
0.60244274
0.27638555
0.72723436
0.6036949
0.54743457
0.5817869
-0.1672008
-0.5350368
-0.84478736
0.27749705
1.0160358
0.8733158
1.1011348
0.59413457
0.7750113
0.3347907
0.12458968
-0.01615262
0.1313827
-0.08720517
-0.14048433
0.12461758
0.15789628
0.24101329
0.48725867
0.23432612
0.899734
0.99148226
0.32415032
-0.26560903
0.8181727
0.117934465
0.44957185
0.48594713
0.25019598
0.088792086
-0.502223
-0.28502202
-0.5784261
0.2391634
-0.16120887
0.20277977
0.51617885
-0.15241885
-0.9636526
-0.9137809
-0.03337717
0.05010104
-0.028306484
-0.03946328
-0.39786792
0.42127252
0.54961896
-0.57463026
0.10329318
-0.31715226
-0.5571072
-0.19363904
-0.407964
-0.517498
-0.9149027
-0.38717532
-0.58885527
-0.592664
-0.41299224
-0.20171261
-0.22116494
-0.0100951195
-0.63104033
0.031907797
0.2904377
1.1172583
-0.20815659
-0.9069059
0.5333047
0.13610363
0.12421012
-0.31611466
-0.7831447
-0.95906687
0.9016359
-0.20159435
-0.4628427
-0.06902528
0.14758587
0.07171464
0.016403913
-0.17537737
-0.2145145
-0.17798877
-0.23569489
-0.3283429
-0.15911531
-0.025162697
-0.35307813
0.0006456375
0.13444853
0.17954445
-0.23314905
0.77367926
-0.2049129
-0.7254925
-0.60047674
0.4899242
-0.024684906
0.05634737
-0.05991316
-0.8595066
0.23417234
-0.0923574
0.36797976
0.091780186
0.12143946
0.07008433
0.02747631
0.0056922436
0.21527767
0.051113844
0.193326
0.035721302
-0.4039266
-0.07365918
-0.28844523
-0.04588318
-0.1688118
0.01925826
-0.35792804
-0.007846117
0.18034148
-0.5288148
0.5644057
0.78156185
-0.0403502
-0.9096055
-0.6002884
-0.9959965
0.3581128
-0.03333664
-0.20585442
0.25277066
-0.19591498
-0.4323659
-0.2498374
-0.06110692
-0.04419923
0.06444597
-0.012659788
0.055514574
0.19451046
-0.16765356
0.18288255
0.040595055
-0.029549837
-0.009817362
-0.12791824
0.0485785
-0.29347014
-0.25558138
-0.0803988
0.004314661
0.19063377
-1.3833184
-0.36625695
-0.38100672
0.20968747
-0.104215145
-0.13867188
-0.10975218
-0.31651664
-0.0374012
0.05720234
0.12687731
0.14163756
0.1942091
0.30750418
-0.0116865635
0.05588007
0.08645463
0.038632393
-0.08019352
-0.22187376
0.02961564
-0.121709585
0.17891169
0.22800374
-0.19860315
-0.35896683
0.032019854
0.072500944
-0.25123262
-0.17477918
0.3992424
-0.08984089
0.24726677
0.08467746
-0.072013855
-0.001455307
0.058635235
0.15758681
0.07087183
0.03459692
0.03360939
-0.11426926
-0.15339041
-0.017412186
0.33160782
0.17048287
0.08795977
-0.12541604
0.18419433
-0.1620326
0.013901472
0.7907381
0.3448782
0.074560165
-0.24275613
0.09833574
0.2262547
-0.1373384
0.28049588
-0.4554994
-0.12887073
-0.15544629
-0.16915393
-0.009912968
0.042501688
-0.009451151
-0.08045149
-0.2483983
0.12589407
0.029404402
0.005678177
-0.3073721
0.08081365
0.17171216
-0.026686668
-0.21570349
0.09801531
-0.37184286
-0.12375426
1.0181401
0.58953166
0.3581636
-0.45159245
0.055589437
0.6539128
-0.5179715
-0.63565326
0.01158905
-0.19923472
-0.33981514
0.028611183
-0.10298967
0.17627406
0.24621892
0.27846932
0.36031675
0.21600723
0.28812623
0.20757389
-0.028721571
0.2852583
0.09465909
-0.0044476986
-0.08131337
-0.035342455
-0.18570685
0.11769247
0.8173306
-0.098103285
-1.0353794
-0.5618267
0.6117673
0.4314139
-0.06260395
-1.0396392
-0.39766717
0.004727602
-0.08871937
0.49474692
0.31360698
0.47051716
0.61465335
0.36531258
0.6593969
0.5448947
0.3130436
0.096259356
-0.13289404
-0.09870386
0.015892267
0.12523675
0.24384713
0.32242465
0.31641912
0.6476948
1.0069742
-0.05688429
-0.46495676
-0.46620417
0.7411413
-0.028972149
0.036969423
0.015433788
-0.19247198
0.36100197
0.5904858
0.73273945
0.45959735
0.6136594
0.18169308
0.6055851
0.17318368
0.26955295
-0.0864687
0.14193153
-0.057035685
-0.24366593
-0.11440539
0.100774765
0.19117284
0.60559654
0.71312594
1.2285686
1.1794746
-0.26481056
-1.1545899
-0.47613287
0.29015732
0.26964235
0.4583547
-0.29690886
0.74529815
0.7263243
0.7297616
0.8621316
0.6718676
0.45903563
0.38138103
0.1515274
0.16147947
-0.015089989
0.016506195
-0.36421204
-0.22826457
0.042808533
-0.041390896
0.14255214
0.1864326
0.25285602
0.5978508
0.448982
-0.18498969
-0.4956019
-1.3064103
-1.1931684
0.28061438
-0.19003654
0.8300061
0.142066
0.16256475
0.63929534
0.42633724
-0.025702
0.10604787
0.11613107
0.017848253
0.22313476
-0.20832086
0.13189554
0.006973982
-0.22123599
-0.1281631
0.1981349
0.017386913
0.13141727
0.023073673
0.023967028
-0.06244707
-0.04688835
-0.12617159
-0.13616061
-1.2902119
-0.4882362
0.48479247
-0.71084213
0.37495232
0.1693821
-0.3933215
-0.34802198
-0.06934643
0.24331737
0.04011941
0.08644819
0.23132873
0.105988264
0.013702393
0.056176186
-0.23177838
-0.17006993
0.018671036
0.16933608
-0.07040906
-0.2799449
-0.17733383
-0.32559872
-0.056936264
-0.11193824
-0.7575326
0.12649155
-1.4193528
-0.8665395
-0.19884491
-1.1684947
-1.0074828
-0.90856576
-0.60222983
-0.2066145
-0.23608756
0.0655849
0.14374328
-0.2156117
-0.06293678
0.1269064
-0.2796309
0.110705614
-0.18553424
-0.024592876
0.10664415
-0.18452859
-0.12757444
-0.17587447
-0.12100363
-0.3082683
-0.3802123
-0.45712495
-1.0156996
-0.6159308
-1.7484314
-0.7870977
0.089194536
-1.0876763
-0.3824482
-0.63645935
-0.23365831
-0.20650816
-0.4028616
-0.1476438
-0.03301072
0.12047291
0.16708851
0.052752256
0.003361702
-0.02504301
-0.1193707
0.04362154
-0.05624652
-0.030685902
-0.18461251
-0.33593655
0.12768221
-0.19012928
-0.32361794
0.033792257
0.19735193
-0.16750717
-0.6319816
-0.46623015
0.16007805
-0.9060192
-0.2990632
-0.539063
-0.4471569
-0.56157446
-0.32127452
0.08115363
0.08326149
0.33301497
0.29519224
0.21229339
-0.28455114
-0.10482836
0.014285326
-0.13265514
-0.20879912
-0.17370248
-0.2089858
-0.42044926
0.0031061172
-0.14864993
-0.14333105
-0.078106165
-0.56721497
-0.67393446
0.16430402
-0.8073802
0.25289464
0.35978723
0.4399209
-0.4165895
-0.5364826
-0.5872786
-0.40932584
-0.16174936
-0.14348364
-0.082556725
0.16122103
-0.027517319
-0.16702199
0.15372968
-0.063272476
-0.05029106
-0.15447044
-0.33825898
-0.15523648
-0.0076708794
-0.08650708
-0.13056374
-0.11393905
-0.096600294
-0.68736076
-1.1267011
-0.58074427
-0.084718466
-0.036236048
0.22090387
0.1105628
-0.6750729
-0.759578
-0.71204567
-0.8460069
-0.42161965
-0.30772638
-0.37197256
-0.017259121
0.20092821
-0.06951785
0.04251194
-0.022180319
-0.009087086
-0.04102564
-0.1263938
-0.24006128
-0.14021826
-0.42107224
-0.27237487
-0.089925766
-0.59955525
-0.17166758
0.06990194
0.14402604
0.50126886
0.14474463
-0.63393235
-1.695235
-0.5167577
-0.16227388
0.22858977
0.0081169605
-0.13537264
-0.08682275
0.06901145
0.0019006729
0.024431944
0.0026378632
0.006506443
-0.06685734
-0.049224854
-0.31524014
-0.002907753
-0.06185341
-0.25878692
0.132756
0.11639142
-0.5697491
-0.36691952
-0.23510408
-0.07755256
-0.5920179
0.16952729
0.16061306
-0.02464962
-1.1301289
0.015513897
0.37610698
0.08153844
0.05976844
-0.11815715
-0.013595343
-0.043118
-0.051154613
0.059869766
0.028735876
0.007363081
0.07933307
-0.0008409023
0.06555939
-0.023269176
-0.040482044
-0.01682806
-0.12341118
-0.040551662
-0.24506569
-0.16184998
-0.09352541
-0.34745502
0.13053584
0.22152519
0.16883206
0.08972931
-1.0141513
-0.83231425
-0.45761824
-0.04875207
-0.38627458
-0.29955363
0.016569614
-0.21909404
0.08636713
0.32544255
-0.008517504
-0.026180983
0.007981539
0.14397287
-0.0069100857
0.023430347
-0.28647995
-0.17705488
-0.04025078
0.1547482
-0.076481104
0.05753684
-0.6855216
-0.7797909
-1.011759
-0.1977961
0.036873102
-0.13834906
-0.20674157
-1.0115395
-0.8976269
0.26525617
-0.610065
-0.12869215
-0.03930521
-0.1897254
0.025740385
0.1359818
0.046327114
0.22913504
0.36098242
0.09011364
-0.20330858
-0.59100246
0.087726355
0.24741602
-0.09437585
-0.6793654
-0.058098555
0.376832
-1.4263332
-0.5067048
-0.6319053
0.106724024
0.049891472
-0.06114745
-0.61856675
1.1716053
-0.3496275
-0.47936535
-0.34322476
-0.10400009
-0.4805975
-0.26913714
-0.3349321
0.106630325
0.47867012
0.19348049
-0.005995989
-0.17537928
-0.23106742
-0.21085095
-0.12364054
-0.31899762
-0.012636185
0.2769177
0.14423156
0.46275306
-0.4809215
0.5512595
-0.81278825
0.047614813
-0.17393684
0.055538177
-0.05777526
0.56597924
0.2788105
-0.25826716
0.057845354
0.2166996
0.32247233
0.23863387
0.047523737
0.044618607
0.33604717
-0.06728339
0.20851064
0.11407375
-0.20773673
0.17253971
0.19887853
-0.34921002
-0.44157362
-0.285192
-0.055071354
0.5529289
0.0601995
-0.15592432
-0.075939655
0.18724322
0.09872079
-0.03368163
-0.10629058
-0.06566763
-0.03381276
-0.06867647
0.29796195
0.26477718
-0.064968586
-0.20871472
-0.041587353
0.119763374
0.33714247
0.27262545
0.4697969
0.69723797
0.42261887
0.7471566
0.6918998
-0.06350541
0.04604721
-0.1630683
-0.009853125
-0.5603435
0.0700624
0.03096056
-0.031541586
-0.06922674
