417
228
282
564
94
44
478
128
130
479
70
621
555
279
689
283
396
525
749
457
572
246
651
98
462
156
490
406
14
154
614
388
433
671
152
356
736
25
149
95
669
30
653
69
458
294
341
733
284
144
200
657
501
666
623
353
151
609
302
655
493
673
544
668
629
148
600
608
378
153
16
496
536
182
650
131
512
451
383
554
487
622
543
432
594
667
639
349
174
469
497
120
158
435
730
175
665
431
180
517
55
184
513
119
759
68
160
599
597
491
26
463
598
641
634
263
659
444
628
265
407
441
134
638
627
553
264
218
613
161
240
22
127
425
603
56
15
295
301
409
211
635
570
159
565
630
649
624
405
719
595
606
132
511
328
404
573
692
300
351
468
29
514
271
5
230
582
96
412
287
207
315
232
656
592
186
18
662
376
188
605
370
187
575
626
664
97
321
1
256
516
314
214
494
293
455
631
367
436
518
147
408
201
380
596
262
121
440
213
395
288
423
217
464
324
53
484
542
625
632
492
581
574
426
640
637
212
379
84
611
327
437
612
229
266
155
770
377
633
521
83
438
146
285
326
752
467
322
141
413
352
524
255
660
24
727
485
602
552
481
384
31
601
453
515
273
270
183
85
157
654
189
244
239
4
546
519
233
208
571
636
205
424
11
79
411
190
684
257
466
272
476
483
540
339
661
235
181
645
261
202
122
604
203
350
658
576
465
123
245
551
520
381
486
537
215
734
610
7
275
325
231
206
2
260
547
316
0
267
241
403
729
348
298
338
456
577
538
720
111
185
619
663
258
385
176
398
382
290
755
691
569
756
704
269
179
644
289
780
216
196
439
33
303
173
313
209
299
236
32
510
310
410
323
428
242
66
568
539
422
454
550
695
579
126
522
268
58
238
694
64
548
495
541
329
210
545
237
699
340
482
400
508
354
296
312
504
204
234
330
124
430
750
500
375
567
227
562
578
690
607
292
399
366
427
125
778
297
286
365
751
429
580
593
172
771
523
480
51
291
445
317
178
357
615
549
415
343
566
259
243
331
732
373
509
643
725
320
677
12
452
224
177
740
59
139
308
87
358
344
387
722
36
60
721
774
374
13
372
318
345
360
731
309
336
45
34
723
347
386
394
773
332
533
561
371
167
116
359
35
47
48
135
40
39
63
46
703
