71
670
72
70
69
75
142
96
76
65
68
74
67
93
117
450
559
73
66
97
143
94
531
642
557
422
92
114
90
477
197
505
590
145
588
278
646
223
621
251
64
118
144
46
91
591
79
122
364
277
228
335
613
78
250
529
333
616
334
698
166
225
256
50
48
617
618
12
649
363
306
86
620
305
36
49
195
38
37
421
98
607
35
255
648
222
578
34
120
362
507
138
724
95
77
635
115
572
688
570
619
51
532
169
636
678
558
449
43
568
761
610
702
608
569
146
162
200
100
167
125
767
609
580
586
637
707
104
571
361
594
88
227
194
161
99
47
582
199
753
211
119
577
663
708
760
579
408
606
42
108
563
113
87
633
726
598
605
63
89
13
634
139
765
611
147
128
585
183
589
229
431
60
392
259
587
436
576
622
265
171
595
567
246
543
170
432
592
723
556
662
479
254
769
52
757
82
126
381
739
525
127
124
766
758
253
645
701
541
372
459
599
172
260
625
216
747
676
131
696
548
156
581
393
123
783
550
28
141
653
3
121
658
163
743
768
472
283
238
775
772
542
597
159
110
671
681
596
782
624
730
2
29
650
45
583
458
706
58
535
674
33
460
651
158
600
473
380
62
61
281
549
239
566
279
30
693
709
675
552
182
373
476
451
623
687
164
321
8
320
224
209
712
16
20
744
215
463
779
193
745
555
201
240
656
755
632
523
728
524
630
539
21
544
19
389
654
352
673
593
495
27
26
152
349
5
212
190
17
762
192
478
519
749
679
746
659
604
24
178
764
695
491
55
181
296
234
231
268
184
57
217
384
729
4
376
560
499
10
781
101
601
0
25
691
237
273
661
554
497
522
241
530
243
413
210
420
332
639
56
426
498
641
626
109
467
351
84
153
149
7
660
644
447
536
235
665
324
474
244
1
771
133
186
700
553
53
203
526
173
230
160
116
404
379
754
293
32
130
54
343
214
336
657
664
506
573
638
187
179
667
741
457
686
759
22
540
85
517
112
154
226
719
31
518
735
266
508
725
684
274
155
727
435
188
689
83
777
102
249
311
683
672
655
261
546
629
652
780
547
180
520
748
337
469
236
405
319
14
111
365
174
489
280
770
310
677
722
219
307
294
442
575
740
308
464
23
731
269
699
720
407
736
140
409
773
354
468
470
304
132
325
441
756
345
177
682
669
176
690
488
400
371
763
704
295
9
242
245
347
551
206
284
348
346
382
527
80
11
737
692
377
385
175
6
81
18
129
218
370
189
208
685
390
282
331
738
496
448
103
312
627
207
440
107
516
487
150
185
411
275
640
353
705
290
196
168
584
213
204
15
322
264
545
513
326
191
521
44
297
327
157
233
697
202
374
323
396
401
412
262
714
252
410
528
366
403
205
615
453
466
711
430
344
680
443
427
494
437
309
574
263
538
603
286
388
406
718
710
715
486
647
511
291
504
342
631
480
438
415
502
414
313
490
713
272
399
232
360
717
267
492
258
439
433
391
732
301
270
564
378
276
612
602
287
134
302
703
288
317
151
292
315
271
429
721
461
198
428
303
289
425
445
666
454
512
515
417
514
394
341
485
483
484
359
456
751
774
455
135
