328
69
357
733
355
48
42
365
763
2
110
281
20
762
21
46
27
643
327
115
731
771
703
10
363
672
81
138
647
356
455
422
199
32
358
92
171
456
144
45
5
90
379
619
614
117
735
754
448
31
73
473
674
105
329
255
114
530
478
33
55
778
120
145
79
84
49
501
394
391
700
116
744
427
393
87
76
172
283
642
726
392
730
454
24
103
30
702
26
41
256
71
70
63
310
336
776
724
66
633
308
759
102
755
64
708
104
95
416
750
660
419
738
586
386
34
8
480
164
563
444
764
748
634
101
407
535
709
91
484
463
299
398
649
426
96
632
423
435
312
173
453
425
330
174
351
606
395
77
678
734
338
661
711
147
415
100
663
743
605
500
399
679
431
201
97
712
318
710
131
556
202
12
713
680
714
704
385
766
384
737
53
317
300
564
577
693
411
316
313
578
483
715
367
665
604
440
412
460
99
472
741
651
121
432
397
681
576
266
406
469
662
434
194
414
443
291
545
536
290
706
278
230
439
403
65
682
204
441
289
467
692
468
549
459
232
524
720
396
373
428
523
295
370
583
288
359
404
555
522
98
690
528
271
519
383
413
369
551
265
498
137
462
198
149
270
683
272
503
344
231
482
261
368
402
242
520
250
548
592
517
214
60
387
167
546
233
525
514
547
664
552
122
668
742
123
259
226
78
716
509
495
180
470
497
323
179
286
298
253
184
494
182
206
688
621
260
183
405
301
268
185
205
729
526
496
505
371
178
177
761
593
521
287
684
181
489
707
128
314
341
550
461
516
579
263
433
533
262
772
515
140
264
513
652
124
565
544
269
518
673
622
372
554
58
400
781
687
213
691
511
302
481
611
93
582
378
18
442
699
6
450
112
207
9
401
756
150
580
446
258
315
15
512
696
675
374
588
345
7
29
62
186
125
488
749
111
616
420
695
510
234
108
617
267
126
553
694
650
718
366
35
0
151
343
215
719
575
176
241
653
477
745
527
127
623
285
574
471
537
346
610
475
581
717
203
296
342
585
685
543
11
160
224
408
152
493
626
490
273
47
601
424
627
196
227
635
243
620
228
640
628
561
624
637
303
732
83
609
638
4
136
740
208
235
161
701
25
492
130
669
698
721
80
666
723
739
162
758
727
466
782
88
648
13
51
331
529
340
334
306
689
644
360
607
639
245
508
236
768
636
279
608
613
421
654
765
82
229
452
68
600
539
499
760
602
89
382
667
532
773
61
603
216
615
645
504
686
612
169
153
292
558
257
777
319
244
143
671
240
641
775
584
590
309
573
449
438
705
418
94
388
746
274
557
142
297
430
725
57
294
445
562
132
375
767
52
159
747
476
486
148
19
14
129
377
774
3
625
197
487
107
225
376
485
587
779
246
251
28
491
170
364
113
237
598
417
337
17
629
187
751
757
752
109
252
339
217
429
542
630
119
502
158
311
599
166
722
85
223
280
54
209
655
141
389
597
175
50
23
736
670
221
16
168
594
284
335
631
139
154
728
780
457
254
770
133
324
458
293
43
118
591
134
239
238
753
218
39
36
155
322
277
38
540
188
479
333
40
195
146
541
200
769
307
157
589
560
783
531
410
349
646
676
658
474
559
326
325
305
596
534
163
59
657
350
436
677
189
656
37
332
56
1
538
697
361
447
86
572
659
465
220
22
275
282
304
165
135
67
571
380
507
354
44
506
381
451
362
353
352
212
75
249
210
570
409
464
72
192
618
156
347
222
348
595
390
193
320
321
190
74
106
191
211
566
437
569
567
247
568
219
276
248
