491
492
655
659
623
654
435
754
686
490
723
434
272
598
755
271
459
816
652
817
785
685
653
467
436
457
304
620
466
460
489
458
660
619
784
815
470
648
566
691
624
786
630
305
591
523
787
616
468
971
818
599
722
756
631
456
692
469
724
1010
437
977
366
273
424
592
656
487
788
488
617
753
402
370
585
403
303
404
946
782
813
783
569
940
313
819
371
975
537
658
680
1002
538
327
551
179
392
240
711
438
678
239
439
522
505
849
941
710
524
520
345
455
281
743
618
583
473
238
506
502
326
646
359
207
269
848
376
978
550
972
471
518
661
358
1007
881
797
635
645
399
440
690
201
171
264
939
684
570
845
360
761
401
552
584
175
200
407
270
1006
976
4
77
629
712
621
586
398
729
1009
679
918
110
344
510
391
927
951
838
677
230
294
696
212
181
142
870
872
843
180
886
789
199
263
699
565
390
622
511
877
632
733
945
698
521
907
232
235
400
29
514
601
885
208
742
143
600
493
876
323
408
611
825
1011
844
790
904
148
780
194
348
928
774
983
1003
44
826
822
481
882
225
647
908
803
669
900
839
856
766
820
109
262
899
111
765
560
47
186
188
472
154
27
932
609
949
675
546
642
291
991
637
702
962
423
961
254
328
485
169
651
167
131
871
486
571
433
959
925
206
226
3
992
674
214
196
901
814
1018
82
875
850
317
740
960
197
501
215
770
48
914
798
830
701
513
663
2
649
384
130
322
921
252
534
91
482
198
83
577
100
61
99
1023
480
152
166
896
707
312
831
93
835
454
224
578
479
909
933
893
153
28
917
673
43
519
0
233
986
218
73
124
76
59
52
994
802
732
155
318
128
902
667
234
737
834
86
249
11
891
852
449
985
957
644
151
49
204
697
687
829
541
950
597
533
170
209
79
121
517
114
641
581
919
92
176
990
382
670
54
837
182
664
192
261
117
412
163
174
1019
227
582
895
801
639
350
739
253
812
202
728
60
958
926
414
164
255
859
771
10
149
354
30
211
545
869
375
256
672
244
87
25
146
447
5
842
210
223
41
36
386
793
132
183
168
381
478
85
187
72
970
773
858
365
104
610
987
122
21
50
757
568
888
287
213
614
922
963
349
185
931
159
290
133
930
547
916
355
231
97
772
288
915
7
285
544
887
94
894
136
19
55
53
416
474
828
106
676
9
286
325
864
90
576
116
988
8
251
804
606
700
257
415
74
867
20
706
760
101
150
567
35
794
536
162
579
193
421
806
284
51
113
862
508
955
353
410
119
89
125
195
316
736
638
203
105
451
15
413
32
995
387
643
40
118
512
1
704
42
515
953
989
26
103
954
64
861
369
1017
95
219
84
539
380
250
923
920
120
320
158
88
929
640
840
258
763
1016
913
832
898
66
156
964
222
383
81
809
738
767
984
165
229
123
417
734
855
127
217
668
735
542
302
352
799
1020
938
934
903
108
96
141
65
857
791
543
604
425
126
184
613
703
293
56
22
75
115
296
892
71
671
221
665
796
68
138
833
924
769
450
615
319
906
397
23
292
446
297
367
