491
523
555
524
492
490
522
556
554
525
587
493
459
588
527
559
586
460
598
557
458
597
526
595
560
596
528
566
565
592
461
494
29
623
428
630
558
591
848
61
191
495
619
589
585
723
624
618
843
878
847
722
564
489
553
286
849
533
429
521
617
817
816
563
22
815
599
55
877
728
86
696
655
395
311
532
89
93
631
278
620
318
240
427
724
786
842
534
54
664
754
692
343
344
312
629
846
310
663
157
287
208
376
844
179
567
879
992
239
87
363
755
993
875
56
785
118
285
284
25
761
246
948
85
691
221
552
662
57
51
255
876
584
396
978
680
789
793
998
156
1018
695
90
254
569
994
245
120
712
277
50
180
906
1009
837
348
997
944
62
1006
119
946
1019
0
147
3
207
977
949
486
818
91
756
845
766
52
986
279
798
457
880
771
94
616
635
322
537
114
628
474
814
82
788
359
155
765
414
520
729
753
669
787
701
945
862
106
200
679
739
117
811
916
574
168
955
149
176
594
202
636
181
568
675
316
770
214
213
175
518
272
743
105
222
792
960
881
632
224
116
375
603
707
347
380
209
996
677
488
609
871
412
938
610
970
4
711
604
97
608
146
462
805
697
453
861
132
987
136
605
812
413
966
280
804
265
482
649
449
976
910
448
835
443
1010
11
24
957
995
985
174
296
740
142
411
193
77
514
88
169
961
170
578
826
665
830
836
78
863
115
487
313
271
733
637
725
319
953
201
455
358
600
893
1000
943
442
506
134
234
74
894
331
144
513
408
195
920
611
802
151
166
648
215
483
364
247
345
60
577
354
167
326
674
258
53
738
138
68
103
638
353
874
422
381
999
10
384
867
963
546
104
15
162
241
790
417
925
357
480
923
249
760
150
681
854
45
954
757
110
962
905
772
143
505
971
784
342
614
939
66
981
821
974
148
141
990
409
133
108
12
644
390
297
1020
349
721
226
266
325
410
607
921
668
895
389
572
441
645
44
388
975
5
803
42
327
813
838
46
872
571
829
967
868
416
321
539
575
182
670
135
540
959
646
43
281
257
231
69
107
477
744
352
869
273
889
576
601
183
512
870
317
304
858
165
979
924
956
377
227
73
656
927
244
839
825
356
727
834
9
890
627
36
145
936
379
67
543
678
34
81
913
841
154
478
194
958
903
355
129
705
83
1023
447
75
160
188
1022
822
1007
667
140
857
192
708
855
642
612
2
573
225
732
320
947
545
309
991
840
378
886
163
382
922
65
385
288
570
303
260
509
582
769
13
873
988
884
737
579
1017
70
7
14
26
538
713
362
613
423
100
130
544
734
41
102
444
451
98
510
909
706
324
111
79
473
1003
606
109
481
84
547
450
323
643
259
206
965
892
742
964
161
898
37
32
806
210
699
901
551
773
767
235
710
64
291
374
1
397
1008
128
693
581
904
476
72
387
203
305
484
153
968
189
198
177
96
548
519
810
700
295
426
549
860
735
314
452
196
256
454
391
741
900
633
76
730
515
774
479
915
1021
171
164
35
989
647
824
535
33
887
580
672
896
702
137
891
919
293
238
980
172
797
634
917
731
386
95
71
736
211
456
928
833
517
421
562
113
253
550
475
897
289
48
292
926
250
419
779
800
929
902
218
212
294
775
794
952
101
233
809
290
270
541
139
783
263
199
673
187
709
859
315
217
49
1002
232
661
262
888
23
951
856
248
485
778
264
508
418
178
759
768
932
6
704
332
639
328
827
828
420
764
866
907
950
676
507
864
650
752
229
666
112
251
298
329
935
799
40
230
536
228
819
698
173
832
38
99
407
918
350
92
8
937
641
220
823
276
640
445
131
243
197
516
261
1001
47
237
807
121
762
283
930
351
796
39
1012
801
185
205
780
791
758
158
602
330
931
282
969
973
186
152
865
831
934
17
21
415
615
745
446
671
424
236
908
763
911
531
80
59
300
984
406
501
440
204
933
216
590
511
694
542
504
274
820
1014
746
703
275
439
583
360
899
425
983
306
219
808
252
19
346
885
777
242
308
776
299
394
472
912
125
593
850
782
795
392
940
18
393
942
28
1011
190
1016
853
914
502
503
268
361
58
16
223
383
781
751
159
471
883
882
184
972
341
20
941
1005
269
267
750
561
430
27
682
747
726
1013
463
982
302
1015
749
337
1004
690
470
301
496
715
714
338
123
373
748
438
852
126
30
398
122
500
333
651
851
307
127
621
716
660
405
683
437
340
654
365
336
717
689
622
686
370
719
718
371
339
720
124
404
625
469
687
499
335
334
688
366
372
529
63
530
431
436
468
684
653
652
685
659
657
403
626
367
399
368
369
435
658
31
467
464
400
402
432
401
498
434
497
466
433
465
