590
474
670
362
171
418
390
96
143
618
531
558
696
446
557
449
708
361
311
169
450
89
589
559
335
363
306
447
117
81
563
144
706
473
142
256
80
44
529
145
421
118
391
744
228
170
707
389
221
199
702
745
305
591
507
350
475
95
334
333
535
566
456
109
648
72
693
289
678
74
92
502
282
710
255
317
86
726
91
130
451
556
249
43
506
254
668
455
583
94
125
698
127
250
71
123
427
307
724
779
388
124
767
651
485
746
564
713
471
174
738
126
120
685
279
116
742
162
278
268
743
156
323
194
749
90
525
181
733
484
76
288
528
113
448
371
610
93
184
682
653
580
119
186
568
588
697
378
766
316
567
377
569
165
686
210
619
617
655
97
344
222
151
594
669
200
128
193
241
479
202
586
251
611
267
714
667
315
683
98
322
737
503
65
296
717
681
679
242
201
739
269
711
70
226
636
147
753
383
428
179
198
654
372
297
478
430
695
16
704
209
345
650
223
452
718
259
393
684
639
429
728
657
212
459
108
582
719
183
425
155
621
230
237
649
581
652
592
152
673
659
680
607
494
325
765
245
623
122
343
14
616
208
277
687
614
104
56
298
355
236
42
671
715
554
758
570
356
158
153
521
777
310
295
595
270
302
411
720
437
584
709
730
146
82
380
131
757
464
205
25
760
470
642
239
396
182
232
231
700
530
624
782
225
141
163
499
571
172
509
444
121
55
373
257
620
26
605
656
463
253
159
716
352
622
346
536
480
768
493
736
442
4
30
229
555
192
326
553
663
69
273
354
381
351
1
783
160
235
73
457
258
771
348
238
318
424
552
246
443
538
438
31
367
627
701
441
290
401
407
218
24
195
22
408
573
321
382
498
75
173
539
84
213
149
339
752
180
658
635
523
520
596
29
303
548
349
402
403
376
206
634
203
227
497
468
324
775
8
579
266
262
510
754
412
150
672
677
233
631
409
148
609
271
100
712
469
207
645
601
759
330
664
440
688
674
426
603
740
154
274
537
419
190
602
551
641
52
638
606
217
215
384
526
405
501
187
404
608
188
465
286
189
287
399
294
519
7
260
508
211
458
772
17
661
626
560
476
565
280
625
54
101
597
275
692
413
550
243
10
541
431
5
0
466
731
134
15
85
312
57
527
547
575
574
781
28
576
164
632
18
524
522
214
327
379
284
20
532
129
23
491
778
67
545
102
385
600
240
489
301
53
630
234
2
599
132
112
662
540
577
79
21
27
729
83
19
364
185
741
432
660
495
6
244
637
598
331
492
467
264
690
761
300
727
168
329
3
261
439
340
398
353
613
140
629
417
9
644
338
415
204
11
157
436
488
414
410
319
176
64
320
546
604
490
32
628
33
562
734
633
400
272
549
433
175
735
111
337
328
454
219
136
542
375
483
665
347
780
435
161
721
191
370
252
755
462
769
220
572
374
196
756
422
453
770
764
691
699
694
293
58
265
578
496
640
61
299
615
314
612
543
776
12
216
666
434
37
51
68
263
511
366
518
585
178
587
487
332
482
723
500
99
416
504
285
593
747
461
481
423
247
445
689
732
643
133
561
357
360
406
224
534
248
341
460
292
365
748
358
36
308
60
395
77
45
763
87
13
291
544
750
517
397
177
751
486
762
166
342
304
336
369
139
137
368
313
78
59
103
387
722
512
34
110
675
49
281
647
773
392
50
138
66
386
105
472
725
88
309
533
106
38
359
774
167
276
39
514
35
114
40
41
516
513
420
62
47
48
676
705
515
63
