124
665
120
709
134
45
630
398
128
38
249
277
276
783
49
193
36
50
324
54
657
720
51
338
55
495
334
428
469
497
339
84
467
22
533
41
454
753
109
690
456
691
79
157
215
216
780
218
127
113
246
121
494
699
686
325
537
31
153
684
112
410
423
437
399
17
258
78
43
687
479
9
658
553
89
400
159
35
663
188
659
20
87
187
39
755
40
143
413
711
661
715
693
443
376
183
714
23
436
13
662
708
560
451
589
217
701
624
588
629
493
631
530
52
660
532
365
645
205
425
445
404
656
297
86
230
432
779
718
125
721
30
664
478
182
317
525
19
759
417
185
88
18
518
44
450
191
60
471
42
195
142
397
782
644
169
194
11
422
477
460
370
438
429
561
700
633
131
758
204
421
703
736
123
25
558
32
777
522
472
223
617
671
608
761
231
197
638
295
520
240
253
33
12
698
639
492
586
598
632
717
521
130
449
491
294
757
115
10
751
567
685
584
628
21
672
29
192
622
34
552
381
214
247
16
550
245
673
476
448
531
327
329
683
473
403
91
229
625
189
286
252
756
647
447
634
304
211
151
418
401
242
238
702
368
393
354
689
241
371
222
420
335
57
635
236
59
559
395
318
234
337
58
326
616
199
168
599
239
275
505
760
244
349
391
620
446
90
135
355
4
232
502
237
430
769
568
380
731
243
523
519
551
235
439
181
255
490
269
771
710
336
612
348
28
347
402
596
669
767
500
108
93
549
281
342
482
114
5
619
548
210
268
345
539
729
579
511
333
390
737
503
655
343
122
614
254
225
3
308
362
654
150
543
623
587
373
501
411
744
363
593
328
148
320
601
773
340
6
67
212
682
392
459
609
569
517
600
681
7
603
309
465
227
375
646
455
233
431
374
626
177
675
542
627
262
768
605
2
733
27
372
26
102
544
196
285
263
63
0
344
547
203
763
311
765
498
198
728
206
463
1
15
643
536
674
597
571
581
615
741
62
409
56
259
529
770
171
346
458
178
364
745
637
271
712
257
762
81
474
8
764
287
264
575
735
270
265
226
83
385
648
649
607
332
312
461
754
283
570
284
95
546
103
353
101
213
256
580
540
512
475
573
621
224
713
408
207
321
299
228
97
319
527
743
201
291
604
651
394
382
483
545
186
149
457
515
208
524
730
419
602
489
289
288
650
316
509
303
305
383
606
73
274
707
592
290
377
488
273
272
94
351
528
510
464
293
176
504
405
652
369
384
611
119
679
105
65
302
292
147
323
577
179
175
301
484
653
566
557
99
280
772
572
313
379
513
541
778
378
66
74
170
173
200
202
610
538
516
453
14
407
766
322
583
578
641
282
582
100
732
350
75
341
775
387
69
298
352
487
389
556
96
435
585
310
486
24
146
725
565
386
260
300
261
357
462
706
618
433
92
680
752
677
670
574
77
98
774
485
739
209
695
190
361
499
359
104
71
705
434
668
740
613
82
636
162
330
723
80
746
747
331
591
514
172
563
174
314
750
118
163
576
117
555
742
749
70
776
315
507
564
145
356
697
406
554
590
72
678
358
704
734
738
642
535
724
396
68
480
481
424
508
388
722
64
76
534
676
562
144
640
452
506
116
694
696
748
360
