676
472
310
311
709
282
707
708
646
647
144
618
713
706
145
535
116
712
479
534
746
478
283
710
711
443
591
452
564
118
464
566
96
62
201
744
228
526
678
94
95
99
507
97
90
124
619
506
284
120
98
300
122
200
537
117
480
682
66
375
92
450
742
91
128
536
679
142
719
580
68
93
738
126
246
255
499
649
442
648
114
64
714
590
716
717
302
88
104
89
266
254
563
748
441
677
103
174
715
256
498
651
143
146
102
572
374
105
481
568
76
650
125
101
663
67
272
718
451
508
468
662
547
747
130
674
772
60
704
607
123
170
471
635
567
620
429
63
244
509
259
453
273
622
100
599
653
121
129
600
628
734
440
636
196
171
444
594
553
430
689
431
119
554
774
354
688
147
197
69
301
740
61
173
745
571
675
776
257
681
603
445
379
473
65
127
394
115
207
565
552
623
131
421
227
70
258
199
465
638
470
328
575
743
226
749
652
416
71
741
303
401
347
188
402
739
261
420
773
769
671
527
766
77
437
198
330
660
768
680
403
327
730
202
186
595
621
525
320
286
299
777
770
172
158
643
382
598
496
469
602
735
760
761
236
670
229
346
422
463
355
157
436
381
159
367
82
348
27
629
762
148
625
366
51
395
616
581
5
175
168
231
569
510
417
546
339
29
141
438
731
601
331
592
732
497
775
408
274
409
189
736
410
323
524
28
338
206
555
329
1
694
751
251
449
656
245
733
260
637
73
215
319
232
459
373
570
597
293
10
149
461
235
233
203
169
153
458
462
687
243
271
541
151
238
579
156
150
234
467
294
634
460
267
596
423
407
19
758
574
113
411
519
53
759
0
55
59
50
642
322
659
213
41
617
783
658
185
771
25
237
18
639
187
763
353
737
312
545
393
767
241
349
538
701
45
351
383
448
511
673
583
15
589
167
492
190
657
83
295
340
365
23
779
611
52
722
477
476
631
540
693
782
610
750
705
239
140
33
721
326
627
661
543
54
432
26
161
285
755
287
415
644
214
626
413
75
645
37
160
778
38
139
753
439
230
664
380
764
561
205
325
702
378
11
406
624
695
309
195
152
539
582
7
110
13
36
337
482
630
9
57
179
307
433
183
44
133
72
155
577
633
466
727
87
49
109
765
40
335
216
723
699
513
754
752
56
134
39
683
297
391
279
324
703
392
588
181
48
204
605
166
483
586
604
419
726
435
132
562
225
593
729
47
270
74
212
720
21
500
81
364
253
665
321
573
523
505
691
209
521
356
700
111
6
46
247
3
345
24
32
4
587
608
281
757
698
404
112
264
363
400
8
17
725
434
405
217
756
31
223
208
43
531
447
177
495
252
194
522
585
780
22
614
352
182
376
515
224
684
84
30
35
576
86
240
654
269
455
557
34
341
781
210
308
390
655
494
278
193
14
222
191
250
685
728
211
361
606
265
446
372
85
550
58
615
493
20
275
178
578
488
551
268
242
424
291
334
42
517
533
135
357
559
549
336
475
108
377
491
397
454
632
180
2
425
138
296
692
154
584
162
418
548
532
12
313
544
289
609
672
292
137
556
686
542
192
560
504
184
298
503
288
389
16
697
457
512
176
262
724
396
666
343
412
399
558
218
520
489
163
502
318
529
342
530
428
490
362
368
263
306
80
690
667
314
79
280
165
641
456
474
219
669
370
501
518
612
613
344
369
427
220
486
426
359
221
315
388
350
371
316
484
164
398
414
696
