530
531
532
564
562
563
465
589
498
432
464
497
463
499
688
368
719
720
433
529
590
533
431
400
657
746
535
714
716
621
558
689
718
335
683
557
534
242
749
726
717
500
369
747
210
715
307
748
367
745
503
750
361
462
561
336
658
334
758
339
594
496
392
588
682
340
401
399
759
751
337
360
466
777
275
521
781
778
690
596
779
267
626
727
851
502
713
595
341
472
393
268
989
177
209
565
684
687
625
780
308
553
424
1000
178
274
408
808
1011
276
633
516
795
236
243
420
883
832
471
23
882
911
329
228
999
721
852
507
204
145
501
504
338
602
425
864
620
782
1021
197
440
812
1012
216
583
211
298
665
18
615
22
763
935
554
1008
681
881
801
330
914
912
776
71
87
827
988
299
1013
703
879
81
694
1004
567
269
741
880
345
96
1016
508
833
952
445
601
947
865
119
301
415
419
969
966
64
548
10
366
230
205
144
943
31
807
884
547
1020
102
70
407
671
828
984
99
942
218
80
39
8
1001
640
124
931
56
24
1010
1014
791
933
171
333
289
409
114
172
762
98
50
260
475
901
944
897
983
566
42
856
262
511
113
123
223
542
295
824
773
964
850
32
995
101
314
129
377
764
888
641
128
1
441
146
899
934
860
1017
996
63
107
915
376
666
112
774
38
250
819
541
593
164
1002
1015
517
198
184
293
151
241
446
257
540
552
186
902
34
485
903
612
980
418
388
309
21
582
263
467
383
968
249
237
580
892
520
1023
768
783
229
571
33
152
161
820
40
355
120
373
752
509
956
176
346
9
175
