556
491
523
524
492
722
588
589
599
555
557
721
631
753
459
985
10
349
460
490
690
754
458
381
61
564
771
11
587
617
720
22
719
585
522
966
369
648
752
663
689
483
513
920
688
584
723
862
19
600
4
616
336
337
691
855
1018
554
51
905
968
577
739
449
598
110
621
0
111
5
751
367
802
886
415
687
24
60
567
45
805
481
835
368
7
586
53
23
770
885
620
382
785
482
387
797
765
348
755
54
93
565
921
919
596
579
480
305
876
366
195
632
29
863
163
6
630
224
831
566
400
669
937
786
894
94
970
830
289
399
877
967
512
733
724
535
834
793
43
986
766
489
150
1000
133
664
680
887
28
931
971
756
619
656
961
335
534
995
167
757
553
255
803
76
769
286
226
964
546
502
861
904
503
62
864
784
933
78
344
932
1019
736
272
939
825
14
370
450
338
169
376
893
908
21
417
597
833
783
871
718
738
635
649
86
470
1017
609
166
521
414
457
285
618
860
386
552
725
989
109
165
787
750
951
686
13
303
1
77
857
42
900
420
30
601
959
8
100
377
515
304
257
918
741
938
824
909
1002
761
323
917
164
936
957
413
953
506
692
547
697
471
940
827
79
972
701
388
949
317
533
416
170
762
816
899
59
142
935
800
114
829
145
312
837
866
172
412
836
987
168
798
984
50
952
442
514
451
948
696
998
570
345
26
772
128
532
611
676
20
82
383
27
958
271
812
52
120
327
604
853
136
734
409
37
408
392
208
151
603
87
711
950
645
254
525
488
227
101
702
9
982
928
424
439
991
799
320
123
3
941
838
160
360
956
223
240
576
456
444
193
225
44
926
306
239
2
295
999
955
313
326
612
155
249
657
117
41
1008
181
655
174
175
898
906
923
418
359
767
32
12
69
202
817
983
108
281
245
832
33
334
173
179
670
46
930
273
188
815
1016
703
781
954
212
126
213
135
263
178
916
196
977
294
156
990
749
264
944
322
296
241
270
782
610
774
789
209
493
717
192
826
207
91
867
675
794
969
988
152
981
265
520
814
929
578
185
124
274
238
180
154
186
358
1003
125
880
539
884
280
282
788
131
665
440
182
927
219
246
378
262
391
211
901
234
595
176
206
200
642
328
743
993
231
243
251
407
36
840
811
199
925
818
218
780
895
215
638
216
256
198
677
121
201
371
425
203
64
891
319
881
25
187
314
978
214
748
639
278
608
184
39
856
590
915
228
318
302
132
183
423
1014
976
795
511
354
258
973
153
143
1009
140
137
947
149
942
438
244
229
843
292
804
945
92
343
924
171
350
903
235
293
197
740
269
250
325
56
447
210
472
773
232
31
339
629
268
849
544
267
148
913
568
607
846
99
819
1004
353
873
912
233
266
205
636
712
410
1013
960
897
662
813
324
730
419
105
501
119
889
1010
980
896
975
351
640
237
571
946
83
157
1015
907
217
106
509
204
518
943
401
220
242
647
68
452
660
806
997
693
671
707
558
548
138
854
297
716
965
287
910
699
848
637
129
275
963
685
393
461
97
144
66
729
728
55
261
260
868
230
1021
858
89
146
572
870
361
248
474
602
236
628
222
992
380
177
742
652
911
448
127
914
102
70
107
583
191
875
890
85
288
141
1007
538
883
550
643
872
487
1020
878
432
40
828
667
118
847
75
455
301
922
839
563
375
134
708
764
801
859
1011
732
661
882
747
96
162
615
934
879
478
1012
500
684
355
284
668
545
519
996
346
823
673
385
1022
283
411
516
865
484
666
962
822
979
390
298
277
357
775
540
247
641
159
398
279
974
674
653
479
1001
605
672
651
549
356
35
536
874
1006
290
892
291
737
695
580
477
508
810
735
311
72
1005
259
710
844
441
147
454
796
531
517
852
582
1023
614
71
644
779
510
994
38
352
731
95
623
81
310
758
504
842
845
194
115
253
443
624
57
276
130
112
384
73
299
88
221
307
537
888
190
902
333
541
744
659
90
116
84
543
316
65
850
634
790
300
704
426
389
161
379
679
252
104
581
158
74
485
807
851
705
103
427
776
709
768
58
469
499
422
113
820
627
706
778
551
445
486
330
365
613
678
476
18
122
308
63
428
453
654
505
633
431
47
321
507
475
67
700
622
309
446
683
646
80
17
48
681
869
698
329
569
694
760
658
650
575
559
34
808
189
49
574
98
821
315
792
332
468
403
841
421
542
745
139
15
402
527
591
406
791
340
606
777
16
526
573
763
726
362
437
331
429
342
404
347
473
372
715
809
495
467
464
496
436
592
494
374
435
727
713
405
397
463
759
341
528
394
430
396
373
364
433
625
462
746
363
395
594
560
714
626
465
682
434
498
562
497
466
530
593
561
529
