311
492
278
560
246
180
147
592
240
524
493
761
574
279
284
429
310
57
239
525
491
461
85
460
247
623
528
526
428
793
179
286
316
207
343
347
728
559
89
494
591
397
527
221
15
792
245
679
149
312
624
729
318
655
396
573
277
523
214
348
459
837
606
380
90
711
116
743
842
605
635
52
148
436
84
766
495
654
411
213
3
115
118
843
575
701
379
443
543
390
395
342
55
404
271
668
189
25
760
618
331
363
798
637
181
598
636
253
474
422
437
403
630
117
765
462
58
266
430
593
427
486
283
191
157
244
88
168
265
667
234
86
869
414
826
478
285
91
510
29
992
455
662
315
638
712
364
700
561
872
4
435
287
841
141
26
222
974
825
453
804
870
162
270
47
678
0
1006
384
707
297
105
405
12
67
487
48
252
644
322
675
993
272
103
74
34
603
677
132
848
604
104
959
651
142
680
847
518
723
669
650
558
670
201
300
159
208
309
830
192
839
617
724
97
586
844
838
136
874
479
994
631
960
875
77
696
106
138
46
321
73
622
597
357
809
878
423
362
646
697
296
202
556
394
829
458
134
95
413
353
158
840
153
65
200
594
611
705
653
375
619
955
858
946
740
448
663
83
224
1018
359
194
595
845
506
490
585
332
139
771
406
44
68
468
538
473
135
175
167
656
871
374
578
979
629
358
352
744
389
627
49
235
75
732
927
975
608
692
910
817
846
867
821
661
710
998
514
849
477
957
254
291
227
59
505
130
469
806
785
256
557
599
924
169
569
398
354
986
790
16
991
519
922
868
990
816
822
237
1019
925
981
329
1007
215
997
645
876
877
426
754
551
51
731
815
133
82
755
226
365
421
643
857
154
143
176
737
987
674
943
109
