493
311
560
525
494
492
992
728
761
524
526
527
793
559
592
461
491
528
679
246
486
993
623
147
837
278
792
994
390
180
397
396
284
842
574
279
428
711
85
57
843
743
460
429
624
15
422
247
960
591
453
729
347
869
655
760
523
395
168
286
221
316
179
872
89
707
459
518
310
343
3
455
265
495
312
149
675
998
766
959
318
573
712
841
245
798
384
214
240
348
870
487
266
404
148
322
162
116
598
654
427
804
678
605
52
201
103
239
380
644
826
105
606
411
234
630
379
635
321
839
611
705
809
437
997
90
84
543
436
104
357
677
207
740
115
701
680
363
118
297
575
106
364
443
618
136
277
132
668
403
12
74
55
4
578
138
283
189
646
825
765
296
192
213
181
871
462
25
840
637
821
636
830
955
844
696
389
86
73
253
593
67
448
474
315
117
847
97
962
141
200
191
202
594
58
353
405
667
927
134
224
771
88
595
0
47
430
157
194
167
414
514
342
924
829
957
423
478
700
331
608
838
91
510
597
974
285
662
352
867
256
29
44
617
26
848
845
135
34
244
874
142
291
858
878
638
139
287
48
922
169
358
222
561
1006
925
359
586
710
723
227
558
46
421
627
519
875
473
569
75
846
744
651
674
697
603
822
252
65
604
996
991
645
354
166
77
610
505
435
159
629
643
670
458
724
585
490
868
737
226
288
704
990
130
613
68
622
790
669
672
479
946
1018
979
133
551
986
772
650
961
556
161
910
854
413
394
958
233
374
849
692
877
158
619
806
258
49
362
83
661
95
375
817
987
653
706
477
631
406
815
732
1019
890
963
235
975
876
193
365
398
739
857
506
356
538
325
309
329
215
981
170
557
537
469
889
816
647
879
271
51
426
616
978
153
1007
468
731
16
628
72
656
861
45
371
59
544
663
596
82
906
482
945
785
664
488
626
599
372
648
35
320
770
939
811
754
709
907
813
254
943
416
953
742
545
36
836
938
175
681
1009
520
13
225
513
755
143
895
61
555
649
814
913
584
552
154
259
916
17
373
873
270
98
976
805
237
280
609
789
1022
949
248
324
818
810
948
449
708
434
756
1023
108
208
220
735
300
973
190
146
476
786
693
980
733
319
378
926
121
850
66
788
977
529
447
713
332
1005
317
965
698
402
454
863
725
355
156
176
489
954
1020
1010
330
625
140
794
607
970
163
272
914
576
273
886
923
614
255
908
634
673
412
483
174
438
911
60
738
137
160
549
350
936
904
