146
268
180
320
491
606
380
295
599
451
458
203
759
525
291
302
554
83
611
212
452
271
577
256
269
543
18
412
210
22
621
229
528
232
542
201
726
565
740
618
488
544
301
31
677
752
509
118
338
490
403
324
631
514
602
442
410
7
489
460
518
603
771
517
331
590
564
411
651
300
584
148
563
175
174
255
283
457
399
296
172
527
736
511
695
142
132
355
67
484
327
483
516
705
15
81
202
14
502
454
751
702
448
562
298
390
425
299
297
199
506
733
361
478
144
529
68
282
328
473
65
257
170
614
80
171
254
329
559
530
734
228
200
359
388
358
330
389
417
503
531
391
501
474
586
447
226
198
419
475
558
360
697
446
418
