253
769
281
773
775
394
145
114
558
530
362
586
335
366
559
363
323
506
390
361
295
199
772
222
760
228
117
194
146
533
389
144
307
254
322
779
502
280
252
588
707
770
200
310
198
766
771
351
296
745
338
305
703
534
442
448
737
393
311
777
256
225
174
736
227
735
173
677
761
229
255
531
142
131
337
170
379
421
505
231
279
525
226
480
532
324
765
507
116
477
746
341
411
294
712
617
778
230
137
259
627
504
616
171
706
331
678
210
330
738
143
240
202
350
652
136
128
201
343
541
86
172
676
147
625
743
431
132
776
655
654
573
101
384
301
103
269
747
317
468
115
211
293
412
257
100
753
197
750
535
309
308
120
621
113
313
312
742
207
358
239
571
653
681
512
320
321
385
287
336
260
479
139
572
762
722
705
378
372
284
758
258
744
267
318
417
698
302
319
26
133
433
266
189
767
290
167
81
598
219
329
406
497
628
352
524
4
599
214
414
741
739
261
17
339
209
109
187
164
203
130
126
42
728
24
781
600
700
215
682
179
368
3
297
208
212
125
439
52
440
16
373
752
405
188
315
27
238
751
749
467
364
657
544
282
587
413
241
177
624
232
356
217
560
718
82
570
55
476
672
246
551
466
717
438
316
21
496
515
674
469
340
403
25
169
344
726
574
498
686
388
456
370
679
713
714
29
285
237
268
325
263
10
264
155
483
675
129
724
782
124
112
710
99
180
32
274
656
495
547
526
127
204
244
601
118
28
243
196
542
493
488
213
513
395
383
134
548
141
645
701
687
757
20
711
233
465
443
186
185
671
355
487
178
375
430
9
673
455
499
755
432
626
644
577
484
265
585
119
540
730
57
19
649
683
359
482
83
754
369
522
140
457
725
404
651
511
594
342
84
459
454
138
514
69
622
546
54
6
764
452
371
603
543
218
521
729
562
111
460
347
206
680
550
53
500
486
597
262
149
11
5
135
759
400
768
288
357
470
396
289
148
8
419
520
23
783
102
332
377
216
345
441
168
270
30
191
236
426
7
367
685
631
715
401
423
298
68
292
190
549
376
235
31
271
620
2
575
602
272
579
485
659
492
333
300
18
152
245
589
234
780
278
348
154
509
65
93
176
539
461
402
447
123
458
630
56
704
286
523
623
613
415
175
283
475
162
418
449
508
568
503
563
557
95
156
391
122
89
98
641
451
453
693
633
604
648
70
463
748
66
450
650
108
618
80
774
104
646
474
96
567
670
689
733
566
306
76
94
529
446
702
444
472
614
590
67
97
697
74
92
696
90
44
