465
433
402
497
622
434
401
651
466
436
684
468
654
371
372
623
683
685
529
469
437
652
340
403
498
653
370
365
435
373
397
626
404
591
625
658
467
341
464
405
396
593
650
364
462
717
716
430
339
432
561
659
395
307
463
406
655
686
374
590
682
333
394
624
715
369
592
302
438
496
308
431
426
718
363
429
334
398
694
657
301
660
504
204
687
346
470
499
338
726
823
332
439
20
400
794
425
16
714
300
205
749
47
306
173
763
237
236
530
809
851
139
825
1015
84
883
748
776
852
791
542
882
446
471
122
342
269
627
731
15
820
777
795
58
914
656
283
472
40
760
393
247
212
698
252
850
704
268
573
700
261
869
63
256
72
606
485
233
796
248
872
505
792
822
390
267
1016
912
440
673
57
930
161
672
423
618
383
192
647
137
666
1005
213
982
17
159
473
290
421
821
510
959
911
983
59
934
235
1007
543
25
806
899
973
253
550
808
857
801
48
641
131
974
21
148
853
184
979
112
270
478
456
541
932
39
762
768
933
199
519
315
841
487
856
730
80
229
123
455
299
551
991
807
422
13
764
922
445
206
230
126
865
583
678
710
711
203
38
124
158
511
709
378
671
424
661
839
291
679
479
838
667
941
902
18
130
121
238
859
67
232
515
536
574
775
972
8
643
219
288
407
615
26
984
937
928
858
190
12
517
323
153
870
35
705
351
549
975
85
220
266
908
831
331
703
799
297
1013
926
980
127
160
162
907
6
900
981
840
189
83
454
702
225
774
324
1012
676
693
350
545
484
19
828
34
71
854
244
826
180
927
965
49
264
197
874
670
575
309
969
214
773
27
321
891
560
320
1014
544
888
52
929
292
782
886
681
1006
580
613
135
221
243
222
451
330
329
33
251
328
211
829
198
194
924
1004
742
810
418
904
735
1011
639
293
391
481
885
316
646
79
940
800
644
125
500
65
453
896
990
931
109
743
450
605
1001
516
706
890
452
767
866
227
649
171
259
154
271
942
115
640
96
265
113
226
392
415
737
950
732
186
99
943
827
411
196
274
187
168
447
642
73
163
31
419
149
41
634
46
379
103
223
7
387
813
956
128
44
708
352
95
101
781
936
830
832
797
736
611
317
892
282
104
668
414
384
824
90
518
873
958
579
867
581
898
188
648
486
353
734
14
117
427
116
1022
389
889
284
778
538
172
1023
638
298
91
75
138
357
167
141
747
355
576
275
887
915
185
910
964
868
260
707
901
380
245
919
475
279
476
32
276
319
645
939
951
164
845
250
157
325
129
314
147
410
746
70
833
234
43
224
947
637
217
295
925
548
386
713
416
960
662
697
385
381
607
98
957
193
289
140
769
675
102
287
382
988
88
514
77
729
968
181
76
864
860
64
897
906
962
628
37
36
133
744
136
971
108
512
296
4
772
837
804
356
935
134
871
547
578
2
89
254
674
963
201
242
477
506
348
905
60
413
166
842
255
443
507
354
1003
612
9
876
94
1002
68
263
1017
45
725
347
169
28
152
884
262
875
967
218
918
92
132
790
156
1
513
938
191
294
1008
677
952
74
903
949
69
946
954
994
483
741
740
442
895
358
738
195
989
846
360
207
970
803
228
183
100
182
759
923
448
488
178
546
976
286
177
66
349
420
916
417
143
1021
701
913
733
142
62
111
318
798
509
258
745
819
582
449
602
327
836
699
793
480
11
955
231
766
53
257
987
30
577
608
361
1020
322
482
814
285
995
97
909
894
428
151
215
765
863
609
805
3
917
761
170
996
107
861
621
155
961
712
5
216
610
165
241
815
834
24
770
239
680
105
362
441
277
303
444
246
388
51
0
739
835
855
953
202
311
921
771
200
779
120
669
948
326
78
82
110
780
986
539
945
635
508
118
174
42
313
273
1018
985
881
81
146
802
1010
633
893
616
614
501
240
570
119
920
457
993
862
474
345
844
978
144
359
55
520
61
23
10
1000
1019
728
999
56
86
636
629
603
1009
280
751
179
847
175
375
305
106
145
818
944
966
150
272
811
249
998
50
93
880
281
572
848
176
849
312
54
665
992
335
571
210
812
997
29
412
114
377
816
366
877
619
87
278
540
879
843
604
409
727
977
310
788
209
594
569
784
344
343
584
817
495
756
502
503
368
617
552
568
601
528
537
695
600
878
304
750
758
336
22
688
632
757
208
783
719
789
663
399
785
696
787
559
689
337
562
720
692
408
631
664
376
630
752
724
535
620
367
690
691
558
599
755
531
489
786
527
567
585
595
494
461
753
563
526
553
521
723
534
754
721
598
458
460
722
586
566
459
525
597
493
533
596
532
490
587
589
557
554
565
564
522
492
588
524
491
555
556
523
