561
734
731
742
740
732
135
751
733
39
752
721
40
501
771
139
770
768
517
500
694
165
445
763
167
612
59
116
336
738
148
703
360
750
667
504
584
246
743
695
643
243
503
274
725
720
41
746
107
273
668
545
541
297
63
44
45
150
110
106
323
619
666
182
719
296
151
299
15
639
762
690
14
716
196
764
640
473
756
745
582
180
748
244
62
652
554
723
699
614
111
420
7
426
181
593
221
0
183
31
585
295
717
669
647
471
739
688
714
152
727
168
87
298
6
587
692
611
22
527
153
20
245
54
658
767
58
88
85
528
780
583
35
325
638
33
1
755
555
121
624
592
60
665
625
526
112
27
48
644
47
672
28
691
2
661
499
324
57
697
609
553
18
23
655
21
664
654
759
626
682
19
224
388
365
10
46
730
43
552
581
51
684
622
61
408
8
5
141
105
645
34
89
715
656
17
13
630
166
710
685
783
154
620
623
608
