418
446
474
697
475
391
696
447
503
80
529
590
531
419
501
558
65
611
557
612
171
473
702
389
360
198
226
584
44
614
618
668
81
79
583
68
733
695
667
734
67
139
640
228
591
282
170
610
666
142
361
559
118
646
417
390
451
388
566
528
693
586
565
14
564
143
621
199
502
91
662
64
66
748
581
425
607
580
530
115
664
283
330
257
619
604
567
554
726
694
89
665
93
200
544
669
563
539
698
268
638
478
59
732
623
452
663
740
239
254
637
256
445
639
527
151
720
286
651
15
241
636
752
178
545
634
329
240
589
556
689
582
328
95
114
705
751
303
523
267
211
555
624
96
121
472
650
379
325
633
124
358
508
167
86
568
454
471
479
359
573
485
238
352
353
448
571
189
579
195
31
457
622
576
749
453
77
76
458
407
126
632
169
7
605
578
162
608
609
484
509
125
97
225
549
255
22
759
522
387
202
340
399
308
511
51
120
380
30
153
56
481
629
450
692
736
434
355
444
18
144
686
606
296
85
661
53
98
25
756
652
483
671
204
177
148
730
83
673
595
109
727
658
0
594
540
602
232
601
122
513
660
627
551
5
561
285
269
33
127
123
1
69
261
553
29
8
235
60
99
537
630
613
10
141
237
302
210
550
406
218
55
214
259
212
179
84
731
26
757
690
2
16
224
111
161
152
87
233
635
58
763
699
4
700
428
196
572
517
336
132
357
755
500
644
215
562
20
729
504
455
21
24
490
