165
647
520
685
160
262
74
258
301
657
516
543
433
326
486
275
688
274
43
641
507
653
174
92
154
94
728
314
482
11
526
216
272
487
188
206
659
242
466
575
299
185
159
184
683
465
244
548
367
270
515
246
236
234
498
405
176
6
300
134
100
714
155
654
213
598
203
560
783
377
600
327
207
187
180
489
356
782
681
119
519
19
704
271
168
510
626
266
150
656
297
461
331
754
147
440
415
631
687
649
701
628
552
17
547
521
719
439
430
735
264
780
332
574
404
648
758
410
593
678
435
441
615
354
217
28
525
596
231
480
599
470
476
426
82
469
459
190
672
229
413
691
682
577
570
263
603
676
645
764
538
129
350
23
158
541
546
265
54
770
512
149
378
208
183
175
324
597
495
117
157
201
514
592
32
57
140
467
518
186
524
156
716
424
9
643
462
311
616
61
307
739
130
205
744
381
243
163
429
684
725
412
460
313
70
27
408
464
52
112
260
625
403
506
494
536
365
711
456
128
309
349
680
710
715
721
781
245
437
737
146
488
431
496
491
492
73
3
182
436
101
279
316
383
181
569
45
767
776
398
771
339
36
427
227
209
655
364
493
230
620
382
368
288
463
400
384
617
385
35
411
47
291
386
395
223
345
338
409
535
289
294
747
712
432
497
319
252
588
298
468
72
63
363
442
708
13
373
251
777
542
762
438
585
374
423
348
397
499
138
39
766
113
333
295
750
679
131
75
346
102
768
402
742
48
414
280
351
532
172
706
401
779
449
322
344
396
416
718
292
778
376
290
145
753
775
713
421
375
323
287
293
317
40
247
12
765
315
310
166
108
164
321
273
50
71
90
342
191
677
745
760
312
34
341
443
738
49
743
133
219
347
37
197
220
78
372
774
103
746
505
337
587
392
717
477
366
320
709
284
318
343
104
135
369
772
370
221
41
173
675
724
533
110
674
62
741
192
420
137
393
46
723
707
335
42
371
116
105
222
722
250
38
88
534
304
106
107
253
670
761
193
642
394
249
305
281
769
194
422
703
248
278
362
773
136
306
276
277
334
