733
69
42
110
46
365
643
672
647
48
422
380
347
363
281
320
763
352
2
20
762
21
27
358
10
456
115
144
731
771
703
81
5
619
117
614
754
31
92
212
674
455
199
353
138
120
32
478
391
700
171
379
319
642
726
24
73
702
45
428
26
41
90
70
392
735
572
66
448
755
64
393
105
255
55
419
114
325
326
586
457
386
530
33
778
283
84
427
116
172
145
164
79
563
49
394
759
744
8
724
87
76
292
480
730
473
103
91
30
416
256
308
71
398
63
484
310
336
776
239
102
324
299
708
104
750
501
485
738
486
34
423
429
425
764
748
298
297
95
535
709
454
351
426
734
573
154
101
453
327
649
173
147
77
312
399
678
375
174
656
395
201
711
444
689
338
655
600
240
710
213
415
680
743
385
545
100
679
712
202
693
692
131
564
716
12
601
713
96
665
714
704
293
267
53
367
241
766
737
121
296
397
483
681
407
400
313
291
235
406
682
99
396
441
691
536
65
269
184
271
270
97
368
250
664
268
387
688
524
505
462
128
470
98
124
652
565
690
518
523
582
588
498
126
550
694
215
653
662
610
581
553
342
585
295
224
152
576
331
637
577
554
609
525
638
4
130
666
782
636
529
608
526
539
578
667
216
686
169
558
663
418
661
490
187
339
542
68
635
632
491
633
540
541
658
410
350
634
222
595
566
569
567
