592
651
654
466
401
652
467
685
468
623
405
593
429
430
591
624
469
683
626
529
622
561
370
395
655
560
371
625
686
372
365
161
364
650
659
658
496
363
627
499
716
373
682
455
528
464
462
428
341
398
500
423
340
129
98
715
342
820
438
673
545
851
331
374
67
657
821
656
704
737
427
518
649
774
432
309
687
362
406
1011
724
1005
852
130
802
332
160
501
705
714
96
422
487
710
66
530
679
463
728
1015
559
454
869
162
346
475
850
1006
634
16
426
760
48
648
333
819
300
35
677
574
99
163
681
15
232
594
901
672
641
791
647
1007
519
453
506
875
768
929
706
230
137
911
431
486
930
674
301
983
676
293
270
898
900
979
807
1012
308
195
853
618
319
838
1004
63
252
33
116
411
840
244
974
837
660
775
868
575
283
384
90
320
91
268
446
822
167
164
547
857
17
122
261
292
984
355
204
40
212
231
1010
31
314
874
236
393
237
579
220
973
347
323
856
836
315
505
58
510
205
235
923
781
843
551
808
339
942
708
264
573
736
539
361
318
605
806
640
97
386
756
841
260
131
158
839
699
680
474
127
34
692
247
636
7
543
698
447
1016
897
473
76
789
329
65
882
287
829
908
211
666
59
845
443
957
888
52
284
267
26
115
262
485
507
229
299
148
678
72
831
863
646
879
638
712
729
121
321
700
513
794
864
718
725
788
330
123
71
590
233
743
12
378
117
135
303
476
103
85
606
89
159
711
369
298
194
189
571
484
136
425
193
138
881
549
790
291
517
174
154
912
255
477
542
84
742
1022
578
873
316
126
826
668
876
47
11
854
203
168
39
509
546
334
79
880
25
871
813
814
763
943
157
541
828
228
637
1023
810
991
38
251
80
444
629
980
809
1003
782
1002
562
830
107
865
924
644
975
222
643
180
902
353
125
581
1014
834
246
57
969
859
628
941
27
494
812
537
8
717
602
550
914
707
348
49
870
858
172
279
338
254
927
445
139
6
956
325
731
269
92
13
787
379
861
45
302
276
508
538
221
797
324
169
827
418
70
343
375
243
805
799
891
171
540
95
988
894
280
36
607
932
472
173
825
709
642
570
200
108
296
248
479
213
793
441
1001
946
44
188
128
310
140
124
104
697
892
20
962
792
933
234
56
417
1009
811
761
959
832
184
147
846
860
216
191
970
667
889
354
968
635
14
612
73
958
223
326
352
265
842
824
271
111
965
215
156
823
669
739
165
478
910
800
951
1008
245
185
896
872
511
88
179
149
190
83
926
75
351
275
663
582
713
69
61
183
764
199
893
883
77
141
349
990
907
134
604
214
206
202
735
938
615
1021
285
748
155
762
922
43
81
913
675
639
919
603
274
738
818
1013
288
238
569
645
109
855
967
495
747
989
201
60
572
740
119
934
112
286
884
909
407
994
849
905
796
78
952
695
616
224
297
266
732
102
844
925
971
767
744
226
798
940
152
862
421
416
415
670
688
250
866
30
181
177
93
278
253
219
18
114
385
776
290
166
151
272
42
175
74
890
847
867
263
178
313
153
133
978
218
217
780
887
727
878
964
86
784
769
186
317
701
966
795
143
5
142
955
350
920
939
383
62
583
937
544
1017
877
610
46
982
997
101
921
833
94
1020
227
307
382
53
773
50
187
37
915
210
259
150
322
630
410
51
225
311
611
170
24
906
176
548
514
68
41
120
848
345
936
100
757
895
580
197
945
442
105
999
312
935
950
733
390
976
755
734
55
249
452
786
196
488
360
28
273
947
456
817
948
577
82
412
766
366
671
282
19
903
118
87
702
504
414
777
801
110
944
765
198
981
327
9
987
106
413
2
804
759
533
693
1000
993
783
694
885
633
916
816
380
703
904
144
516
289
328
972
741
424
192
746
239
23
928
1019
132
481
389
277
281
54
145
209
304
208
665
953
960
696
614
662
10
886
998
512
461
961
918
295
954
949
182
32
305
815
726
146
536
356
306
613
113
294
609
730
207
758
617
240
899
391
21
985
661
357
22
515
258
785
770
242
470
381
29
749
440
480
691
483
3
772
778
986
377
723
1
387
448
931
358
256
917
597
64
601
568
631
392
337
241
450
409
335
1018
449
977
520
779
995
565
0
664
451
257
439
719
527
408
750
359
992
745
576
608
457
388
482
344
4
722
996
419
336
754
598
771
632
963
751
835
400
552
584
600
689
619
753
376
690
599
803
420
721
720
526
531
621
752
558
471
567
566
532
585
502
493
489
368
521
553
458
399
534
595
367
503
535
460
596
586
459
563
620
564
490
492
525
554
522
587
589
557
491
524
588
555
523
556
