654
655
591
592
623
723
492
404
653
524
525
286
403
724
619
493
414
559
4
755
348
959
168
624
436
651
754
437
560
167
371
192
618
650
491
663
617
381
685
756
652
722
405
686
57
402
622
830
662
766
991
162
523
927
669
526
765
574
670
85
224
3
461
598
785
631
460
587
692
380
630
494
149
599
26
649
656
318
478
691
154
543
701
527
59
25
133
435
825
990
586
136
370
240
556
786
793
117
438
429
199
316
555
195
61
135
89
284
0
84
479
285
271
317
1018
256
798
181
637
225
180
725
121
272
91
668
148
372
185
239
829
459
397
826
487
349
221
955
469
227
794
161
413
585
605
597
191
52
908
949
60
510
213
350
40
187
495
922
638
611
733
147
620
924
667
958
837
971
956
255
193
635
265
169
513
137
939
246
761
245
728
629
872
558
456
296
253
126
771
13
83
886
173
926
538
675
957
483
351
992
72
711
188
838
481
458
506
515
588
644
312
960
382
857
648
214
453
450
163
870
993
490
219
482
514
226
869
925
557
457
700
142
732
679
707
179
202
134
753
643
805
570
359
15
636
743
660
323
12
311
20
907
390
871
264
14
974
196
430
234
518
861
411
212
816
486
489
876
327
160
288
77
201
804
428
233
378
11
916
940
45
981
994
379
982
839
549
29
320
806
43
247
604
244
297
447
1007
470
972
383
44
278
474
105
985
468
680
603
950
266
678
705
313
634
815
729
704
739
905
485
784
697
932
291
51
975
672
345
110
232
787
917
115
344
545
6
937
792
1006
46
673
449
512
416
867
578
858
875
664
891
21
645
983
772
422
7
961
573
166
973
986
451
843
544
143
803
900
353
906
842
141
47
455
421
710
953
174
579
281
646
628
410
770
970
550
539
53
138
322
855
797
443
677
821
964
326
279
760
577
774
740
835
938
462
406
19
836
936
448
840
987
159
554
358
868
967
116
387
546
328
738
874
389
979
484
396
856
676
517
666
295
928
9
963
854
698
505
613
822
68
616
423
965
647
215
207
904
996
106
885
902
998
203
642
442
941
79
962
1019
122
324
220
75
292
575
140
86
742
610
606
948
946
325
452
898
712
384
995
866
132
343
773
357
172
377
94
823
817
10
930
790
17
454
519
206
186
235
696
834
280
737
800
933
488
82
170
263
475
182
708
769
929
910
78
890
695
909
581
730
791
976
997
346
877
799
802
674
62
248
321
319
1008
899
294
775
175
731
261
208
966
934
571
391
409
50
896
706
38
744
923
1002
841
446
901
810
809
238
609
16
270
968
702
978
600
111
627
27
887
903
194
969
204
954
352
569
1005
176
757
845
931
833
254
602
425
211
237
48
801
231
547
548
873
897
418
365
310
158
590
355
566
356
632
1009
153
980
480
862
614
363
884
1003
22
608
853
49
395
112
252
576
184
844
417
354
441
811
5
277
205
171
419
943
848
859
612
144
42
944
551
427
507
895
156
942
54
1022
580
287
473
374
699
386
103
734
641
293
290
789
572
865
67
426
1023
709
1001
736
178
977
945
846
8
776
935
398
912
146
376
30
832
878
18
919
439
118
918
813
814
582
537
243
735
824
528
145
283
768
236
894
999
889
920
601
127
200
364
58
864
947
951
796
847
477
1015
1017
55
1000
222
476
36
155
177
347
229
820
217
788
915
104
273
541
131
883
125
665
777
282
849
259
888
565
388
314
1012
1010
258
1004
852
913
778
516
1013
818
584
139
76
424
640
109
741
249
762
151
412
1011
880
522
863
108
1014
831
113
914
812
209
157
257
444
893
882
767
250
73
615
393
1020
881
534
130
779
305
807
420
892
289
509
984
262
911
988
90
183
681
952
850
415
633
394
302
114
120
921
33
661
95
553
568
684
303
300
360
241
520
331
827
467
34
463
693
596
583
879
385
23
41
392
808
267
375
659
552
687
28
989
540
471
210
373
759
607
819
80
745
828
251
851
81
639
2
24
65
567
533
508
88
37
1016
165
298
860
35
276
123
727
69
502
128
542
230
93
198
218
306
521
107
407
783
338
342
564
101
536
304
625
97
189
621
301
626
752
682
713
763
445
563
268
332
532
269
66
671
329
242
408
694
309
1021
440
260
32
190
764
511
595
74
150
780
758
501
299
39
71
92
795
152
782
535
721
1
129
504
315
531
562
333
216
63
100
746
593
223
362
683
751
594
717
64
690
308
99
401
366
496
98
164
339
369
124
274
96
718
530
361
275
70
330
431
589
472
781
56
228
503
340
466
337
341
119
500
747
197
102
529
748
307
750
715
336
561
334
726
716
399
703
749
87
689
658
714
719
434
31
464
657
720
688
335
499
367
498
497
400
432
368
433
465
