-0.04966116
-0.017940044
-0.10220528
-0.00016880035
-0.03771925
0.051683426
0.038852215
0.04139185
-0.14201403
-0.0058755875
-0.0867672
0.12081671
-0.11823416
0.10866213
-0.11024952
0.026045322
-0.059313774
0.08691931
0.15108109
0.025165558
-0.031179428
-0.08807421
0.02393198
-0.03111887
-0.046695232
0.069830894
-0.077958584
-0.1343112
-0.01071167
0.007539749
-0.13119268
-0.011817932
0.12438774
0.03670311
0.07647228
0.19240999
-0.05727625
0.20737457
0.43214464
-0.0934
-0.18278122
-0.2888775
-1.0384498
-0.87909746
-0.63207674
-0.14500475
0.2744031
0.42818022
0.31911945
0.24656725
0.22313356
0.20180559
0.12059021
-0.05227709
0.054888725
-0.0965786
0.0038604736
-0.032568455
0.03250456
0.31467438
0.37947607
0.37903643
0.32527447
-0.019077778
0.23550797
0.32019758
0.77179956
-0.7965689
0.42989206
-0.29738092
-0.06670046
-0.48670912
-0.30910873
-0.013214588
0.08680439
-0.1737876
-0.00391531
-0.03903866
-0.16093063
-0.34743643
-0.6306782
-0.81083155
-0.12066555
-0.06719637
-0.021027565
-0.048107147
-0.5905113
0.11994076
-0.24246311
-0.07314253
0.19820309
0.07022667
-0.18193054
-0.043599606
-0.24952555
-0.06718111
-0.5793543
-0.3405013
-0.32156467
-0.13691235
-0.012216568
0.11218643
0.29887295
0.46239138
-0.09918976
-0.4026494
0.0
0.19443607
-0.0037651062
-0.4010992
-0.076535225
0.02839613
-0.035911083
0.06080103
-0.90713644
-0.61640024
0.27247286
-0.021289825
-0.14861202
0.18353415
-0.075912476
0.015817165
-0.24300861
-0.26923895
-0.08235884
-0.17551327
-0.1776123
-0.26181316
0.019316196
0.022615433
-0.027973652
0.2049818
0.07745457
-0.061700344
-0.061607838
0.068647385
0.053480625
0.009960651
-0.7868862
-0.13431168
0.055494785
-0.009757996
-0.508059
-0.6461668
0.2550273
-0.6102209
-0.10783863
0.036814213
0.0046215057
-0.00054073334
-0.09120512
-0.14435434
-0.115825176
-0.20709515
0.043533802
-0.12000704
0.011653423
0.024189949
-0.20007324
-1.04904175e-05
-0.12691164
-0.088535786
-0.2487235
0.086997986
0.07167244
-0.07076359
0.008090973
0.09572697
-0.06308174
-0.23620749
0.07794809
-0.40324163
0.6628628
0.42974424
0.20637989
0.34604216
0.09353733
-0.19725704
-0.3361678
-0.29645252
-0.34720898
-0.36317682
-0.57824326
-0.46730232
-0.50464344
-0.40857363
-0.53702307
-0.38698196
-0.18719482
-0.35085678
-0.07039356
0.2634554
-0.014840603
-0.3295474
-0.04240179
-0.059333324
0.0012173653
-0.41871452
0.2544222
-0.4967494
0.37320852
0.6017804
0.17648745
0.27213526
0.034318447
0.08024025
-0.11912012
0.00077295303
0.037152767
0.045645237
0.05241108
-0.24940968
-0.475801
-0.33579588
-0.45810652
-0.32208538
-0.52971506
-0.38476467
-0.0157547
-0.08424282
0.159791
-0.30713654
-0.26531458
0.13740253
-0.68348265
-0.20226812
0.14515066
-0.1389389
0.06051445
0.2612009
0.0917387
0.0374012
-0.0014925003
-0.03343916
0.17196465
0.11913061
0.27220488
0.39800406
0.43764925
0.34262705
0.27963066
-0.076030254
-0.26027298
-0.23937178
-0.112021446
0.024524212
-0.24633694
-0.3886876
-0.74177694
-0.3644414
0.8821974
0.5547075
-0.26618958
-0.5772362
-0.43214178
-0.32123947
-0.14671707
0.21260405
-0.02855444
0.007062912
0.13206911
0.025320053
0.053976536
-0.08385134
-0.13475752
-0.17213011
-0.23877335
-0.010930061
0.061866283
-0.07627964
-0.012184143
0.056274414
0.12953949
0.20789719
-0.17591143
-0.30512953
-0.9315858
0.5959568
0.7962203
-0.6220927
-0.10489273
-0.29483652
-0.35971165
-0.10650015
-0.10611868
-0.029755592
0.31666088
-0.0065140724
-0.022359848
-0.16832829
-0.05757761
-0.27598238
-0.10262823
-0.5304384
-0.46426964
0.20115995
-0.0024809837
-0.46984768
-0.35341787
0.13588381
0.2897849
0.1430769
0.06951761
-0.255363
-0.3081894
-0.4391632
-0.37523222
-0.9408355
-0.15576696
0.25316048
-0.49780416
-0.07286835
-0.31876373
0.08647585
0.18180084
-0.0014166832
-0.061264515
0.11975384
-0.03199339
-0.07873535
-0.051471233
-0.19263554
-0.25095797
-0.06057167
0.16915655
-0.08847666
-0.02469349
0.12812519
0.011862278
0.42996693
0.36837578
0.024769783
-0.1858778
0.0
0.5568304
-0.7722974
0.08510733
0.27896118
-0.20424986
-0.14927435
-0.5194726
0.13501549
0.12509918
0.013589382
0.015019894
0.062170982
0.17517757
0.38364697
0.48358727
-0.067090034
-0.31026936
-0.117455006
0.12744951
-3.5762787e-05
0.1430459
0.019353867
0.059359074
0.36752796
0.44949007
0.3076086
0.38029766
-0.38440466
-0.7332258
-0.78658247
-0.16219282
0.4693179
-0.062043667
-0.41522694
-0.1978383
0.07363796
0.08722401
-0.034359932
0.24411917
0.30853558
0.3134284
0.5790019
0.55707073
-0.007993221
-0.24376822
0.16172552
0.033318043
-0.073382854
-0.1023798
0.115436554
-0.007104397
0.23758173
0.43963194
0.92691946
0.63366556
-0.1414051
-0.47828627
-0.18672705
-0.008049011
0.12854385
0.17927933
0.092098236
0.17276525
0.5553503
0.20204782
0.20122385
0.27020264
0.38524532
0.3234377
0.5422783
0.50575113
-0.14369917
-0.20300817
0.013746738
-0.0004477501
-0.31204653
-0.005191326
0.27960825
0.08966589
0.09036636
0.4378109
0.31980515
0.5346284
0.23468494
-0.4863677
0.08022356
-0.056450367
-0.24107218
0.4278798
0.561821
0.056876183
0.29135942
0.14829159
0.19528389
0.31090212
0.39761305
0.25763416
0.23642015
0.17322922
0.030882359
0.028418064
0.006146908
-0.24037981
-0.038312912
0.30261898
0.26094198
-0.006398201
0.109811306
0.4487834
0.39303875
0.06393814
0.5513859
-0.26953983
-0.44276905
-0.21236753
-0.47813845
-0.3601179
0.010760784
-0.20807123
0.050343513
0.32881403
0.3742175
0.35127497
0.17915869
-0.0609231
0.2241621
-0.06602287
-0.033431053
0.050439358
-0.49528694
-0.23286963
0.28487015
0.1641841
0.26439953
0.27756214
0.36554623
0.25448704
0.24784088
-0.10467672
-0.59144306
-0.2748103
-0.31682873
0.10332012
-0.5577884
0.42269278
-0.3712821
-0.17161751
0.31439018
0.36310434
0.3617201
0.25616312
0.24988604
0.15698051
0.13918686
-0.0986619
0.004555702
-0.27220392
-0.12209368
0.26684427
0.28874302
0.20616293
-0.002916813
0.33623457
0.18999243
0.21631622
0.2207799
0.15561628
0.23883057
-0.73297405
-0.4793887
-0.46966457
-0.41676044
0.33132935
-0.18138456
0.15575504
0.35980225
0.23597527
0.3714962
0.3269663
0.015909672
-0.084391594
0.014026642
-0.15690327
-0.5072403
-0.18080568
0.14283466
0.31510878
0.13360214
0.059030533
0.020753384
0.1085577
0.047047615
0.067100525
0.33494186
-0.031387806
-0.15785599
-0.53850937
-0.16059732
-0.17937279
-0.043894768
-0.07807541
0.118952274
0.036724567
0.3509097
-0.026202679
-0.04215622
0.0048294067
0.11798811
0.07505274
-0.19686985
-0.00642395
-0.077870846
0.102110386
0.14360046
0.12094927
0.1538744
0.14209461
-0.08157778
-0.05539131
0.2571807
-0.060619354
-0.1031518
-0.2576766
-0.6806102
-0.7911892
-0.26529884
-0.0519557
0.11713123
0.41667652
0.17057037
0.046144485
-0.1265831
-0.27212286
-0.19989109
-0.25432348
-0.23876667
-0.0104289055
-0.12367725
-0.20253706
0.17753744
-0.05861473
-0.09882736
0.11944151
-0.05422592
-0.033661842
0.19195986
0.16365957
0.08566952
0.0070352554
0.43223715
0.5324874
-0.9951744
-0.7369909
-0.5052228
-0.41539717
0.015126705
0.17908335
-0.18931103
-0.36870623
-0.17293072
-0.53738546
-0.35378218
-0.16019154
-0.082597256
-0.019043922
-0.0020389557
0.051654816
0.051066875
-0.03824234
-0.029353619
-0.018267155
-0.0003566742
0.008935928
0.05226755
-0.09102106
0.31805325
0.03046465
0.21599817
0.6418338
-0.66332245
0.0
0.03397417
-0.3354311
-0.17892456
-0.19968843
-0.27607822
-0.08573866
-0.5834284
-0.5474329
-0.29444838
-0.2909379
-0.1544385
0.01465559
-0.037507057
0.07807779
0.06900358
-0.19146776
-0.17851782
-0.18782854
-0.4014392
-0.31132317
-0.110404015
-0.3548422
0.03176737
-0.54689217
-0.7493305
-0.6477194
-0.7633743
-0.75166655
0.03335762
0.069253445
-0.031768322
0.031530857
-0.35281515
-0.19624567
-0.36718607
-0.4473939
-0.075003624
-0.31105232
-0.2846384
-0.36217546
-0.3992567
-0.34050417
-0.137012
-0.082324505
-0.32671595
-0.2663703
-0.4725337
-0.39704943
-0.42977333
-0.31826162
-0.29558182
-0.6432853
-0.7338939
-0.94922876
-0.702734
-0.66413164
-0.067355156
-0.08120108
-0.057177544
-0.13245153
-0.6498976
-0.4578104
0.19416237
-0.24504614
-0.26317883
-0.24629307
-0.14048243
-0.22180128
-0.22879696
-0.3437171
-0.51621914
-0.19285488
-0.44826937
-0.12741709
-0.41164303
-0.46629333
-0.19558191
-0.52242756
-0.5901618
-0.43896484
-0.60596895
-0.9364557
0.29120922
-0.050932407
0.0056653023
-0.063026905
-0.11452484
-0.2033186
-0.2278037
-0.26937294
-0.55157423
-0.505373
-0.49756432
-0.9900174
-0.96513224
-0.40801096
-0.43152523
-0.6827879
-0.41511488
-0.31025124
-0.33269882
-0.50557756
-0.5425916
-0.63609076
-1.0251966
-0.54074144
-0.7006526
-0.58780956
-0.6385417
-1.046082
0.016242981
0.12740564
-0.10923147
0.16059065
0.0081563
-0.070192814
-0.31456614
-0.22943544
-0.76262
-0.4975586
-0.5331869
-0.71855927
-0.8822851
-1.0083232
-0.9884119
-0.74624205
-0.9180684
-1.3513556
-1.1704764
-1.0444164
-0.83245516
-0.717968
-0.9657998
-0.9378309
-0.843771
-0.8938403
-0.5591984
-0.75694036
-0.14781761
-0.11837816
0.02660656
-0.002687931
0.02424097
-0.052912712
-0.04735279
0.0143146515
0.14186907
-0.42286777
-0.57456446
-0.91362906
-0.8212862
-1.111783
-0.7130022
-0.75948477
-1.1203012
-1.205378
-0.5351062
-0.06125307
-0.0398736
0.2781105
-0.09590244
-0.13906574
-0.12619495
-0.07967615
0.077507496
-0.084103584
0.054091454
-0.020724297
-0.018881321
