465
433
432
401
464
653
622
654
369
687
685
402
652
686
370
371
718
717
684
719
720
651
688
497
621
619
689
466
400
431
590
403
620
657
467
683
470
339
471
690
368
503
463
751
434
972
468
750
336
623
502
722
655
436
20
404
721
338
469
716
435
982
334
307
438
372
335
340
337
424
498
656
749
691
933
499
801
795
587
723
425
899
755
650
439
659
885
831
983
392
971
383
21
19
415
430
302
941
932
658
457
937
752
940
366
515
931
984
437
618
301
825
269
748
173
794
212
219
930
1016
367
123
184
756
8
660
852
451
715
900
172
39
349
456
305
405
725
186
13
934
306
124
192
256
1015
267
886
481
726
268
853
382
264
762
381
40
673
864
535
724
827
968
360
24
111
833
274
776
23
928
393
832
7
964
204
908
131
323
387
753
313
511
238
327
295
904
782
450
800
666
6
783
703
282
856
950
365
989
109
126
754
602
11
378
682
857
289
178
160
1002
294
787
649
293
676
28
185
648
213
218
959
59
485
641
973
446
10
43
791
823
199
1008
909
579
472
799
345
917
229
281
263
60
308
53
399
542
161
763
969
583
483
806
855
747
774
159
671
275
757
262
33
205
31
797
936
181
187
838
550
887
702
824
591
52
351
14
303
418
76
163
128
261
484
101
27
500
704
513
905
137
773
226
736
