840
830
5
423
903
51
570
958
983
116
630
76
10
168
224
133
949
234
226
638
244
136
108
252
666
421
290
550
669
110
26
452
149
675
254
927
405
101
166
44
482
256
676
960
431
472
358
345
780
646
606
259
104
588
449
939
479
642
987
340
896
982
169
73
212
379
583
35
285
766
961
61
167
92
146
121
450
826
382
313
455
810
43
933
255
83
873
486
637
504
689
1018
908
152
0
470
131
598
835
813
451
600
481
513
414
301
86
181
36
3
698
349
291
269
951
180
201
885
348
1002
128
822
200
82
985
100
233
306
809
886
553
667
471
28
536
783
424
986
519
52
981
834
803
733
825
765
480
27
485
355
740
281
772
918
632
710
19
273
622
225
1006
718
510
29
976
917
648
644
506
928
972
365
538
333
322
521
781
950
677
560
770
109
678
975
618
743
520
514
587
439
518
381
711
148
264
179
635
659
47
473
692
788
265
465
551
797
511
522
617
1007
77
537
552
971
568
645
787
616
487
941
940
4
782
323
784
688
585
786
569
271
586
398
505
631
721
752
488
334
591
599
657
438
339
756
272
724
690
372
785
338
687
456
621
335
303
337
652
458
489
432
469
457
685
336
619
620
468
305
653
523
304
466
654
686
524
437
691
459
493
399
755
371
368
722
366
367
404
753
433
592
490
460
369
434
754
370
436
467
403
400
402
623
401
656
435
723
655
624
491
492
