502
390
418
705
446
530
253
307
279
363
769
338
199
282
81
558
676
114
766
474
310
171
733
198
734
504
335
281
145
366
362
708
770
311
448
678
475
752
742
506
419
750
773
80
737
677
779
533
503
765
747
736
738
776
586
771
531
743
735
706
391
115
254
775
226
778
749
777
707
389
447
283
170
394
709
748
256
744
308
86
559
285
452
704
143
712
222
252
109
340
280
711
134
751
477
718
361
177
693
745
741
174
216
197
525
257
696
336
417
354
772
505
424
434
137
194
442
651
421
146
764
255
679
602
516
535
410
258
629
746
228
202
739
173
534
543
411
462
468
601
368
480
542
286
205
326
367
305
381
208
42
178
55
179
225
328
26
630
132
767
721
768
698
557
176
169
299
231
232
740
437
148
470
209
507
393
330
189
207
680
657
588
621
312
673
469
409
655
206
15
716
292
379
762
754
246
4
182
650
339
697
495
313
200
337
441
290
396
117
24
641
724
689
16
726
395
710
560
382
302
760
612
272
521
640
589
575
118
136
517
774
322
719
83
544
658
406
144
700
463
497
84
671
522
355
9
341
30
758
274
180
717
14
579
523
670
479
196
204
573
53
781
291
227
546
551
412
11
547
562
759
563
138
289
438
301
415
672
215
210
518
181
617
29
31
184
585
492
668
488
22
56
730
487
271
498
449
101
131
82
317
720
490
217
439
414
624
183
133
782
25
130
701
260
425
243
500
298
514
140
436
515
186
230
319
565
168
443
344
203
682
10
300
524
456
353
316
162
314
318
350
628
6
233
728
378
453
501
467
20
111
7
574
729
761
756
27
461
686
493
187
454
618
491
526
532
460
659
1
616
649
309
288
603
383
566
687
494
457
545
715
722
295
482
294
244
85
571
293
763
0
125
234
615
149
725
604
19
622
329
17
564
413
623
407
287
753
327
112
141
21
643
185
654
458
172
713
541
683
385
435
512
478
440
674
190
342
584
519
757
245
259
656
703
320
625
28
175
483
496
444
727
384
408
18
780
44
188
211
8
99
613
486
323
380
284
32
755
685
265
540
681
476
590
315
431
455
587
450
57
116
430
645
273
594
113
164
23
520
263
714
2
237
153
684
147
576
489
644
129
539
568
43
570
702
5
669
100
3
783
142
653
98
126
598
388
626
675
229
127
218
596
235
201
537
399
631
219
692
124
151
561
426
632
661
484
699
52
214
509
356
321
261
633
593
464
481
577
552
262
306
343
600
370
358
352
731
529
599
240
135
471
155
324
662
54
694
423
536
163
241
548
236
472
485
550
465
508
156
400
451
297
89
152
270
128
466
648
250
402
538
405
325
374
212
459
278
553
510
123
268
264
120
688
627
609
607
103
96
351
427
158
239
33
549
346
660
369
269
569
606
401
242
652
597
404
614
499
572
377
634
646
221
160
104
119
513
154
580
333
511
554
364
663
213
635
150
582
95
581
375
345
192
567
59
432
428
121
636
247
266
275
528
165
161
433
583
372
157
595
159
371
373
691
429
397
578
102
555
191
527
416
238
403
