771
22
286
0
11
10
61
51
993
837
86
348
491
54
992
224
524
723
739
381
523
349
4
770
492
805
449
722
556
513
555
168
482
754
195
588
285
414
587
835
3
490
29
871
577
586
585
167
755
522
554
45
609
52
318
724
802
525
110
322
53
598
566
527
483
150
565
460
489
619
599
669
617
493
5
169
155
480
961
557
93
966
255
514
559
77
55
905
133
136
413
24
50
691
166
786
193
78
249
82
459
458
675
200
85
564
620
753
43
631
836
738
117
546
60
838
521
610
994
804
553
803
120
960
692
226
231
87
382
618
721
106
630
94
608
785
218
412
417
512
534
151
526
589
118
105
701
62
597
457
995
578
89
254
756
567
765
132
191
156
42
772
707
766
862
380
7
23
227
461
663
12
149
635
481
114
604
448
186
165
636
284
170
584
111
596
416
611
834
861
163
257
25
281
272
733
317
326
185
816
867
623
1018
19
793
603
787
579
181
287
344
815
830
616
939
971
533
957
154
740
817
798
91
558
376
985
552
655
1019
262
97
13
591
893
494
488
967
202
761
595
240
312
970
894
906
502
9
135
44
14
108
670
495
649
188
664
225
784
752
955
638
769
725
936
313
690
938
119
26
182
648
863
637
535
271
345
142
180
949
986
68
278
353
948
239
563
662
56
600
377
998
570
728
656
680
179
571
258
696
192
632
872
474
576
783
990
920
624
320
520
987
532
605
506
450
208
323
305
134
757
69
826
925
829
789
359
343
147
246
996
825
201
187
387
917
539
997
592
409
327
160
294
215
959
456
843
245
569
162
629
921
839
311
855
964
601
213
909
940
354
443
560
886
157
138
876
568
877
916
538
944
310
148
848
729
442
697
408
849
956
174
296
870
46
537
265
953
1000
415
280
677
303
214
695
712
788
263
518
304
927
857
528
451
175
411
410
665
963
968
923
904
743
486
978
1008
958
319
711
797
774
1002
977
811
273
337
991
277
950
954
378
234
885
109
176
207
572
295
428
1017
143
358
908
919
1009
790
679
918
607
878
145
505
895
212
887
241
183
628
812
842
999
875
814
634
244
924
388
734
100
487
972
297
146
209
981
424
279
28
602
441
614
667
946
79
937
844
316
674
951
144
976
945
612
550
847
818
645
1020
503
172
884
989
910
250
840
266
646
975
21
2
59
270
621
889
854
470
668
1003
988
264
952
806
582
391
444
792
328
66
141
178
846
375
211
647
822
633
325
821
173
454
678
858
880
824
238
1
392
76
868
845
453
83
874
744
689
206
913
982
360
860
873
423
915
907
810
890
947
289
549
519
116
515
642
422
922
36
473
447
243
710
681
727
235
760
203
1007
455
221
758
983
666
1010
853
742
1006
881
980
879
767
547
973
900
210
974
517
551
856
177
293
813
115
979
912
751
336
247
574
590
941
775
439
222
702
429
778
984
390
779
276
581
471
338
128
613
943
794
730
627
687
425
699
823
205
741
759
379
791
841
809
298
911
536
427
6
891
615
233
799
485
831
650
750
440
773
1021
720
407
827
237
583
942
41
780
475
37
196
57
1001
719
1022
698
777
644
745
282
732
267
204
30
686
501
370
903
140
820
507
242
426
309
306
236
962
688
819
926
776
268
852
107
782
219
1014
1023
898
888
540
932
883
713
509
594
693
762
478
969
171
389
914
314
384
275
472
1012
32
654
859
329
548
1004
153
125
661
121
324
92
882
544
357
808
361
833
1016
164
113
965
129
393
342
892
1011
504
198
223
369
274
545
104
1013
1005
735
256
288
386
828
901
299
736
269
660
452
75
477
462
438
484
33
694
103
807
366
199
232
622
330
300
850
152
718
651
398
251
371
74
800
302
731
90
580
781
335
217
676
500
726
1015
421
8
764
248
367
126
708
643
331
351
64
531
350
657
27
746
101
747
851
355
653
420
368
543
593
356
216
352
70
430
869
137
332
928
81
362
292
652
301
866
397
709
88
84
399
374
796
334
516
194
73
396
476
385
749
700
333
308
705
625
395
510
220
346
479
339
929
639
95
406
508
748
864
184
383
72
20
935
102
463
363
347
737
418
291
260
161
229
253
321
365
469
931
419
575
67
112
130
159
795
496
96
717
896
65
127
897
364
158
626
437
394
685
123
400
15
40
404
131
307
682
714
832
659
259
431
703
541
672
35
34
499
562
933
99
930
403
671
228
706
902
405
673
763
468
71
715
573
190
341
372
373
436
290
39
606
658
716
340
511
58
38
561
98
230
189
401
683
445
684
197
48
899
640
402
47
435
261
124
432
641
49
139
704
934
801
252
467
768
17
18
283
446
464
31
865
80
63
122
530
315
529
542
16
498
434
497
433
466
465
