751
182
930
262
702
26
873
541
317
1021
961
102
91
510
123
571
1000
62
576
223
486
1020
970
608
854
129
921
484
752
607
159
893
292
339
668
980
944
676
107
94
947
479
958
894
991
890
933
544
738
734
804
827
411
318
199
673
915
419
908
965
60
707
447
836
408
32
953
69
727
116
578
208
446
44
952
417
191
642
5
3
772
324
831
185
320
55
867
264
485
861
79
412
132
243
839
858
150
294
539
184
766
176
1002
984
994
574
140
824
993
336
128
712
138
769
967
954
765
76
70
289
319
287
550
701
1019
802
923
941
143
257
900
939
42
229
927
987
518
202
605
830
163
33
692
932
739
351
481
638
505
611
136
863
904
9
450
543
937
790
833
826
876
443
996
296
950
250
862
538
906
981
41
743
577
887
982
288
1017
637
151
512
198
835
165
147
285
246
793
963
72
254
968
478
277
115
803
203
207
265
71
711
675
634
108
773
135
603
936
278
609
959
990
822
154
383
695
728
84
487
480
856
114
442
837
957
188
166
225
988
955
917
387
162
120
187
872
161
61
884
8
537
238
885
211
50
513
281
39
409
579
667
249
239
774
178
794
219
733
602
857
855
45
256
85
451
459
806
470
545
101
40
983
109
430
474
86
380
231
905
156
255
449
636
169
666
1007
360
413
805
916
909
871
669
133
160
696
142
838
670
192
569
218
244
195
770
226
514
956
761
410
986
771
54
323
547
286
785
14
483
729
155
25
989
193
506
4
697
245
371
376
83
886
482
0
570
214
966
175
186
377
685
949
382
995
1018
173
628
305
415
7
117
681
948
546
720
167
600
665
488
43
964
414
972
985
111
787
82
757
515
174
53
19
825
293
180
78
168
77
23
940
172
24
971
664
632
359
181
20
1008
326
295
629
680
494
212
224
381
349
502
471
348
635
378
21
10
110
503
312
52
725
601
786
179
552
337
663
344
719
688
460
392
338
534
213
327
22
592
718
689
12
11
756
345
13
535
313
565
456
753
567
630
51
653
690
652
370
493
631
424
595
526
691
566
369
495
559
425
463
599
621
461
462
721
687
597
656
624
648
686
622
458
492
521
616
654
755
724
754
598
584
564
655
489
491
591
596
553
590
457
649
490
623
651
722
723
522
650
620
523
558
589
524
525
585
617
557
554
588
555
619
556
618
587
586
