580
21
649
97
163
284
246
120
764
698
749
342
107
594
133
590
310
207
399
280
252
512
12
658
122
535
357
99
161
674
108
622
78
195
763
353
678
181
73
279
260
169
400
405
223
393
406
779
301
320
259
459
469
609
153
325
613
480
295
313
89
433
109
113
341
431
450
557
436
428
76
166
629
272
569
86
461
352
311
37
164
75
753
294
380
703
441
300
100
743
378
329
627
628
517
620
762
773
768
767
333
350
744
532
42
93
94
765
137
305
364
407
381
92
307
617
747
225
739
489
379
717
67
706
434
587
741
760
507
146
312
712
709
351
735
490
193
421
766
422
115
462
323
738
136
772
621
249
322
96
408
616
742
74
479
361
737
117
746
143
770
588
363
449
642
707
104
775
251
761
390
142
708
281
72
70
769
90
69
745
145
724
138
222
114
505
335
194
277
586
477
71
253
306
197
250
670
278
362
334
