350
65
322
68
294
675
774
560
306
502
249
67
378
615
74
222
676
450
334
106
562
768
418
433
366
449
760
72
40
169
671
772
39
4
288
701
279
38
82
557
561
558
782
92
36
93
588
698
477
221
75
405
529
266
37
165
287
168
333
377
139
592
587
166
736
721
195
170
254
181
335
780
568
677
479
23
389
339
451
746
50
284
85
47
133
135
3
752
17
569
728
200
753
508
193
311
197
779
417
98
775
751
52
54
28
364
14
476
57
474
337
113
225
293
285
118
725
289
248
445
390
146
504
349
767
446
534
645
567
265
286
641
143
43
570
743
260
499
321
290
648
263
556
119
543
94
528
527
590
571
257
278
507
163
97
44
194
781
136
264
132
595
229
259
192
716
620
541
227
526
650
596
597
11
262
261
228
540
134
542
1
292
81
220
622
56
291
22
160
598
697
258
86
129
161
471
706
497
314
130
276
565
537
724
496
672
599
633
554
625
315
404
162
634
525
519
281
566
539
131
594
341
551
576
731
660
316
27
762
632
42
432
191
515
606
188
661
488
578
159
662
550
663
603
481
605
61
509
553
577
309
189
219
704
635
604
607
549
89
142
552
670
579
317
251
584
19
612
732
154
318
187
460
475
153
631
431
90
757
532
158
223
80
190
9
109
727
155
636
15
640
388
639
512
13
694
107
616
83
538
196
29
198
88
459
644
0
111
664
420
226
608
140
331
62
18
112
387
580
756
6
617
60
699
7
253
729
766
610
719
320
156
723
611
376
247
35
137
167
487
695
157
513
665
748
514
486
91
403
343
342
348
458
402
430
