565
533
850
848
534
849
597
501
880
846
881
847
208
629
566
913
851
282
502
679
712
250
882
236
48
661
314
207
837
209
408
819
176
820
251
206
575
775
883
1011
580
811
241
608
627
744
66
426
814
9
817
878
914
177
808
734
581
859
319
818
295
16
237
1012
879
945
844
203
392
242
776
867
98
874
889
422
175
875
1010
444
576
767
178
197
17
993
934
80
713
897
84
836
239
703
119
628
573
65
912
409
32
33
79
376
821
845
262
440
758
865
188
360
574
777
640
377
877
614
145
868
745
191
572
231
157
582
671
612
695
577
540
549
219
229
516
860
187
448
240
205
397
977
548
681
6
172
120
660
49
198
315
910
1021
706
280
396
979
579
892
1022
393
894
186
857
693
647
428
195
123
1020
447
173
1013
615
425
34
249
1000
286
89
248
228
112
380
884
791
129
210
427
328
805
790
296
261
578
204
221
170
816
64
283
876
609
925
71
125
989
735
327
111
852
67
643
189
420
238
605
346
211
760
944
956
217
1023
673
900
827
990
476
952
161
235
789
995
38
545
728
974
517
696
441
174
155
260
243
391
764
815
375
567
700
1015
289
216
194
139
858
804
263
359
861
135
759
603
806
991
160
326
888
890
140
417
81
541
7
18
1014
800
274
95
959
833
293
12
218
165
141
1001
202
828
90
727
641
70
613
866
969
853
953
978
31
702
611
832
607
294
196
598
388
762
1009
41
50
650
25
543
662
796
792
999
190
258
37
227
508
150
74
539
919
938
799
230
56
53
544
193
246
353
154
1016
863
253
134
40
266
793
542
794
923
270
955
413
547
151
707
937
773
321
649
920
761
970
856
824
102
126
220
55
729
639
610
909
316
672
57
870
42
604
299
325
634
602
864
684
680
997
546
88
515
905
385
622
182
199
964
343
357
350
831
507
453
356
184
130
736
75
869
297
512
144
475
725
142
344
107
738
94
664
320
213
156
842
798
992
705
751
1017
147
929
478
257
185
779
988
292
118
984
943
389
973
105
39
310
768
902
670
968
267
697
954
871
994
887
1019
164
158
63
630
302
162
163
931
387
823
709
159
62
633
922
921
730
22
124
312
354
741
651
822
192
46
226
106
171
442
960
854
946
384
390
91
965
416
855
704
737
386
862
122
352
484
114
345
483
214
626
143
936
232
224
924
300
668
550
96
418
896
739
278
731
445
701
313
983
571
638
535
646
407
893
843
726
288
358
769
68
223
947
948
324
659
807
454
795
215
103
812
717
482
329
421
829
99
138
674
757
928
212
183
985
1004
247
347
665
87
899
23
1003
15
895
153
268
951
915
637
636
1008
256
481
21
8
1018
930
412
669
276
802
30
2
560
663
699
841
716
290
225
957
942
926
891
474
987
962
277
449
259
287
996
986
93
452
584
966
291
85
168
222
24
927
318
907
234
513
683
423
963
72
132
742
245
167
839
774
801
361
419
470
606
127
113
133
480
455
980
166
244
76
269
485
583
169
732
509
45
110
750
69
708
78
601
97
554
383
394
958
137
570
44
362
886
982
450
666
117
783
916
128
355
254
658
410
885
252
451
14
710
825
11
749
486
317
54
514
131
180
780
273
311
181
642
698
911
675
901
1
961
998
378
73
763
82
322
771
918
115
136
906
309
766
648
279
872
83
830
429
477
43
813
826
443
424
201
618
692
20
904
682
932
472
406
667
949
676
301
503
351
411
149
898
51
617
200
271
152
116
281
718
939
591
10
146
59
520
711
528
1005
446
101
255
60
678
967
715
635
461
600
838
810
471
323
121
518
733
331
788
521
748
275
840
35
950
559
519
108
632
538
58
917
5
179
233
510
405
552
908
284
743
506
765
787
13
104
264
473
553
784
479
92
86
537
976
935
644
100
504
379
415
903
61
719
585
786
0
365
364
1002
616
439
981
551
332
809
36
522
465
285
873
363
835
330
348
625
621
487
747
382
272
677
52
488
778
3
781
398
26
1006
536
645
395
975
834
569
803
306
797
333
586
933
77
456
785
555
505
298
498
756
782
457
148
19
740
972
588
527
587
27
47
29
349
438
265
511
1007
685
109
724
653
414
714
489
28
770
772
752
654
971
694
652
631
466
431
525
568
599
307
941
497
308
458
940
432
593
746
619
342
499
721
381
755
589
687
303
529
430
686
464
688
620
372
4
374
720
690
334
590
469
373
592
340
437
561
404
691
523
623
596
754
399
753
335
338
304
496
530
526
722
689
657
524
339
490
434
305
493
500
433
467
366
495
562
468
556
459
337
341
595
403
594
435
563
564
494
723
371
367
336
436
531
368
402
460
400
463
557
655
369
558
370
401
656
624
532
462
491
492
