629
158
168
571
709
288
692
304
237
533
598
216
290
492
30
758
42
8
274
605
689
624
186
597
498
210
155
209
161
453
715
246
206
634
285
151
60
101
652
436
34
13
750
10
105
430
363
649
113
364
223
601
275
749
58
683
214
532
181
12
137
526
108
407
211
182
193
333
125
633
587
608
464
179
402
359
421
204
408
234
746
224
520
281
742
431
238
73
570
612
554
180
588
572
569
239
350
183
630
766
664
539
199
403
243
419
35
508
38
650
309
581
765
762
753
708
284
88
686
404
117
75
695
322
153
63
655
716
178
663
313
744
653
761
712
717
642
87
452
684
745
685
540
573
623
763
367
51
45
530
139
639
348
769
128
607
488
252
502
739
41
693
121
446
286
376
375
124
582
266
656
166
662
760
602
472
657
253
267
559
480
726
335
594
748
347
568
170
698
580
118
595
670
360
770
36
39
515
127
541
86
228
307
702
640
585
747
49
614
48
47
98
256
505
752
123
669
613
610
622
450
320
340
775
312
104
100
126
666
675
169
566
513
514
70
449
544
109
591
294
331
99
567
303
50
719
43
122
667
646
195
477
447
332
555
611
362
641
77
225
81
764
76
621
37
78
40
95
97
171
531
474
668
618
72
90
251
584
71
528
44
94
278
250
556
89
80
69
92
114
138
451
586
74
475
583
389
143
390
197
79
64
142
361
115
418
529
391
306
91
479
724
96
66
93
503
334
590
65
558
557
67
696
