71
670
70
72
142
69
93
557
96
75
76
559
97
531
74
450
117
65
143
73
197
92
477
94
114
68
67
621
642
529
66
422
64
505
145
588
90
613
79
118
223
78
646
278
591
335
91
364
586
590
698
46
558
334
251
225
256
724
306
616
104
37
86
122
421
50
761
12
77
649
48
166
195
250
228
144
617
363
49
38
98
449
572
277
115
36
333
362
578
607
138
620
618
88
35
532
95
507
635
34
569
568
479
120
43
570
760
169
608
222
100
571
51
636
99
610
199
47
648
108
87
726
361
305
702
113
125
171
162
580
633
585
161
753
392
556
577
167
678
146
634
606
582
696
619
541
637
63
594
598
663
579
255
543
605
13
119
139
765
567
128
622
595
194
147
587
472
707
45
3
708
645
766
675
58
671
641
30
141
600
779
28
459
2
782
109
525
238
693
29
762
712
495
476
498
755
19
17
25
279
203
526
55
522
535
4
743
467
744
777
81
307
173
469
174
697
441
468
470
418
705
