209
211
462
736
742
652
722
513
198
363
608
280
430
465
460
212
238
750
683
749
296
350
514
663
181
402
452
208
763
304
182
554
366
532
199
459
587
746
639
346
686
464
286
374
447
437
241
409
367
588
745
184
252
239
183
640
716
237
744
765
480
662
240
318
650
139
762
504
633
502
322
268
153
655
623
712
717
653
41
748
573
582
340
684
666
463
685
773
401
584
429
171
43
766
312
669
544
474
109
120
394
611
656
613
491
739
121
585
667
81
657
533
775
307
360
39
86
530
267
555
595
335
127
747
594
568
586
528
622
770
764
719
293
256
641
752
123
80
266
567
126
122
475
50
303
389
114
49
72
225
40
76
250
556
309
78
331
668
390
391
37
143
89
253
306
479
583
332
294
621
71
95
362
418
142
251
197
529
44
97
361
281
115
69
138
90
96
94
74
278
68
91
334
92
769
79
590
66
65
503
724
64
558
557
93
67
696
