590
362
474
171
670
618
676
197
696
446
114
390
705
283
143
311
477
96
646
449
418
647
305
505
708
44
109
115
335
675
306
557
80
391
363
473
531
589
169
221
744
668
472
81
334
669
563
89
450
451
706
502
137
144
282
556
307
726
648
43
249
529
535
566
558
707
118
678
256
447
421
138
222
475
693
479
145
117
170
591
452
361
779
528
702
251
741
95
724
104
177
199
748
279
745
389
564
506
333
565
710
583
507
92
709
704
130
388
503
689
471
698
743
255
559
86
350
312
165
74
509
99
641
444
747
651
98
537
536
91
749
610
482
289
174
72
717
419
443
243
697
767
713
746
733
178
136
228
614
719
686
193
181
340
274
100
204
460
538
508
742
367
480
123
424
510
162
425
286
490
254
525
738
650
94
567
716
113
580
142
125
198
662
127
619
612
192
718
777
186
682
639
448
679
478
687
584
156
287
310
715
119
151
685
396
124
406
353
569
611
439
663
288
765
568
201
225
176
302
677
126
172
604
766
285
640
194
250
258
638
714
202
692
441
481
393
454
671
173
728
25
399
467
314
440
775
206
257
300
313
205
226
301
231
55
778
574
1
442
230
737
189
560
484
168
338
53
415
426
6
410
776
11
140
438
468
148
552
17
31
414
328
412
511
455
512
54
111
7
383
485
220
411
341
385
615
500
456
330
329
59
387
358
