556
524
596
492
554
586
527
490
560
559
522
585
555
491
595
525
598
588
557
528
523
587
493
597
553
592
489
521
526
630
458
618
460
723
494
617
495
566
461
624
623
558
722
848
591
589
619
728
599
459
565
1018
395
363
847
817
655
457
816
815
849
629
878
986
564
318
696
312
692
278
428
567
843
344
208
311
1019
620
563
22
724
631
3
754
533
877
948
946
992
789
534
286
691
246
532
429
955
552
998
0
944
285
842
993
761
755
245
662
207
168
846
343
310
985
279
284
712
584
89
987
240
106
879
793
949
945
520
376
906
978
221
427
786
628
837
977
663
132
86
875
396
359
474
664
1006
179
594
994
953
997
200
844
818
679
488
11
136
348
175
771
876
729
1009
134
277
176
105
97
680
4
871
54
569
785
916
103
574
711
753
766
66
296
322
486
756
358
209
265
239
743
287
85
976
635
798
55
120
316
739
788
114
167
180
174
765
147
669
224
770
157
88
331
29
453
118
675
537
920
610
93
960
862
414
970
938
609
954
61
57
707
191
677
880
68
482
814
133
996
603
254
845
280
805
202
87
448
701
804
966
608
449
636
56
326
740
792
923
957
697
90
514
12
1000
910
195
518
193
443
169
214
380
213
156
861
25
364
826
695
578
412
787
411
995
181
77
568
893
10
82
604
119
605
442
78
234
1020
835
255
166
881
971
51
201
50
375
921
142
616
170
413
144
506
149
961
384
357
836
863
146
74
345
313
347
939
611
905
577
943
674
69
830
52
117
738
462
513
483
649
811
272
974
665
802
354
36
417
155
422
638
637
104
138
353
999
480
247
116
135
894
925
162
390
614
772
546
725
733
258
271
441
975
790
409
1010
327
867
381
42
67
44
408
990
91
5
108
231
45
325
872
874
43
342
656
110
963
571
410
838
115
644
319
215
297
143
627
15
266
962
377
670
632
249
757
889
141
53
389
981
226
572
959
924
107
349
895
321
388
416
645
539
913
646
812
257
803
870
46
379
607
858
721
352
94
148
854
512
956
668
760
540
744
979
73
426
839
868
165
829
505
304
601
575
151
927
317
356
650
362
958
62
150
890
281
13
24
576
227
821
244
869
967
600
477
182
9
153
841
834
183
34
273
154
241
855
81
1023
825
60
309
26
1008
1022
487
355
667
947
222
678
303
194
1003
1007
903
813
705
145
378
473
478
129
886
14
75
732
612
543
936
188
140
857
642
509
83
447
160
192
320
840
570
991
988
545
84
455
562
225
95
385
7
708
288
544
2
769
734
444
573
884
784
37
189
737
582
699
873
70
727
579
382
92
260
1021
510
643
538
822
909
922
964
456
451
810
613
109
111
130
476
324
898
547
806
79
700
323
23
767
481
41
706
450
965
742
606
387
901
65
72
713
892
314
479
773
259
710
187
163
203
315
681
291
48
98
161
32
59
423
693
28
735
548
980
49
731
332
159
374
989
1017
484
452
76
581
926
917
860
172
30
648
774
158
809
797
100
915
223
549
391
900
887
475
454
730
897
397
593
896
64
551
19
929
508
580
519
235
741
824
928
289
171
633
102
550
702
71
833
137
253
190
672
152
206
541
17
113
305
276
794
295
419
950
800
18
639
210
421
515
290
634
128
919
736
329
783
779
58
828
764
951
293
256
298
907
799
196
212
270
238
6
121
40
932
709
233
445
211
1012
386
127
328
292
507
38
232
420
647
866
96
775
902
778
125
827
864
517
218
768
673
904
891
263
676
859
177
217
918
330
164
248
243
1
27
698
832
856
1002
185
796
126
262
294
20
752
930
8
704
780
39
237
418
112
178
831
823
350
35
47
21
220
198
283
661
485
536
666
446
440
640
228
807
424
641
173
1014
952
264
230
931
762
216
186
801
511
251
407
275
229
758
501
759
242
531
865
33
16
888
819
763
250
63
274
535
671
199
615
360
300
583
542
908
123
1011
425
236
80
791
351
383
968
31
299
308
184
602
703
361
282
261
392
504
808
139
346
415
934
561
694
933
746
590
516
885
782
973
853
937
911
899
795
268
393
99
472
745
935
205
983
197
850
781
252
776
940
430
982
269
820
777
912
131
747
394
267
219
204
1004
1015
101
502
306
942
726
1001
883
969
972
882
914
406
1013
748
750
984
714
1005
439
751
852
682
749
341
715
941
398
463
337
1016
301
124
851
690
122
500
338
302
496
470
503
621
471
333
307
438
651
660
716
373
654
622
336
365
689
405
437
370
625
371
686
469
499
404
683
529
366
431
335
530
687
717
339
340
688
720
719
334
468
399
718
436
367
626
372
659
657
403
653
368
369
652
685
435
658
684
467
400
498
402
401
464
432
497
434
466
433
465
