474
670
590
362
446
197
477
696
114
618
646
418
171
96
306
283
647
472
557
531
676
449
390
473
505
311
44
115
675
450
705
143
169
335
221
589
421
591
89
708
563
529
363
648
117
447
726
334
137
702
391
564
43
92
72
95
706
118
535
556
305
678
471
74
81
130
444
256
144
566
707
170
80
698
724
779
475
282
91
109
361
693
145
165
222
251
333
669
712
507
193
94
744
451
689
614
502
528
619
138
125
127
569
610
389
126
611
393
697
399
749
14
554
673
659
415
376
671
230
1
503
416
25
294
657
461
639
684
320
700
31
777
351
84
203
4
188
720
26
182
527
658
134
18
233
412
24
101
778
374
419
324
629
687
561
168
384
23
9
347
356
550
220
584
436
157
136
734
428
329
398
417
340
445
500
397
643
331
387
368
533
360
