463
490
454
91
267
455
485
491
484
240
180
735
137
6
278
71
35
333
194
462
167
420
62
350
213
464
48
140
550
111
423
616
492
18
617
483
643
665
322
15
486
733
366
27
60
208
81
226
748
112
457
365
523
422
7
166
46
699
13
80
756
763
358
766
11
475
487
729
83
0
110
458
611
20
42
2
179
242
281
9
771
196
253
198
21
45
425
731
734
762
29
152
459
453
703
644
10
723
672
107
363
138
88
504
153
191
294
704
115
727
32
357
728
744
207
39
446
349
49
411
482
690
364
105
90
40
190
780
522
329
573
151
36
534
551
225
516
113
603
738
695
8
586
14
325
38
419
645
444
767
590
3
587
50
195
309
54
389
574
337
235
724
286
602
631
751
37
347
476
34
251
779
69
545
241
639
85
397
172
139
28
352
214
640
335
336
610
168
23
377
725
532
414
413
162
670
501
330
215
480
295
108
757
378
143
142
161
163
254
89
206
649
164
383
131
92
76
417
61
356
689
227
311
132
219
75
312
317
387
593
681
66
346
469
67
520
661
193
73
323
12
