676
71
680
102
685
711
279
588
375
604
37
542
747
532
372
321
686
113
41
108
443
342
715
753
287
338
251
347
766
252
311
396
307
535
339
280
744
420
320
544
750
370
333
110
760
765
343
710
363
337
777
779
273
133
164
318
718
778
369
706
312
587
421
145
341
116
712
138
284
191
310
772
371
742
366
247
88
674
708
746
220
724
173
743
219
745
533
713
105
738
717
104
449
723
197
675
393
505
722
192
741
335
394
707
709
42
106
477
703
137
221
761
304
773
422
222
534
642
250
281
769
193
253
670
278
194
305
306
276
248
136
249
362
277
334
