168
548
714
166
466
758
101
377
32
496
60
234
206
459
347
56
440
2
143
579
497
738
468
201
0
510
532
382
672
236
128
54
151
376
289
48
256
521
239
28
238
470
179
757
19
524
242
365
178
508
547
549
184
411
86
651
673
124
345
115
457
20
314
624
260
265
116
397
640
415
629
268
612
209
205
601
469
438
204
5
560
439
235
644
378
395
8
152
318
180
233
537
231
181
6
728
261
493
258
727
404
343
756
432
53
705
471
24
29
605
153
22
281
700
100
677
177
315
665
553
453
211
702
280
21
18
759
519
354
126
412
576
573
97
286
557
657
93
385
375
338
10
755
176
494
526
294
631
366
561
492
208
604
554
406
507
227
145
167
436
482
125
17
99
423
626
504
456
31
111
26
433
83
386
762
207
356
772
7
232
461
383
460
698
726
763
451
259
77
269
429
202
485
481
600
578
571
509
630
539
733
196
174
402
434
491
316
267
401
513
172
282
252
616
742
562
442
384
525
695
745
59
478
467
15
64
295
14
147
175
725
368
479
465
462
545
463
495
374
127
445
340
81
577
195
435
455
324
512
297
322
353
341
752
325
323
229
298
500
454
602
528
70
351
120
132
98
355
336
572
774
352
541
603
139
296
483
555
327
473
114
511
734
527
253
332
737
313
529
346
448
518
308
80
464
257
584
146
225
614
299
490
735
484
170
771
770
387
502
199
488
144
621
357
171
474
489
331
390
69
775
254
388
329
751
517
200
736
142
328
503
67
531
228
501
330
447
391
516
65
446
417
697
475
559
361
68
358
359
226
419
198
66
389
530
586
558
360
418
