670
96
334
590
197
362
114
708
143
477
505
89
115
171
745
92
361
251
557
335
618
117
144
278
646
306
90
558
744
696
283
707
449
531
474
91
724
145
95
255
363
94
746
529
333
142
138
706
93
169
71
743
742
770
559
118
705
74
305
72
741
712
676
709
123
766
450
473
747
591
589
767
472
421
390
277
642
250
221
120
86
738
648
97
556
771
647
199
668
122
588
675
170
311
76
719
702
678
428
717
563
389
130
125
748
718
127
447
739
124
753
388
594
710
507
698
737
446
80
619
126
621
249
193
65
418
81
222
67
109
752
685
368
146
566
147
653
307
64
768
119
567
726
583
749
98
137
225
651
223
535
649
655
429
650
151
100
735
113
254
403
75
713
108
70
121
765
99
693
475
679
128
617
669
253
282
153
331
654
309
152
69
224
451
528
284
375
769
460
79
689
714
760
186
279
592
448
682
256
328
383
652
686
502
402
434
620
276
684
595
622
667
610
332
293
616
430
733
205
674
736
42
174
716
216
657
586
568
479
184
700
243
641
156
320
401
227
391
194
779
775
605
16
495
56
656
165
233
530
294
461
758
303
433
782
731
701
43
150
711
4
695
683
266
162
634
677
728
149
374
246
324
623
740
506
412
730
469
172
611
299
411
148
639
468
624
330
82
662
304
764
104
141
312
532
673
671
367
720
319
155
232
680
614
772
761
603
632
301
206
339
435
681
26
131
523
1
687
645
203
310
31
300
564
462
754
663
297
376
659
467
207
326
274
628
73
630
195
54
436
606
14
629
613
704
347
327
585
340
579
577
584
154
404
777
343
393
604
372
409
20
379
226
480
576
364
555
541
346
688
470
625
757
549
599
553
635
84
7
258
68
672
609
25
443
414
52
345
211
354
188
55
27
596
542
658
715
185
12
45
442
24
28
302
280
270
30
783
431
0
660
626
175
587
438
560
85
214
329
261
432
382
353
257
298
452
485
574
260
10
244
384
527
173
57
524
572
399
600
6
439
661
608
235
636
8
2
371
356
66
217
348
601
373
627
321
242
471
427
408
425
522
262
213
578
29
272
168
17
37
497
602
33
5
458
501
349
540
551
51
575
385
3
441
116
352
248
22
21
189
415
400
571
723
204
140
631
32
781
552
581
413
158
444
355
734
101
598
597
183
58
351
545
440
573
727
498
729
550
53
778
644
437
476
407
198
240
286
410
539
759
112
547
160
15
238
633
236
259
19
265
325
23
159
50
466
252
344
273
190
49
526
202
536
78
11
271
192
360
780
370
381
201
337
129
548
36
396
269
18
182
755
264
366
9
215
111
180
187
88
465
582
200
543
554
231
234
405
538
163
380
87
493
457
176
83
459
102
134
504
500
519
196
776
496
275
178
241
166
520
521
699
424
229
209
692
499
315
561
762
61
508
132
179
239
212
237
426
773
580
208
697
664
756
281
316
422
296
139
510
763
464
210
492
369
509
181
60
546
638
491
593
691
341
570
416
40
453
607
494
338
290
230
77
489
177
295
245
164
219
569
314
218
34
478
544
13
342
565
318
110
398
721
615
640
358
157
263
161
690
292
463
537
562
503
39
722
308
534
666
136
694
445
488
268
220
377
336
518
751
419
417
750
525
323
378
357
287
490
48
285
513
406
637
291
643
288
133
38
511
359
41
247
612
59
397
35
386
191
387
395
47
317
392
665
63
46
365
481
423
322
167
62
456
267
105
533
106
486
512
482
732
454
289
517
313
487
725
103
