405
377
376
657
350
433
404
378
349
574
379
403
348
432
656
406
248
351
375
513
347
573
485
567
658
572
659
320
566
660
276
545
275
346
568
460
380
329
304
274
514
247
486
595
357
249
459
546
431
538
407
319
65
408
273
352
330
285
686
571
323
154
153
434
594
661
685
298
390
219
575
303
543
484
245
302
366
600
690
438
163
301
246
617
152
687
508
541
0
569
547
221
479
322
35
601
721
7
321
331
781
633
111
677
475
688
15
112
684
512
333
18
616
373
544
522
342
402
193
258
446
332
540
518
29
257
623
158
196
550
270
654
466
9
420
62
689
481
622
370
756
683
374
44
83
167
599
445
437
292
188
192
596
618
140
13
528
151
88
80
630
699
6
74
259
305
277
527
727
652
729
653
297
716
159
644
521
175
500
494
697
210
242
278
217
353
191
539
341
548
324
537
284
520
137
473
291
510
597
509
220
358
501
691
551
200
482
253
86
451
499
160
106
209
229
325
198
706
371
417
22
203
447
40
410
72
556
176
624
178
204
205
228
723
56
632
36
314
208
483
559
212
269
318
39
59
231
1
389
430
592
753
625
38
251
107
218
511
361
134
165
570
602
92
565
369
554
381
226
629
237
75
67
587
133
232
579
531
532
526
109
435
682
170
230
296
194
608
748
631
695
452
177
250
189
490
222
136
676
211
223
60
166
553
236
783
309
639
264
168
77
598
581
664
190
161
582
610
757
254
609
411
619
340
19
589
519
580
487
61
89
142
207
471
493
384
439
535
746
670
549
187
335
360
287
694
286
213
85
17
780
364
197
504
641
779
14
728
337
54
28
775
645
725
225
590
747
534
