240
239
816
592
457
629
459
208
345
848
630
327
359
404
458
755
466
971
622
179
1010
711
661
313
785
743
238
819
344
850
468
818
175
501
538
489
206
597
194
326
537
710
729
977
304
648
569
212
281
620
784
797
877
505
761
591
621
882
696
815
523
408
392
440
658
460
875
48
473
678
273
722
946
391
844
524
679
880
570
506
154
188
186
360
843
199
619
312
29
684
230
787
927
786
510
176
493
928
4
384
646
209
845
249
180
235
1011
424
455
1002
842
358
550
702
876
617
487
577
616
724
991
907
992
733
712
978
181
945
328
171
611
262
196
788
925
49
197
585
609
294
599
210
742
900
631
522
820
264
870
914
783
263
959
83
581
583
899
481
305
728
913
546
856
511
130
851
852
872
204
669
618
578
697
211
680
962
200
1023
110
27
254
960
467
111
518
932
261
439
202
846
826
167
514
940
73
921
198
153
941
86
847
790
348
798
1018
1009
576
859
213
789
151
990
690
560
142
218
91
520
896
766
961
225
885
675
2
317
44
831
673
637
837
201
43
79
407
155
645
203
939
699
975
774
707
226
152
674
803
224
234
182
698
813
886
825
377
919
838
765
252
642
551
582
170
390
480
830
143
291
54
579
456
93
901
635
994
701
282
677
124
296
251
839
545
215
918
760
541
131
232
482
647
192
241
99
1003
871
972
756
902
52
893
584
397
227
822
236
318
909
187
61
425
41
802
77
169
517
513
59
471
50
888
323
793
571
904
25
737
76
9
350
250
244
174
233
794
891
841
3
986
314
601
829
253
1019
0
100
11
375
639
237
195
214
641
205
488
908
109
670
10
479
478
957
447
840
700
426
128
269
874
894
739
732
87
664
423
547
286
183
121
869
706
575
1006
672
193
835
295
951
580
878
270
567
773
734
884
970
934
983
740
804
322
47
811
66
1016
985
30
229
771
74
219
178
649
895
544
449
651
867
858
671
412
770
608
354
989
814
1007
521
922
782
775
508
166
90
632
149
933
7
119
122
926
353
125
857
159
65
485
32
976
614
834
767
163
60
801
643
744
864
610
164
28
806
185
600
757
386
887
539
1020
89
883
94
92
949
287
141
703
958
231
472
15
486
55
223
955
931
255
72
319
809
303
413
953
920
106
640
382
177
780
615
1022
915
325
873
988
257
548
861
665
938
862
792
380
963
644
21
663
995
53
604
168
549
515
217
930
836
552
16
916
416
95
173
417
120
676
297
855
316
97
75
1015
735
256
808
454
853
923
221
668
627
8
288
387
64
5
987
605
133
104
868
832
948
293
123
812
736
776
993
799
421
398
969
613
519
964
108
512
984
78
258
33
132
892
158
315
444
45
474
245
762
98
879
80
929
573
136
917
1008
150
572
162
414
228
165
101
542
667
1012
738
1017
156
243
242
139
105
148
266
126
979
791
704
349
438
543
606
912
796
586
574
371
897
248
763
954
422
777
1021
103
35
290
285
383
860
157
36
638
415
40
410
833
1000
265
745
320
114
284
484
1
451
189
366
14
70
889
46
355
821
127
42
172
516
222
12
283
708
71
968
865
409
191
442
950
866
280
147
982
854
906
146
898
805
656
135
302
769
947
966
713
823
88
924
612
381
890
536
764
379
731
903
17
772
216
965
758
190
6
452
96
943
824
389
62
695
292
935
666
634
343
393
34
453
540
910
184
628
396
388
140
31
504
445
68
997
37
559
268
709
681
810
427
138
795
346
636
974
602
633
483
365
274
81
626
863
607
568
246
827
347
693
67
705
768
428
441
980
1001
107
289
446
999
352
277
800
38
1013
937
807
730
981
741
419
113
57
220
378
450
662
996
276
26
476
973
56
603
351
321
356
117
952
300
311
39
936
69
63
137
420
112
443
418
129
134
944
727
118
102
145
23
324
19
779
956
370
905
259
58
465
998
116
357
448
20
160
753
687
385
1014
1004
22
267
13
144
477
781
535
433
51
1005
260
301
84
85
553
759
24
967
509
329
399
725
299
278
411
161
18
475
650
507
911
625
310
394
247
751
726
525
361
942
778
461
429
503
718
362
309
717
526
657
527
401
554
279
555
750
747
395
298
115
364
275
306
683
749
716
363
528
746
682
331
333
748
593
330
367
335
334
694
714
332
561
715
338
342
587
497
719
400
406
432
752
430
372
529
588
498
369
374
431
556
308
590
494
688
405
307
689
564
721
336
337
596
500
339
341
594
720
340
464
589
368
373
558
562
557
530
499
496
495
595
532
462
563
463
531
