654
723
492
686
659
691
652
655
660
623
4
653
491
685
817
565
490
754
436
435
816
272
457
785
692
598
2
755
271
27
199
624
29
629
469
533
566
249
784
597
188
489
186
254
786
818
82
592
230
815
200
281
458
48
849
304
881
167
787
434
197
207
240
620
722
239
619
402
437
819
470
630
376
661
313
534
648
684
783
848
459
198
403
1010
327
262
440
273
326
208
154
179
501
502
724
696
91
710
468
439
345
153
599
407
175
617
631
850
622
537
59
49
263
460
743
196
61
569
658
194
238
201
756
616
505
585
282
466
510
797
690
181
761
788
83
218
348
927
882
523
264
171
711
93
359
591
392
344
232
152
251
294
408
206
538
729
424
41
261
169
212
3
305
73
471
473
155
202
151
678
618
180
404
25
176
977
928
0
317
425
971
877
991
166
187
215
100
880
946
511
130
358
182
250
679
913
875
124
577
826
520
742
959
1023
455
733
870
925
914
233
856
702
669
252
350
611
506
646
546
487
235
570
360
522
209
609
384
170
391
86
204
9
456
581
1011
900
789
43
488
842
845
992
820
318
782
872
680
550
111
426
885
584
312
227
79
44
649
52
844
825
712
583
1002
375
907
859
50
921
843
978
899
578
99
886
960
54
790
837
576
876
30
846
210
637
203
990
314
1018
699
851
728
211
66
219
932
774
766
945
226
295
1009
328
798
481
234
663
635
793
645
839
142
919
697
962
901
143
664
838
831
830
195
514
975
651
813
121
270
847
183
673
698
765
621
677
110
961
87
213
518
814
253
390
11
794
225
541
871
545
896
852
893
642
32
447
291
707
517
674
888
939
941
231
480
323
467
77
675
224
803
994
269
296
940
131
701
904
571
918
902
236
700
174
582
241
397
601
760
1003
986
894
858
229
732
214
479
869
909
567
551
670
192
829
237
513
632
521
575
579
841
822
485
840
128
1019
647
377
354
908
972
244
482
874
970
639
802
804
740
891
10
884
580
205
303
773
286
983
951
641
895
737
757
806
857
989
478
185
217
1016
672
508
780
322
47
472
985
706
122
1006
149
412
835
775
957
734
770
125
353
60
887
771
614
976
739
423
767
873
878
547
933
325
544
811
178
938
1007
608
926
449
883
163
486
828
643
173
958
53
552
744
604
539
