882
1011
9
196
175
581
203
392
202
628
171
359
815
111
546
578
696
209
851
396
564
679
204
977
837
579
176
561
440
294
820
712
130
241
271
360
914
470
344
630
529
295
652
263
1000
1023
345
426
991
394
80
272
186
875
609
870
188
575
945
879
65
729
526
395
98
16
686
611
236
775
900
177
282
728
232
33
242
836
761
710
41
877
883
228
622
658
249
235
469
391
142
250
627
946
313
959
110
1012
231
237
328
845
154
377
859
743
2
648
789
251
814
844
172
711
992
384
927
562
874
899
925
210
673
912
626
990
314
776
702
978
425
548
281
790
397
582
734
447
393
868
570
1015
684
167
727
527
82
187
808
409
671
871
919
538
872
760
876
218
888
962
697
1009
211
839
852
934
205
212
219
856
806
867
559
375
662
193
902
646
537
594
767
296
928
703
860
293
200
1004
312
680
273
695
407
155
742
1020
745
143
878
707
907
353
455
17
994
445
178
989
574
647
517
811
842
1022
932
64
7
894
226
774
831
889
884
804
869
960
744
50
838
427
547
797
773
1003
510
970
664
706
1005
843
798
857
678
151
1021
424
901
549
640
153
550
641
541
91
672
897
674
700
119
473
758
569
358
1002
544
1016
909
979
921
182
99
417
794
832
793
612
858
999
505
506
993
995
1013
539
605
614
591
567
571
865
649
996
669
201
84
516
787
315
583
124
217
643
125
444
74
25
737
938
665
243
81
791
83
283
699
31
969
802
253
788
573
221
639
89
15
828
615
141
530
896
961
478
675
971
953
826
174
792
73
93
893
892
270
213
572
215
733
317
90
713
841
904
829
596
601
739
701
29
120
670
735
173
766
861
114
254
864
1019
145
584
813
157
508
955
185
1018
757
885
280
380
920
891
248
642
784
759
348
252
623
123
122
183
179
59
783
610
441
481
325
150
44
165
87
457
55
785
923
53
286
189
922
830
54
152
637
853
602
535
807
57
540
528
693
439
762
698
604
998
214
258
952
997
821
94
390
895
27
412
944
316
474
732
663
974
21
413
422
244
988
633
866
939
957
343
428
840
117
362
886
796
973
181
805
905
931
354
681
216
887
542
560
617
482
651
771
764
442
983
799
825
297
937
30
910
616
890
85
822
786
224
76
532
926
269
543
948
95
765
164
862
777
497
522
833
61
668
827
60
963
986
975
472
471
156
180
964
112
618
264
741
423
634
930
1017
954
908
121
915
1008
118
803
985
346
6
738
918
487
448
736
88
603
329
149
613
364
86
863
929
984
520
429
780
56
968
139
234
824
24
855
779
916
52
1001
23
943
147
951
593
1014
956
476
437
965
632
503
106
274
22
801
191
266
600
410
477
92
416
386
490
511
518
958
924
184
731
246
169
621
494
823
350
475
800
812
289
650
631
458
987
949
709
129
515
635
257
947
126
607
835
763
34
220
906
318
58
144
911
677
245
302
551
430
795
585
976
933
28
163
223
75
966
726
284
730
135
158
277
854
190
704
449
676
466
347
1006
489
159
192
387
276
599
972
740
459
873
434
107
46
285
388
521
507
71
486
645
636
378
146
320
708
288
247
809
268
8
666
43
379
267
606
361
222
667
363
514
936
638
980
311
18
72
11
705
26
834
162
300
769
70
105
509
116
78
454
725
519
479
1007
655
536
513
982
443
166
724
103
504
644
310
20
51
941
436
512
898
291
278
104
45
418
552
287
592
389
40
768
523
461
917
810
723
778
349
770
456
140
299
4
935
260
62
309
10
488
485
3
903
12
131
480
420
690
148
756
225
13
365
620
279
421
942
524
411
747
435
5
97
950
115
42
755
619
415
746
256
782
940
398
438
751
683
0
404
275
168
694
37
967
403
419
493
498
484
101
483
304
568
468
465
586
625
491
356
14
330
138
47
301
772
525
113
63
716
717
342
553
67
102
109
38
385
351
382
108
352
460
136
255
981
357
321
682
554
754
555
298
500
290
161
160
19
383
133
563
1
446
128
77
492
781
450
132
722
748
292
134
558
402
100
303
331
590
714
233
305
687
451
453
406
265
495
718
414
750
306
624
374
96
68
749
332
462
381
719
355
137
35
405
531
322
556
308
595
496
127
307
715
557
366
371
467
452
333
39
259
589
373
657
36
588
399
587
372
338
69
341
499
431
433
340
334
464
335
656
323
463
432
324
370
753
720
752
689
339
688
367
337
400
401
369
721
336
368
