370
342
371
343
316
221
315
344
317
428
107
293
67
71
37
372
398
735
314
195
193
39
748
38
194
287
369
766
42
23
476
752
91
694
28
281
725
728
733
386
249
345
48
75
46
780
54
723
3
289
50
81
225
278
115
286
27
348
771
672
751
695
763
40
197
731
110
744
21
455
365
762
2
191
166
703
253
767
779
139
716
743
103
36
10
113
17
643
364
288
645
400
138
456
69
20
335
254
35
52
85
337
170
168
665
399
137
163
14
729
366
284
363
112
57
775
266
444
504
265
587
341
641
311
389
196
644
313
88
590
32
617
427
756
167
62
29
414
387
422
226
9
133
198
140
599
11
132
111
15
285
423
83
257
490
7
333
611
420
90
699
639
238
162
600
80
719
525
734
219
143
376
377
6
0
616
109
321
104
105
738
258
60
13
259
552
106
664
260
251
154
211
709
262
475
532
727
378
65
704
629
463
349
415
521
161
92
155
628
464
426
164
425
640
516
160
233
220
131
721
544
712
385
336
724
586
630
417
443
8
497
294
34
223
45
261
388
127
496
708
491
309
579
732
181
413
404
49
492
192
142
18
764
419
89
484
248
689
320
232
446
184
683
95
610
681
520
134
212
190
631
397
465
493
472
359
524
436
312
358
627
584
231
682
74
757
157
648
213
469
659
187
545
680
416
526
515
454
227
19
543
432
711
470
357
239
713
445
183
684
188
632
553
350
662
519
405
554
685
514
679
710
186
61
94
158
185
411
686
159
384
437
658
657
128
556
714
660
235
205
97
598
468
570
485
527
247
214
687
462
135
483
652
256
96
620
612
442
182
412
229
656
439
206
204
102
471
410
571
441
207
409
453
203
606
479
130
551
534
542
189
208
438
129
517
466
580
636
340
383
431
626
670
741
77
403
597
353
688
99
440
76
494
555
70
230
382
354
100
375
101
352
322
215
501
678
650
245
498
216
200
596
209
717
217
499
737
218
267
234
435
381
489
528
653
661
351
210
605
691
72
136
500
654
356
718
715
518
546
126
607
655
380
649
98
609
633
581
368
172
624
73
459
68
569
677
635
246
467
177
473
663
692
608
513
578
690
512
482
539
488
593
360
601
541
241
275
623
156
240
707
625
634
153
742
651
481
290
301
720
355
522
582
274
583
47
706
202
547
739
176
272
540
273
637
347
511
152
228
330
622
373
460
66
302
604
108
495
149
303
300
421
408
283
401
507
577
180
236
201
567
457
568
331
255
237
508
244
480
329
178
121
122
592
595
509
119
740
461
406
93
292
537
572
666
433
565
753
638
276
770
746
120
781
16
705
510
429
379
318
548
474
424
252
407
125
150
621
339
396
523
179
549
745
591
747
141
123
594
43
563
777
271
536
173
538
603
573
124
736
280
307
148
78
769
646
576
367
151
145
722
564
458
503
773
693
647
550
451
243
395
615
146
174
324
430
64
602
506
175
199
560
452
282
319
118
535
165
362
749
325
667
589
486
619
529
25
557
59
783
1
760
326
434
4
698
250
447
531
559
774
56
575
332
12
487
86
759
277
671
295
505
242
22
390
224
147
361
782
51
566
58
761
449
169
310
87
392
726
696
697
79
669
30
765
772
533
402
44
758
574
673
585
393
222
561
588
26
730
502
114
750
478
700
702
768
24
53
477
327
82
642
394
558
5
63
41
618
31
668
676
338
84
55
613
614
116
270
701
33
778
754
448
268
308
279
263
144
304
755
562
674
391
328
323
117
776
171
418
297
374
530
299
450
675
298
334
264
269
306
346
305
291
296
