502
685
488
749
653
741
367
51
530
612
120
139
237
128
281
592
252
762
421
121
401
124
286
656
166
238
293
760
195
657
709
573
70
228
75
253
86
750
655
267
360
42
646
569
480
667
602
210
437
429
266
73
744
127
81
594
717
716
712
100
618
770
36
39
614
541
584
580
763
515
49
568
48
47
555
193
591
256
752
418
650
88
622
640
528
566
169
340
391
775
126
123
122
611
766
475
513
514
45
595
80
114
544
748
390
639
586
76
294
109
331
765
303
50
143
89
451
505
332
335
307
41
389
739
642
567
582
472
666
312
99
621
142
769
77
225
529
37
613
610
675
450
40
361
250
115
95
98
104
670
90
477
449
585
747
78
641
69
669
583
362
668
278
590
71
558
479
556
91
719
43
251
72
74
197
764
44
64
94
138
97
557
503
92
93
96
79
306
67
724
696
334
