44
45
41
40
254
240
16
298
304
226
248
487
486
12
282
371
586
268
39
328
614
404
238
38
55
252
543
514
542
309
400
533
270
224
43
31
271
13
429
532
269
642
308
504
615
213
781
42
17
253
155
35
54
348
757
157
732
53
51
49
485
756
280
431
727
294
705
37
780
212
47
99
87
241
30
154
182
430
86
672
700
493
214
728
670
58
242
281
48
151
759
33
701
645
11
265
141
186
50
459
782
505
704
197
783
264
10
644
34
589
373
209
85
515
140
421
111
114
671
733
52
401
761
365
760
27
587
23
354
588
9
57
29
142
726
477
7
109
643
703
571
592
393
46
1
336
729
103
196
420
15
36
19
457
207
3
59
758
121
185
364
149
225
403
596
561
337
22
449
32
375
26
763
147
402
113
112
560
372
25
206
775
392
675
616
83
181
299
28
673
702
0
617
127
699
476
84
754
110
374
495
2
263
779
261
129
753
674
179
169
347
755
56
260
448
210
115
233
677
236
293
355
291
382
6
232
492
297
731
319
349
305
767
5
21
167
24
18
8
346
647
762
316
317
289
135
318
82
735
676
163
61
139
437
777
383
20
345
778
751
168
765
249
769
439
89
295
353
749
60
79
166
381
88
453
773
320
679
771
734
344
747
774
277
321
776
325
766
138
750
723
768
741
764
107
221
745
220
193
164
772
770
748
136
678
192
740
746
744
