707
648
744
76
169
363
739
676
708
311
767
768
679
766
148
588
595
279
410
145
307
130
649
127
100
128
636
620
646
224
47
678
91
609
479
616
507
495
594
151
577
321
746
69
350
371
117
209
143
706
591
175
174
369
738
701
499
339
158
684
424
212
409
343
23
412
626
243
210
749
215
119
39
650
289
95
320
181
216
566
115
294
186
772
624
112
86
322
758
27
116
619
187
135
572
599
380
426
754
602
567
629
462
253
461
349
525
8
589
351
153
568
401
440
583
570
384
782
230
114
54
480
434
433
156
437
400
89
374
590
672
345
323
20
661
183
121
93
714
354
403
431
436
471
652
622
235
180
155
578
668
179
381
439
152
213
469
176
348
467
408
208
671
658
204
560
526
1
757
745
126
201
748
259
667
600
234
177
124
579
382
573
451
662
402
627
407
373
524
693
598
728
125
413
317
604
242
553
581
344
245
603
555
653
17
147
628
383
182
571
438
6
16
265
146
618
673
154
607
563
352
468
720
24
597
730
630
601
149
10
141
404
498
316
405
655
236
84
554
56
442
657
44
698
5
85
470
122
557
319
55
660
496
700
340
406
178
325
261
385
272
523
25
726
552
225
441
659
353
184
632
564
635
231
258
0
238
742
776
53
120
266
207
303
605
324
203
644
29
458
123
241
233
731
60
654
264
270
656
608
302
460
79
4
326
569
262
356
379
375
290
528
189
623
26
580
227
435
347
172
522
150
386
22
366
111
237
759
211
551
737
295
332
415
452
634
372
677
497
611
292
775
263
378
606
64
291
240
196
770
377
318
229
271
466
283
633
399
541
202
513
725
239
269
301
430
464
596
539
118
31
268
346
735
545
506
631
300
696
256
338
705
651
7
232
527
500
543
504
465
142
173
267
132
740
484
331
478
67
454
327
368
561
376
621
771
562
255
296
355
702
542
584
309
425
15
752
514
695
14
299
736
297
485
544
298
390
81
448
473
139
612
144
502
200
59
387
199
361
751
733
68
66
336
308
170
254
559
529
328
171
282
586
65
257
614
80
329
388
228
734
417
359
389
530
358
531
330
474
391
558
447
501
226
503
198
419
360
475
697
446
418
