705
368
734
446
360
418
742
733
358
330
771
731
249
144
359
328
396
737
751
745
770
677
116
506
738
329
695
370
740
736
397
369
172
562
255
774
221
299
735
343
324
148
351
561
746
744
398
417
732
371
772
697
706
283
344
132
353
768
345
388
151
326
355
720
220
385
357
535
331
342
399
316
501
400
680
424
372
356
741
327
209
164
332
667
24
767
189
500
425
464
175
384
15
665
348
354
682
185
196
383
300
341
423
694
643
615
491
349
31
710
83
152
163
725
211
373
184
386
7
111
315
478
463
700
183
22
317
112
350
14
181
245
584
182
756
692
233
471
0
672
661
141
84
147
387
165
29
612
57
180
21
668
20
28
54
644
609
428
462
652
626
219
759
27
683
303
23
476
18
664
589
56
757
730
2
563
248
727
511
314
755
1
691
624
681
19
553
130
210
499
520
619
564
702
473
648
647
