278
477
505
670
197
114
143
96
117
69
142
145
71
335
588
333
559
364
277
251
362
250
138
558
724
122
613
361
306
70
421
12
450
86
449
761
532
169
72
621
334
617
75
74
94
557
305
616
760
642
586
120
115
594
363
422
76
281
479
253
753
97
229
255
162
225
161
118
608
649
646
222
256
104
78
146
635
246
620
144
622
595
100
113
34
568
587
147
43
98
507
228
628
636
585
227
590
128
769
36
93
99
95
194
663
607
92
259
199
166
698
570
108
73
641
707
556
541
260
767
578
723
37
77
633
109
331
582
332
389
119
82
13
223
758
216
609
211
691
90
712
89
141
238
777
618
577
531
530
653
88
273
687
580
631
42
765
779
50
124
3
662
2
280
701
195
606
660
231
775
230
463
30
311
569
52
491
675
239
674
645
513
676
708
16
240
591
757
747
648
540
589
782
681
683
123
629
21
392
605
671
451
91
131
27
49
543
252
686
571
634
179
200
178
476
598
567
709
57
693
583
127
183
4
542
783
304
488
722
28
219
10
243
730
393
739
8
274
210
217
659
174
623
33
156
269
700
101
163
592
431
547
284
516
254
234
678
184
579
728
20
312
29
596
188
170
17
24
5
181
152
242
408
133
215
26
610
658
603
51
164
480
325
58
209
566
55
766
755
436
432
186
171
372
563
384
349
25
182
159
637
377
237
673
293
719
192
153
781
244
405
112
726
685
390
576
690
53
764
212
203
324
266
352
672
177
654
380
575
581
639
261
535
19
236
435
745
546
519
669
518
664
661
121
193
549
599
279
235
506
381
84
32
560
307
600
539
548
160
38
413
56
321
62
214
682
729
125
187
632
780
746
319
201
744
110
296
749
23
206
366
655
54
650
433
772
35
208
692
550
515
85
754
265
61
180
460
241
552
627
373
1
597
684
689
130
258
652
204
83
0
601
313
185
63
619
644
320
743
727
626
472
326
173
301
205
555
665
149
624
657
630
706
426
190
176
714
87
508
495
498
715
538
158
9
759
140
699
337
31
420
310
202
111
762
680
458
218
245
249
696
129
656
625
489
191
302
367
679
102
573
45
286
717
81
467
524
499
168
376
7
290
213
771
514
6
741
710
768
404
544
60
299
18
64
343
711
554
268
536
490
713
593
523
526
525
512
303
288
341
11
448
517
748
175
189
339
702
502
522
233
716
297
440
345
328
574
602
529
385
22
315
453
770
638
154
461
756
442
107
718
651
511
773
551
134
232
667
262
348
132
196
763
720
584
553
497
283
342
778
116
172
736
347
735
346
275
272
327
504
407
353
263
400
295
167
457
340
527
287
688
207
267
604
150
264
379
365
737
276
105
48
285
382
270
731
317
371
139
484
510
452
394
354
721
291
468
271
409
487
695
289
520
412
344
611
469
545
572
430
703
441
411
68
459
478
103
292
403
406
615
155
486
298
151
725
410
528
464
534
496
308
136
66
462
378
148
401
247
318
454
738
370
314
79
126
470
677
752
439
294
482
65
44
15
395
396
466
481
41
316
437
434
521
386
356
471
485
427
509
46
157
67
359
224
357
360
666
