529
434
561
498
530
399
465
562
433
593
466
497
435
400
626
658
398
625
661
428
594
367
397
436
659
403
363
396
432
395
366
431
437
467
528
560
427
394
362
364
499
402
531
660
365
693
404
469
331
468
819
332
405
373
342
429
368
341
850
684
372
977
333
820
714
501
849
406
330
847
374
662
401
1009
848
716
315
500
563
781
816
818
945
301
913
715
340
881
300
426
851
334
746
749
329
627
814
189
504
472
309
299
1004
694
1005
283
748
347
375
533
536
307
464
361
813
335
879
508
49
846
302
782
880
31
473
80
845
682
540
308
346
882
747
81
310
1010
440
527
438
713
272
657
343
808
1006
878
422
974
17
476
780
809
779
298
865
252
844
232
390
726
16
124
248
581
789
788
113
122
810
95
817
759
455
48
63
683
98
306
750
58
841
532
274
190
273
910
235
236
914
221
311
614
573
807
386
75
384
613
303
316
776
735
496
47
1003
389
259
768
57
1001
357
269
407
385
88
267
796
582
706
321
874
242
92
745
266
717
304
646
784
152
640
942
606
282
1011
575
507
704
744
275
777
35
230
703
875
615
639
869
737
284
896
29
678
65
183
454
821
74
709
1013
104
270
90
379
216
220
93
888
763
934
633
842
217
692
572
15
911
352
112
542
760
742
204
247
228
18
354
215
27
253
201
197
946
30
783
210
859
520
710
233
157
177
279
1015
897
868
260
103
441
764
153
892
979
811
258
519
580
583
1014
903
705
421
356
902
812
271
139
999
736
978
797
935
828
840
551
799
973
778
448
795
823
328
883
895
758
922
234
798
452
920
222
73
200
852
97
475
146
125
2
297
891
1012
127
209
674
516
511
671
899
775
976
929
926
672
261
418
1022
938
64
96
912
251
89
205
416
919
350
866
647
171
37
158
870
291
943
119
740
99
907
889
641
486
612
227
549
741
860
46
237
700
314
66
445
194
843
1016
727
196
393
510
1023
877
969
699
767
322
731
679
505
815
962
134
262
240
59
898
604
141
355
164
148
28
206
100
864
145
118
106
644
730
951
792
548
444
960
610
290
698
223
901
276
800
423
268
1
149
336
708
517
834
420
391
853
353
918
388
998
358
829
832
67
997
924
131
873
126
87
241
890
408
762
280
243
925
541
477
801
325
38
263
732
144
184
68
702
928
292
643
518
645
324
62
130
56
677
6
1000
170
102
576
317
121
105
970
509
1020
123
137
199
34
854
1021
229
446
44
608
182
26
791
961
91
921
676
839
185
668
931
930
94
32
411
107
191
992
79
673
250
447
975
965
947
980
294
277
578
827
159
952
734
479
915
198
571
419
320
933
893
318
858
738
991
958
208
287
116
607
264
278
894
908
944
804
129
539
36
707
550
55
712
60
642
439
953
544
176
76
824
115
984
150
296
70
831
140
5
485
867
967
128
537
412
484
802
861
765
772
923
766
231
165
143
417
132
1002
138
453
701
836
769
163
136
265
1019
751
84
822
954
904
147
108
319
987
202
634
203
538
1017
941
887
244
42
981
257
994
826
69
937
133
207
487
574
568
993
71
151
793
611
577
950
443
939
169
3
711
450
33
101
41
339
876
830
932
293
605
603
667
545
