172
506
397
396
116
144
677
562
370
347
324
774
368
254
173
369
423
478
442
697
336
705
417
338
375
348
463
376
358
366
374
226
323
387
249
403
443
535
164
518
201
422
299
132
308
388
175
214
200
379
343
385
398
320
295
330
194
491
202
329
386
220
631
351
734
772
534
731
163
327
346
186
399
371
357
411
349
328
227
414
446
174
425
455
198
352
462
310
561
559
424
257
415
511
490
725
659
305
412
344
146
604
660
448
384
416
496
615
419
222
297
773
400
191
229
393
359
24
483
632
732
402
454
148
355
296
687
290
469
401
300
778
643
365
427
404
548
516
262
468
395
470
563
489
704
501
243
434
135
439
245
234
203
383
372
255
525
476
771
273
517
61
83
484
111
196
15
131
733
661
553
289
22
301
337
426
283
440
500
29
272
230
467
576
7
781
107
219
233
319
459
26
112
205
757
18
665
728
603
147
221
282
316
777
543
141
31
4
302
342
52
637
530
136
673
435
17
751
59
242
32
546
261
406
776
231
756
471
494
499
729
133
644
28
11
510
167
170
356
134
321
84
119
55
485
339
271
521
103
228
779
19
199
458
497
755
460
62
9
57
360
466
176
405
16
700
445
447
457
547
382
0
20
577
589
292
432
317
21
680
651
354
54
232
140
635
280
482
509
531
269
23
524
699
377
149
56
681
259
512
154
782
617
783
1
620
25
413
60
645
218
486
527
5
13
481
542
106
703
441
33
678
102
522
461
507
270
473
600
117
129
192
155
648
550
190
162
420
758
537
3
130
101
311
599
204
636
628
629
110
574
274
671
453
571
498
541
564
539
578
545
150
35
304
157
34
345
601
161
364
552
487
606
223
523
113
12
596
58
160
70
538
392
540
570
647
333
118
760
619
156
224
128
195
48
723
63
284
105
726
444
38
761
51
508
614
674
536
607
108
753
572
69
698
46
87
166
36
100
592
47
421
68
49
75
646
569
602
73
50
618
580
451
65
193
591
88
169
90
66
67
