447
578
695
504
281
679
159
152
560
2
735
691
151
189
14
754
208
315
188
269
27
706
736
408
187
177
82
740
660
403
240
350
707
6
279
179
676
10
658
737
285
780
260
462
264
85
721
727
532
434
120
332
616
287
711
246
317
720
265
588
253
168
171
493
8
683
157
248
551
609
353
252
30
745
402
606
345
664
244
579
125
463
768
694
215
288
502
480
627
313
474
436
713
710
314
389
488
137
515
625
381
318
554
465
692
624
586
361
663
209
430
608
775
688
165
702
217
373
738
513
693
452
124
297
211
587
514
431
715
630
597
464
652
346
216
657
654
767
153
475
746
181
544
718
180
623
325
139
256
178
390
275
418
183
184
565
708
212
743
243
363
114
121
686
638
401
277
303
182
659
684
267
742
649
374
409
367
239
142
685
749
653
741
612
237
555
126
435
762
391
276
656
81
687
286
238
293
39
89
709
573
437
770
86
750
655
42
667
528
210
266
340
744
50
752
127
594
294
717
716
584
712
618
622
580
763
568
451
80
193
591
650
122
88
640
621
566
169
90
225
143
123
558
611
76
766
37
45
595
748
639
109
765
503
505
77
529
335
307
41
739
642
567
582
472
666
312
99
769
40
675
479
613
610
450
250
115
64
95
98
104
278
91
670
590
477
449
585
747
67
78
641
669
583
362
668
71
556
719
43
251
72
74
197
764
44
93
94
138
97
557
92
96
79
306
724
696
334
